5000 5000
1108 1945
4773 0
1781 0
429 0
0 4644
0 962
1575 0
0 3163
0 2406
1867 0
1696 0
0 4631
1550 0
4297 0
573 0
0 1019
3123 0
0 1239
2320 0
0 4304
4225 0
2673 0
0 3561
0 1036
0 409
487 0
0 3797
0 1387
3657 0
4843 0
2547 0
0 1607
583 0
1378 0
2449 0
457 0
3621 0
0 4919
2310 0
577 0
0 2316
210 0
0 3942
4008 0
0 323
0 1914
0 2139
0 3554
0 2973
0 860
0 4216
626 0
0 0
0 3192
2550 0
0 1481
0 4918
1748 0
0 3780
0 4519
4330 0
2331 0
0 1363
4262 0
0 714
0 4340
0 4224
0 217
0 2574
516 0
3477 0
188 0
3787 0
460 0
448 0
0 2780
3287 0
0 391
2613 0
0 4833
0 2578
2682 0
0 4168
0 2743
572 0
3085 0
456 0
0 1034
488 0
1695 0
3365 0
0 4355
765 0
0 1817
0 4445
3882 0
0 1993
0 75
831 0
1405 0
790 0
0 1750
4916 0
0 4559
615 0
0 4553
0 62
0 1896
0 3733
0 279
0 1518
0 2409
0 2944
0 658
2207 0
1765 0
0 306
0 4356
0 3884
0 2855
201 0
0 1939
4183 0
829 0
3136 0
0 4338
0 1669
2809 0
0 4247
786 0
0 945
4460 0
728 0
0 3586
0 1800
3578 0
0 2784
2299 0
299 0
1346 0
4068 0
842 0
0 3362
4035 0
521 0
0 916
0 871
0 3996
0 3194
0 1911
1825 0
0 1311
1874 0
0 2692
297 0
0 2116
3587 0
3015 0
0 4165
464 0
0 1789
0 3831
0 815
558 0
4974 0
3401 0
0 2860
3813 0
4184 0
579 0
1811 0
0 2562
0 1527
0 903
2945 0
3885 0
0 825
0 348
172 0
0 3809
0 1580
2467 0
0 4926
0 332
0 3522
4527 0
0 3924
0 3383
0 3995
0 1321
0 3943
0 545
3650 0
0 2337
0 3856
3463 0
0 3887
0 2396
0 3646
0 832
0 4378
67 0
0 486
0 2089
0 4785
0 1208
3009 0
0 3643
4800 0
1698 0
611 0
0 1870
0 181
0 1351
0 1192
0 3083
0 518
0 3013
0 0
0 4529
0 3678
2464 0
0 1224
0 921
0 199
0 2380
3713 0
0 4284
0 2225
2111 0
302 0
2280 0
0 301
3345 0
0 3804
0 846
408 0
0 912
4654 0
1341 0
0 2539
0 3299
3879 0
0 743
0 2935
0 587
0 2513
0 2242
3829 0
2001 0
1756 0
2261 0
0 2135
0 1065
3853 0
1608 0
2869 0
0 3792
0 3051
0 1729
0 0
4077 0
0 2520
3607 0
0 3308
1480 0
4382 0
1139 0
0 4143
0 3618
4048 0
1964 0
2933 0
0 4765
0 660
0 4013
2233 4931
3042 0
0 874
0 3305
0 681
0 2599
0 2534
0 634
0 1062
0 2631
4362 0
1112 0
0 3007
4867 0
2741 0
0 2893
2084 0
2899 0
3495 0
1980 0
4810 0
4067 0
0 3915
0 1933
2796 0
171 0
500 0
0 1175
0 434
526 0
718 0
0 1916
0 575
294 0
0 2949
0 4581
1501 0
0 282
1645 0
0 57
4648 0
4248 0
863 0
4308 0
4886 0
3205 0
0 3398
0 1898
116 0
0 4205
0 193
0 3972
0 784
523 0
0 1641
4459 0
0 254
939 0
2180 0
0 581
0 3115
0 4501
2774 0
0 4210
1461 0
0 4204
0 2282
4612 0
0 528
122 0
3068 0
717 0
0 2271
0 4661
1803 0
1595 0
0 2847
1959 0
1068 0
0 1624
0 2050
3316 0
0 4477
1462 0
1526 0
4132 0
0 680
0 2161
0 1391
1656 0
1247 0
0 3497
0 316
0 4856
0 1284
0 4848
1795 0
4592 0
2204 0
2732 0
0 4734
1852 0
4479 0
3402 0
492 0
0 4729
0 4396
0 1356
0 839
0 2863
0 2600
0 2412
1123 0
0 571
0 3567
806 0
0 4627
0 1287
2269 0
1576 0
4784 0
4832 0
2295 0
4930 0
2738 0
2029 0
2274 0
2920 0
0 4690
0 1440
0 3751
0 4558
0 4464
3261 0
2911 0
3544 0
0 4043
0 2960
53 0
2917 0
4100 0
0 3221
0 2408
1264 0
0 0
3980 0
0 2937
0 2906
3800 0
1417 0
4890 0
0 4650
0 624
0 398
0 3055
3603 0
0 895
3384 0
4524 0
0 1453
0 1354
0 992
3820 0
0 185
152 0
0 1012
1654 0
3906 0
0 3897
1051 0
1383 0
0 1380
712 0
0 3077
0 134
3437 0
665 0
3016 0
0 560
0 3415
2123 0
0 1754
0 670
1423 0
0 3001
3185 0
0 4128
0 3172
1256 0
0 257
659 0
5 0
3738 0
0 654
0 2517
0 2979
0 18
2888 0
0 228
0 1796
0 3971
0 4745
4191 0
0 1488
3379 0
0 4842
2007 0
0 650
3725 0
0 703
2603 0
0 2014
0 13
3283 0
0 1215
1375 0
0 1237
0 2038
0 1627
0 3637
4383 0
1009 0
741 0
2790 0
1862 0
0 4755
389 0
2491 0
1883 0
0 1498
0 4275
0 3940
0 1052
0 908
4367 0
2728 0
0 250
4536 0
12 0
4670 0
0 3156
3319 0
2770 0
2045 0
1809 0
768 0
4601 0
0 2535
0 3636
38 0
0 894
1776 0
0 192
4038 0
0 264
0 4921
1232 0
0 3638
3540 0
2833 0
1416 0
1119 0
0 3632
0 4400
4463 0
4017 0
0 2073
3505 0
2555 0
1409 0
0 3850
1100 0
0 1231
1004 0
1180 0
386 0
0 2998
0 2487
0 3235
0 379
0 685
0 4881
4171 0
0 4193
0 1283
0 2573
0 4447
1786 0
0 1396
0 2342
0 3954
0 4257
3764 0
417 0
527 0
0 4375
0 2376
4473 0
2413 0
0 2504
4735 0
2343 0
0 1855
19 0
3682 0
0 355
4215 0
4348 0
0 2781
0 872
0 943
0 1235
0 357
1352 0
4838 0
0 3307
0 664
3962 0
0 371
79 0
0 4672
1465 0
0 4129
0 26
0 2056
0 4431
1064 0
0 1751
4884 0
0 594
3380 0
0 1738
3529 0
341 0
1662 0
0 4910
4237 0
3564 0
0 2635
2456 0
0 4151
1868 0
4866 0
0 2675
1584 0
4977 0
1903 0
4701 0
0 1769
0 1058
795 0
0 1029
0 2912
0 1091
0 2388
2247 0
0 4552
3148 0
3061 0
0 1919
0 1702
2086 0
2787 0
0 3176
51 0
4388 0
2669 0
1621 0
2997 0
2501 0
3793 0
4369 0
1998 0
4904 0
3773 0
0 2536
137 0
3488 0
0 2288
0 1098
0 1605
555 0
0 430
0 4270
2420 0
4449 0
0 4740
0 3032
0 1109
68 0
0 2445
4781 524
0 1773
0 3108
0 3147
0 1189
3908 0
1466 0
2597 0
0 3239
0 1742
4542 0
3432 0
4859 0
3119 0
0 1298
4496 0
959 0
0 4466
4793 0
0 4303
0 954
0 4915
2575 0
2915 0
0 3932
0 1199
0 1090
1686 0
2902 0
0 3552
270 0
0 1932
0 1318
0 8
0 3053
0 3756
0 1106
4709 0
0 3435
1171 0
0 3159
1732 0
4426 0
1629 0
0 61
0 3902
0 2967
502 0
0 4777
0 1531
1924 0
0 4240
0 3778
3840 0
1664 0
0 2909
0 4498
1835 0
0 85
0 404
0 3983
4815 0
2214 0
0 2884
0 114
0 1212
3111 0
1882 0
0 1910
0 2522
0 4564
0 3072
0 1137
0 3519
3965 0
0 767
2827 0
308 0
271 0
4830 0
0 1521
0 366
1435 0
3874 0
3121 0
0 205
4774 0
2392 0
0 2651
3947 0
0 4141
1772 0
1151 0
2399 0
0 4685
0 1209
0 3928
0 2400
0 421
0 2544
0 1258
1158 0
0 2006
0 3782
0 2764
2938 0
4387 0
2591 0
0 3627
3899 0
0 2077
321 0
3295 0
2636 0
4299 0
0 3212
442 0
0 3786
1539 0
21 0
0 1315
0 1063
0 15
219 0
0 2453
0 2872
4984 0
0 533
0 4938
0 4461
0 4829
0 2918
66 0
4159 0
0 1653
2067 0
0 3808
0 1622
0 906
0 4632
0 4384
3066 0
1915 0
0 4641
4438 472
2091 0
0 1471
2260 0
2147 0
0 4253
1478 0
1445 0
1455 0
4502 0
0 1620
4056 0
0 924
0 3772
0 2143
3593 0
0 2476
0 3412
0 154
1604 0
0 920
0 3911
3883 0
0 2746
247 0
3805 0
0 4521
0 3186
0 209
0 3052
0 4399
0 2822
4936 0
0 2923
4345 0
0 2255
0 4089
0 2655
0 1479
705 0
0 983
2552 0
0 1053
2347 1523
113 0
3453 0
4887 0
0 2182
4391 0
1635 0
1513 0
3631 0
0 3173
0 4047
0 418
2806 0
2384 0
0 318
805 0
0 2177
0 4360
2421 0
0 1934
0 2771
0 478
1887 0
877 0
0 3986
3008 0
4192 0
4623 0
1532 0
0 996
4311 0
2543 0
3360 0
300 0
0 3921
0 3524
4462 0
3043 0
0 2101
0 4912
29 0
0 3817
0 4380
2699 0
0 1126
4481 0
0 3576
0 157
0 4526
0 2753
1808 0
4806 0
0 4677
3114 0
883 0
3896 0
0 4109
0 867
0 900
0 2786
0 890
0 276
0 1987
0 2898
0 3534
4276 0
0 4844
1497 0
0 1821
694 0
0 2900
4646 0
868 0
1257 0
0 2030
0 4365
0 4679
1071 0
3198 0
998 0
2385 0
1724 0
0 4891
1492 0
1345 0
0 3673
0 2146
1902 0
0 2325
0 3476
0 2874
0 2273
0 504
0 3977
0 4671
1358 0
2433 0
0 4965
4175 0
0 3397
0 4135
2903 0
4728 0
0 3893
4377 0
1362 0
0 4023
0 593
3532 0
3663 0
1505 0
0 3232
2195 0
1953 0
0 1827
0 3568
3220 0
637 0
0 4556
0 2013
2017 0
4030 0
0 1360
0 2160
0 2238
2813 0
2533 0
0 1001
3420 0
0 876
3039 0
1136 0
2812 0
4935 0
2069 0
0 3385
789 0
3611 0
4220 0
0 3964
1519 0
0 1428
1319 0
0 780
0 1474
0 2015
4379 0
4942 0
2674 0
0 804
2028 0
0 4988
0 2963
0 2181
0 3920
989 0
944 0
0 4951
4874 0
3545 0
2124 0
0 0
0 1601
0 844
4651 0
3599 0
2438 0
2043 0
3216 0
1830 0
3958 0
0 4618
0 4512
0 2363
0 1691
3310 0
3742 0
0 2072
3718 0
2411 0
0 3024
0 1925
1617 0
866 0
0 4878
0 1042
1619 0
0 360
1128 0
0 1929
4179 0
0 1419
0 3233
0 2975
0 1865
0 3674
0 669
0 424
461 0
1661 0
0 3846
0 1992
686 0
0 3284
0 4071
3889 0
0 1210
761 0
0 3190
2566 0
0 1118
0 2604
3352 0
716 0
0 2309
4826 0
2598 0
0 3238
0 1741
0 3155
0 2704
4738 0
0 2387
4858 0
72 0
1707 0
0 1255
0 2965
3003 0
0 269
0 3438
1129 0
0 3451
3171 0
2251 0
0 200
0 45
4883 0
0 4621
0 2256
2145 0
0 431
0 494
1000 0
0 2235
4588 0
0 3600
0 1517
310 0
467 0
0 4817
0 2643
904 0
2763 2165
0 2294
4490 0
779 0
1690 0
4376 0
0 443
2829 0
2 0
1216 0
3945 0
0 450
505 0
3537 0
0 1728
0 4346
1157 0
3878 0
413 0
0 117
0 3528
0 1633
4640 0
0 4622
0 2027
985 0
3459 0
1524 0
2216 0
3950 0
0 3326
0 4853
4398 0
0 1145
3302 0
0 4121
1085 0
1758 0
0 230
0 3789
5000 0
0 4001
3581 0
0 1777
0 1305
0 4104
1148 0
1373 0
1682 0
0 422
0 1163
0 2187
2825 0
0 3466
0 1317
0 330
1790 0
0 1146
0 168
0 2279
2293 0
344 0
0 2479
0 2572
4513 0
0 3487
3355 0
0 1407
0 4600
3844 0
1303 0
0 1245
0 2797
3652 0
0 522
0 4549
2835 0
0 1349
0 3830
2818 0
0 2589
2999 0
334 0
0 3588
3165 0
0 1424
647 0
0 1033
0 463
3857 0
1304 0
4523 0
0 4769
0 3525
3298 0
3628 0
385 0
0 4325
0 1685
2063 0
0 1392
1849 0
4595 0
0 4667
1077 0
0 1307
0 1138
534 0
2226 0
2850 0
0 63
4608 0
0 2896
3014 0
3757 0
10 0
0 407
4231 0
1594 0
0 405
1663 0
0 854
2232 0
0 3886
3937 0
0 4665
629 0
4273 0
2348 0
0 4291
42 0
0 1272
4329 0
0 2488
0 3193
2369 0
0 3839
0 3278
3702 0
1046 0
314 0
3327 0
2701 0
4819 0
2444 0
0 2220
3766 0
0 1322
3573 0
0 760
2618 0
1820 0
544 0
1967 0
3285 0
0 4535
0 3771
0 2551
0 174
2060 0
2775 0
0 4347
4509 0
0 4852
4674 0
0 3791
272 0
0 1093
4279 0
0 3655
0 1840
20 0
0 1047
0 798
3975 0
0 3739
4941 0
0 3774
0 3651
3985 0
0 1687
4753 0
0 2807
0 667
4113 0
0 2263
2059 0
940 0
1851 0
0 1640
0 3023
0 3502
2407 0
289 0
0 702
0 1207
0 71
0 1131
2541 0
0 3580
0 4052
628 0
2954 0
0 3662
1263 0
1692 0
3315 0
4820 0
0 695
1202 0
536 0
0 4181
0 3577
2192 0
1901 0
4630 0
0 2956
0 1198
3623 0
0 644
0 2750
0 553
0 1420
879 0
0 4000
394 0
0 701
3604 0
0 1893
0 3779
151 0
1823 0
0 2783
241 0
3923 0
3507 0
0 2586
3427 0
0 3614
3854 0
0 2962
3475 0
582 0
259 0
4358 0
0 2842
0 1962
3891 0
3794 0
0 1238
0 3256
4751 0
1507 0
3838 0
0 3236
2179 0
3275 0
3074 0
0 630
4082 0
4869 0
0 1699
3482 0
0 4695
0 43
0 1225
2178 0
1104 0
4005 0
0 4114
0 4374
0 2290
0 4267
3807 0
0 3589
619 0
0 1553
0 3895
0 2484
4683 0
0 757
0 3399
1483 0
938 0
2696 0
0 3146
0 4484
3654 0
0 3784
4372 0
901 0
0 3318
4879 0
3826 0
0 4978
3281 0
4246 0
69 0
0 3730
0 3875
0 3866
0 688
0 3313
2581 0
0 2947
0 337
4407 0
4956 0
0 2157
0 4625
320 0
0 4619
0 2318
0 513
0 2511
0 3969
952 0
1806 0
0 2779
3680 0
4176 0
3181 0
1365 0
3763 0
2223 0
4766 0
580 0
0 3267
814 0
0 2401
0 1897
0 1749
0 4428
1844 0
4828 0
0 2715
3331 0
4792 0
1943 0
4986 0
0 4964
342 0
0 682
1559 0
0 762
3660 0
0 1703
0 967
0 4145
0 307
3582 0
746 1774
0 1076
0 2272
1836 0
1177 0
0 969
4712 0
4153 0
800 0
0 3904
0 2451
3717 0
3629 0
0 120
0 2390
0 641
0 3347
0 9
2138 0
2518 0
0 2248
2576 0
0 4659
0 4705
4770 0
3328 0
3196 0
1070 0
0 1799
4742 0
2107 0
0 0
4841 0
0 471
0 3474
0 2304
1843 0
0 1240
2579 0
0 178
0 1632
3981 0
1295 0
0 190
1716 0
0 673
3676 0
4233 0
2461 0
0 4557
0 4430
104 0
0 4058
3081 0
0 0
0 489
0 4053
3343 0
0 4223
0 1560
0 3656
0 2768
0 0
0 733
0 2708
0 99
0 4450
0 2617
266 0
0 4084
34 0
0 3622
0 933
3901 0
0 4099
0 2191
3095 0
0 4505
0 2894
1566 0
0 4341
218 0
0 4676
54 0
736 0
0 1671
0 4893
3927 0
0 2241
3366 0
0 2307
3852 0
4349 0
4816 0
0 3765
0 3556
0 3653
1551 0
1927 0
0 1740
902 0
2109 0
4139 0
0 4694
0 3358
2349 0
3999 0
0 4825
0 2983
2607 0
0 1265
4702 0
0 4046
229 0
1291 0
4787 0
0 222
0 2071
0 4416
0 2025
4222 0
0 1121
0 4206
2658 0
2358 0
1755 0
3644 0
0 2462
262 0
0 4337
475 0
0 2454
0 2694
0 267
4818 0
0 775
0 4920
255 0
0 183
0 4710
3847 0
84 0
0 4594
1460 0
0 1588
1520 0
0 288
0 3400
3306 0
0 1489
1931 0
4934 0
1361 0
4239 0
0 256
950 0
0 1290
0 1329
0 4998
0 483
4149 0
2932 0
1008 0
473 0
2688 0
0 2737
0 4664
0 794
0 3888
4014 0
0 2492
4566 0
0 1642
0 646
0 4902
791 0
0 1683
0 656
0 1496
0 4255
0 3364
843 0
0 4616
0 4593
0 3869
1437 0
2094 0
1476 0
3433 0
0 4903
0 3441
0 1516
3067 0
0 1824
1922 0
3300 0
0 1834
0 3859
0 1853
2402 0
2502 0
1592 0
1713 0
3790 0
0 2966
4414 0
1858 0
3104 0
0 2010
1837 0
3021 0
0 3591
4660 0
0 482
0 3293
1414 0
0 4334
0 2478
0 4537
3825 0
97 0
1032 0
2219 0
3919 0
3704 0
3464 0
4860 0
0 3912
376 0
243 0
0 4252
0 1490
0 3462
0 4260
2009 0
291 0
0 1221
0 3513
0 3769
0 3342
2370 0
3204 0
130 0
0 4629
0 1326
0 2646
0 4271
4669 0
4117 0
1439 0
2868 0
0 2240
0 4242
0 136
4468 0
0 232
0 4599
0 1277
3748 0
0 982
0 3858
4274 0
2587 0
0 961
2498 0
0 4435
0 818
1846 0
1600 0
0 1406
0 3065
3100 0
0 3265
769 0
0 2521
0 4514
4419 0
639 0
4012 0
0 4090
4541 0
979 0
3709 0
3091 0
2291 0
0 246
2230 0
4932 0
0 2510
0 2924
2136 0
91 0
4547 0
4423 0
0 3079
918 0
1116 0
2258 0
613 0
0 2022
0 1985
4635 0
0 3635
0 1988
777 0
0 3191
4241 0
0 315
0 2677
0 2036
1384 0
0 2002
0 870
0 4652
3467 0
3630 0
0 4321
0 4409
0 4545
1935 0
1477 0
0 3723
747 0
0 3169
0 1014
1220 0
2264 0
0 98
2632 0
0 1173
0 1398
0 1421
2720 0
0 4503
0 3661
1904 0
0 935
0 3392
3223 0
0 1966
0 2854
0 3508
557 0
3458 0
0 3938
0 2087
2980 0
3062 0
2710 0
373 0
0 3913
4422 0
0 2173
0 1399
0 4160
182 0
0 3290
1926 0
2099 0
3546 0
481 0
1084 0
100 0
3823 0
0 835
0 2494
2289 0
40 0
1243 0
0 4107
1125 0
549 0
0 1768
0 3276
732 0
1107 0
1134 0
2428 0
2817 0
0 3956
0 896
145 0
0 2200
0 2277
3584 0
651 0
0 275
3058 0
0 4782
0 1314
2594 0
4696 0
934 0
3422 0
0 4861
0 412
0 125
0 1344
0 2051
4351 0
4344 0
4997 0
4748 0
3330 0
0 1178
0 2656
1593 0
0 3229
0 2140
627 0
3984 0
1814 0
0 41
469 0
1678 0
4268 0
0 3182
0 1105
1826 0
1413 0
0 4914
0 3145
0 4546
957 0
4469 0
2164 0
3562 0
4824 0
2610 0
542 0
0 1397
0 4723
0 3130
3135 0
0 3677
0 1357
1150 0
3517 0
0 2032
0 2439
0 3864
2733 0
0 2841
2886 0
4178 0
0 4091
1612 0
0 640
4946 0
511 0
2459 0
2639 0
0 3117
3456 0
2174 0
0 4896
312 0
0 2497
936 0
0 3968
1757 0
2126 0
4750 0
2808 0
0 48
0 4969
0 4421
0 2977
0 49
4913 0
2323 0
1197 0
0 3227
0 1674
4213 0
2115 0
0 3430
0 0
3098 0
1348 0
1995 0
0 2557
3691 0
415 0
2040 0
2122 0
2556 3761
0 14
274 0
0 3125
0 2034
2397 0
208 0
0 1907
848 0
3606 0
1570 0
0 2469
0 4908
4489 0
0 4954
0 4948
0 2531
4472 0
0 4451
0 1185
0 1961
0 501
905 0
0 4814
0 2559
0 1857
0 1733
0 3150
0 2867
1875 0
2685 0
4161 0
1546 0
0 1736
0 4458
1379 0
0 170
4808 0
0 3336
0 319
0 1719
3252 0
0 2468
3211 0
0 2270
0 2079
0 2540
0 1956
0 2208
4894 0
0 3843
3378 0
1194 0
3770 0
3282 0
0 3992
925 0
0 4157
2990 0
0 1547
0 1753
0 1745
0 3161
2627 0
2150 0
0 1906
0 2650
1779 0
3978 0
953 0
2266 0
0 3440
0 2611
3640 0
4821 0
2722 0
0 4899
0 2213
3560 0
2156 0
2424 0
0 1651
0 1101
0 4604
1493 0
0 2606
0 495
322 0
0 1027
565 0
1467 0
559 0
2448 0
0 0
4283 0
2901 0
0 941
0 253
1120 0
2114 0
0 1035
0 604
0 1031
1335 0
0 1672
0 3368
0 2287
0 3277
693 0
4392 0
0 4199
0 3803
0 4485
1583 0
4952 0
2840 0
0 1218
0 4717
1268 0
0 740
0 2447
3963 0
0 4957
0 2590
0 2791
3162 0
0 1233
0 4203
1374 0
0 4692
0 109
0 2334
4059 0
2661 0
0 2339
4812 0
432 0
2319 0
0 1328
0 2913
0 147
0 3228
0 141
436 0
4987 0
0 1965
0 4778
0 3174
364 0
0 169
0 977
0 750
0 3485
2532 0
0 4294
1089 0
3386 0
410 0
0 4123
245 0
3054 0
0 1557
0 4823
0 2064
0 1895
738 0
0 2890
766 0
1783 0
2222 0
4975 0
0 311
2364 0
0 4169
4981 0
1169 0
0 2302
0 4313
0 4721
0 2196
0 4585
0 556
3863 0
0 1900
0 1132
0 1726
3900 0
0 2848
1325 0
0 2184
284 0
0 4758
4743 0
0 2740
2654 0
1577 0
0 1658
3870 0
0 4039
0 4130
753 0
0 3363
3450 0
0 143
0 2175
3626 0
4343 0
0 4992
4836 0
0 1631
0 643
0 926
0 1324
4073 0
0 636
2075 0
0 1828
0 4439
0 910
212 0
812 1459
0 2707
2927 0
4432 0
195 0
0 4892
372 0
0 4971
0 1864
0 3737
0 2430
0 244
0 3301
1458 0
3244 0
0 2039
4639 0
3848 0
0 2514
0 377
0 4070
0 2657
3340 0
3103 0
0 621
0 1873
0 1355
4235 0
1760 0
65 0
2671 0
0 197
0 928
0 4103
0 4840
361 0
1861 0
0 1613
0 677
851 0
2083 0
0 4762
0 295
0 2354
0 584
0 2987
2614 0
4453 0
3469 0
0 3549
0 3944
0 293
0 1412
4495 0
0 822
0 726
0 2925
2601 0
0 4939
4548 0
0 2693
0 2687
4525 0
1162 0
375 0
0 2994
0 4657
0 2843
0 984
4454 0
0 4649
0 862
309 0
0 1660
1614 0
4072 0
1473 0
0 700
0 2113
59 0
1251 0
3338 0
0 1332
0 2583
0 1522
987 0
0 4568
3321 0
1370 0
0 898
0 2649
625 0
4655 0
0 3828
0 4342
655 0
0 3141
0 2440
0 3531
4465 0
1976 0
2054 0
0 3289
2153 0
3512 0
1706 0
0 2858
3585 0
0 2577
0 3028
0 1747
0 506
0 2810
1989 0
0 39
3867 0
0 3898
0 3071
4609 0
0 74
2312 0
0 4424
674 0
338 0
4737 0
0 1275
3724 0
4714 0
0 2485
1390 0
3597 0
0 3642
1056 0
2988 0
0 3835
0 975
0 1616
0 2929
4207 0
1442 0
0 2062
1954 0
0 2068
0 1856
2778 0
2744 0
0 2427
0 4554
0 1508
0 1725
2645 0
0 4289
4244 0
220 0
3133 0
2333 0
0 3044
0 3086
1784 0
160 0
1720 0
0 3219
4744 0
0 824
0 2415
0 597
2149 0
0 653
2507 0
0 2372
2425 0
1798 0
0 1300
0 4411
0 4565
827 0
0 1578
1196 0
4779 0
4684 0
0 3391
0 55
0 400
2037 0
635 0
390 0
826 0
0 4999
622 0
0 576
0 4613
0 3445
0 991
0 156
0 4687
3153 0
0 4827
4236 0
1336 0
1973 0
4571 0
0 2777
0 392
328 0
847 0
0 915
0 4499
4024 0
0 2324
0 3819
163 0
886 0
0 3706
0 3993
0 3699
2644 0
0 3515
0 1472
0 515
764 0
2052 0
3027 0
845 0
754 0
0 2327
4331 0
0 849
3837 0
0 3639
649 0
0 4970
1665 0
0 76
0 4457
2326 0
1573 0
0 1153
1618 0
1236 0
4574 0
0 2362
4305 0
129 0
0 1878
0 2371
4440 0
0 3132
0 4831
0 1797
2605 0
0 82
0 2826
3966 0
1886 0
0 3997
2754 0
0 917
0 3411
949 0
3311 0
0 280
0 543
0 2012
0 1418
4834 0
1312 0
0 1634
0 3455
0 1306
0 149
0 4249
1191 0
1877 0
0 4928
0 1049
3686 0
0 1078
3634 0
0 4768
0 1534
0 3721
892 0
2398 0
4482 0
4456 0
0 325
0 4357
0 3322
146 0
2159 0
4452 0
0 4597
425 0
0 965
0 2982
0 2254
1842 0
0 2300
0 1677
0 204
0 3207
2092 0
0 4673
0 856
273 0
1948 0
0 0
2939 0
0 393
787 0
0 2490
1554 0
4434 0
0 3102
189 0
1094 0
0 224
2210 0
4958 0
1364 0
0 1712
0 793
0 1537
0 937
4850 0
0 1017
17 0
0 3374
0 374
3000 0
0 1791
0 720
3346 0
0 1623
2680 0
0 4994
2338 0
0 4164
0 4238
0 2996
567 0
0 96
3759 0
719 0
2959 0
958 0
0 1213
3309 0
58 0
1888 0
0 1556
4314 0
1512 0
3271 0
0 3855
0 126
525 0
0 3801
0 0
3142 0
3387 0
3955 0
0 875
792 0
2634 0
1792 0
4286 0
0 663
3047 0
0 4933
2788 0
0 4760
3752 0
3425 0
1313 0
3367 0
0 3218
0 105
368 0
2303 0
614 0
0 1144
0 4016
0 3090
0 4615
2166 0
585 0
1468 0
0 3933
0 2158
0 4764
4611 2878
0 4698
4152 0
0 6
0 1937
532 0
589 0
4989 0
4947 0
1787 0
3685 0
0 744
0 1599
772 0
0 3337
419 0
931 0
1464 0
3496 0
1206 0
0 2463
2976 0
4494 0
0 1603
359 0
0 3987
0 2419
0 3262
4285 0
4873 0
0 1259
0 4229
1730 0
4736 0
0 4085
3666 0
0 1892
3332 0
1219 0
251 0
1805 0
0 2189
0 3806
7 0
0 1003
0 4572
2070 0
0 1155
4177 0
0 3860
0 2751
4713 0
2602 0
1775 0
4232 0
0 2458
0 2374
599 0
0 4188
4945 0
0 2713
292 0
3946 0
0 964
0 3758
3279 0
2231 0
0 2298
3272 0
1863 0
0 4617
3247 0
4788 0
0 2516
0 1990
0 2904
0 4783
0 2008
0 447
0 44
1833 0
0 3234
1057 0
0 173
4807 0
0 2346
1323 0
3749 0
0 4483
4033 0
0 2423
4265 0
2891 0
0 2132
1097 0
0 4949
3929 0
4543 0
491 0
0 93
0 296
1949 0
0 32
3762 0
0 1670
0 4875
3050 0
0 2736
4011 0
0 4575
0 3781
0 3473
2667 0
0 3822
0 3982
4031 0
1630 0
0 2691
0 4583
0 1764
0 1433
455 0
3961 0
3020 0
2757 0
0 1647
4318 0
0 3213
0 213
2950 0
0 2023
0 2941
3291 0
0 4780
0 2457
427 0
0 4603
3443 0
4272 0
0 2989
3426 0
2169 0
1026 0
0 1102
0 370
0 2816
4776 0
0 211
0 3351
0 3381
1984 0
0 2706
0 1794
0 529
3418 0
0 4688
0 3710
0 3541
3569 0
2717 0
0 4412
3187 0
3715 0
0 617
101 0
0 4162
885 0
3679 0
3862 0
3872 0
0 4395
0 751
4256 0
4596 0
0 3025
1195 0
946 0
4898 0
0 3941
1147 0
0 3454
3693 0
110 0
666 0
564 0
0 139
3624 0
0 3361
2080 0
0 3998
0 4277
0 3675
3178 0
4323 0
0 2386
4731 0
0 1611
133 0
103 0
2593 0
3478 0
0 4789
592 0
0 2731
0 4534
2489 0
0 2628
668 277
0 64
0 662
0 1503
3012 0
0 4251
0 3457
420 0
0 569
0 3785
0 833
150 0
4944 0
4493 0
0 333
2351 0
70 0
0 3558
1038 0
0 4996
0 4475
438 0
0 1974
0 4076
1013 0
0 3608
4080 0
0 3935
1675 0
0 235
0 265
4822 0
0 1819
0 3821
0 3925
2085 0
0 202
0 238
0 1744
0 1626
0 1293
305 0
3429 0
0 2802
0 90
0 2154
4040 0
2100 0
0 52
0 539
167 0
1972 0
2919 0
0 1200
0 2568
159 0
4261 0
0 3480
1869 0
0 1579
0 1463
1369 0
0 2048
0 3224
0 4880
1541 0
0 2119
0 4845
2229 0
1030 0
0 352
0 2097
0 4704
0 445
0 540
4004 0
797 0
1011 0
0 1655
0 2285
2571 0
3349 0
1309 0
0 999
0 3824
0 3877
0 4963
2703 0
0 4905
4656 0
0 1248
0 4316
0 1166
2729 0
4642 0
2964 0
1436 0
0 1722
225 0
2792 0
1567 0
4102 0
4433 0
3152 0
4120 0
0 3230
0 2379
0 1444
889 0
0 1960
0 3242
0 3728
3158 0
1404 0
3551 0
785 3209
0 547
0 1701
0 3918
0 1841
0 484
0 3539
0 1229
0 1184
411 0
0 4097
0 2762
223 0
4094 0
803 0
0 4839
4444 0
1743 0
0 2608
2201 0
0 286
0 1037
948 0
0 331
0 3410
607 0
0 4862
0 2422
216 0
0 4326
0 4075
2431 0
3683 0
0 3395
2344 0
0 689
0 3138
0 4045
0 2329
0 3113
0 3845
0 3727
324 0
3006 0
0 1176
0 1822
0 3601
0 56
0 3325
155 0
3116 0
4697 0
3538 0
124 0
1015 0
2972 0
0 128
3297 0
0 2340
0 4209
1639 0
2224 0
1188 0
968 0
1673 0
3952 0
0 4333
0 179
0 1838
0 770
3664 0
0 4250
0 2921
0 3442
0 3489
4354 0
1979 0
0 3231
1470 0
4147 0
1007 0
4065 0
0 2276
4029 0
0 4500
28 0
0 3536
3641 0
2047 0
0 1018
0 2359
2700 0
1766 0
3250 0
0 2044
0 1079
2821 0
1609 0
2076 0
3419 0
3509 0
1538 0
1591 0
0 3907
600 0
0 1289
0 1905
2353 0
2172 0
1804 0
3109 0
215 0
3798 0
0 3760
3408 0
0 3811
0 4003
612 0
963 0
1913 0
0 684
4015 0
1485 0
3547 0
2819 0
0 4633
0 2638
0 1704
3073 0
3118 0
0 1735
891 0
0 2049
0 2035
0 3263
0 4037
1449 0
0 1482
3270 0
1430 0
0 2455
1946 0
3620 0
0 4327
4943 0
3057 0
0 2857
2186 0
0 2378
1261 0
0 0
468 0
1249 0
4336 0
0 2871
0 4658
0 1092
0 3444
1111 0
0 3605
3195 0
0 1484
0 1650
0 1130
1818 0
0 2560
2202 0
1568 0
2773 0
3868 0
4837 0
0 2799
683 0
0 2482
0 4170
4441 0
3609 0
0 2683
4835 0
709 0
773 0
0 2292
2584 0
652 0
4478 0
3967 0
1715 0
0 3688
0 4733
2321 0
0 3460
0 1020
0 3671
4282 0
0 3314
0 1028
3131 0
0 1555
78 0
0 3122
3490 0
1273 0
0 3705
752 0
0 4063
0 1586
0 2914
4051 0
0 108
0 2395
0 538
0 1982
0 1561
0 3555
0 138
0 2528
0 1708
3559 0
0 4361
0 4292
2849 0
2104 0
3129 0
0 882
0 972
0 713
0 3939
0 2530
4211 0
3550 0
4752 0
546 0
0 2095
0 1045
4703 0
2452 0
0 1880
0 1829
0 1770
2245 0
4050 0
0 2103
3126 0
203 0
2410 0
0 887
0 4518
4747 0
0 690
1854 0
2844 0
0 811
0 3645
0 87
1928 0
0 1448
4278 0
2811 0
1127 0
0 3681
1410 0
0 3909
0 4666
2823 0
1930 0
0 1693
2745 0
0 240
1447 0
2940 0
0 4909
721 0
3990 0
4300 0
0 1737
2074 0
2355 0
2948 0
0 2873
4746 0
0 2106
642 0
3750 0
731 0
0 3492
1386 0
0 3613
0 452
4794 0
3002 0
0 4448
0 459
0 83
0 4507
4214 0
0 2845
1694 0
0 1572
0 4417
3833 0
0 4795
0 414
3280 0
0 2088
1006 0
0 2529
2805 0
0 4041
4195 0
0 4885
4864 0
4693 0
0 81
0 2993
1054 0
1401 0
1425 0
0 4911
4506 0
3409 0
0 3472
4582 0
0 4851
0 3045
0 1529
0 3698
0 3768
0 4700
1721 0
0 3127
0 3658
0 3056
0 2957
0 2652
4626 0
3802 0
3049 0
0 4018
3690 0
1918 0
0 4504
4110 0
0 4302
4854 0
3720 0
0 3744
397 0
0 3649
2831 0
0 2446
2758 0
4126 0
0 3881
0 4009
0 3096
0 3506
1456 0
0 4219
2851 0
351 0
0 1920
0 4385
0 1502
0 95
2322 0
0 3406
0 3060
0 4550
697 0
2367 0
0 4339
0 3575
0 4868
3696 0
0 4486
0 3616
563 0
0 2838
0 699
4228 0
329 0
0 1968
0 2660
1590 0
4019 0
2862 0
3689 0
1246 0
0 4510
4805 0
4865 0
440 0
0 2021
4628 0
3670 0
781 0
3394 0
4163 0
4643 0
4863 0
0 3754
388 0
207 0
0 2684
3936 0
1301 0
1638 0
0 1223
0 997
1952 0
0 4269
3523 0
0 4227
0 3168
2546 0
2678 0
1813 0
0 4137
0 507
519 0
0 4771
3533 0
0 541
0 1096
0 4767
0 3189
3948 0
0 2000
0 4119
2897 0
0 2748
347 0
0 4539
3335 0
3461 0
0 1812
0 1110
0 4645
4871 0
3004 0
530 0
0 2526
1160 0
0 3180
3832 0
4749 0
4727 0
4332 0
4042 0
0 1099
0 2642
0 2879
0 1141
0 4264
0 4722
3503 0
3251 0
1376 0
2441 0
0 3449
3712 0
2417 0
3106 0
454 0
0 4678
0 1230
4809 0
0 3022
0 1343
3356 0
2205 0
0 1810
0 1845
0 4799
47 0
0 1528
841 0
1271 0
2910 0
2695 0
0 2734
609 0
0 4096
340 0
4401 0
4322 0
112 0
0 2162
0 978
0 1637
2193 0
2098 0
0 2558
4115 0
0 4368
3499 0
881 0
3404 0
4133 0
4857 0
1411 0
2865 0
3377 0
162 0
4855 0
2830 0
1971 0
2234 0
0 4796
0 3139
0 4420
0 4901
0 4266
1340 0
0 809
1302 0
2789 0
1991 0
0 1060
0 550
0 2563
0 914
0 2131
2414 0
2515 0
3254 0
3372 0
3259 0
0 3493
0 346
2525 0
4605 0
0 4064
0 2670
0 813
0 2626
0 788
2436 0
3500 0
0 142
0 3743
2168 0
4739 0
830 0
0 2221
888 0
0 3665
0 1201
0 165
4098 0
0 194
4436 0
4563 0
0 3373
0 356
1285 0
0 834
864 0
3951 0
60 0
1179 0
0 605
0 4610
0 3371
0 2366
0 4328
4254 0
0 261
1066 0
4166 0
0 3177
2212 0
4900 0
0 4907
0 449
0 285
4111 0
3018 0
3094 0
3292 0
3031 0
0 3736
0 2931
2352 0
1597 0
821 0
0 2356
2133 0
0 508
0 2971
1981 0
0 1514
2218 0
4471 0
490 0
0 1095
4088 0
378 0
0 4371
0 2647
0 4872
0 3543
3341 0
4034 0
0 520
3069 0
1923 0
4966 0
4488 0
0 435
0 2460
2016 0
1816 0
0 3428
175 0
3753 0
725 0
2227 0
0 4146
0 3991
0 465
0 3520
0 153
0 1250
808 0
4306 0
0 2742
0 3033
0 2360
1871 0
0 1606
0 2726
0 1615
2664 0
4761 0
0 1885
0 3423
3905 0
0 1159
1598 0
551 0
4069 0
0 33
1320 0
0 140
0 3260
0 353
2391 0
2548 0
4756 0
0 4310
1940 0
0 3687
0 1752
0 380
0 2570
3334 0
0 3612
0 4127
2730 0
0 335
0 2970
1451 0
0 4972
0 3167
2721 0
0 2992
0 503
0 537
0 2776
0 3448
0 1625
0 1763
0 77
0 1839
1884 0
2839 0
0 2093
2183 0
0 3312
4393 0
4390 0
0 2267
0 922
2885 0
214 0
0 620
1569 0
2824 0
0 1075
2985 0
1955 0
0 517
0 4923
0 4234
0 4200
0 2859
3659 0
4397 0
0 1262
2403 0
1443 0
4708 0
4190 0
4066 0
4538 0
0 2580
4725 0
0 970
0 2877
180 0
0 1103
0 1415
1142 0
2042 0
561 0
0 3810
0 2249
3714 0
0 4634
4889 0
4497 0
2155 0
3571 0
2405 0
0 2705
2443 0
1771 0
0 4124
2393 0
698 0
0 817
0 4335
0 1969
0 1115
0 4116
0 2676
0 268
0 994
0 184
0 3876
0 4081
0 2190
3815 0
878 0
4511 0
0 591
0 927
0 2553
0 1848
3542 0
3836 0
4533 0
858 0
0 1589
2003 0
3436 0
2055 0
0 1668
0 46
0 1548
661 0
1452 0
2194 0
2127 0
3566 0
0 1831
4686 0
0 121
0 2330
0 3563
0 704
0 3439
0 2549
4287 0
0 1710
0 2203
2061 0
4180 0
3447 0
0 4707
0 1368
4718 0
0 3323
2142 0
0 4406
710 0
3767 0
0 4186
0 3144
0 106
0 3217
0 476
0 2928
0 2125
2814 0
4140 0
0 2648
859 0
0 971
0 3390
0 3026
1454 0
0 1457
0 1739
0 3481
0 1310
0 2185
0 4026
3669 0
0 711
0 1152
0 4007
0 2747
1793 0
0 2341
4443 0
0 4078
23 0
0 1495
1279 0
362 0
4813 0
3017 0
3107 0
493 0
2361 0
0 1542
0 783
4105 0
249 0
676 0
3208 0
0 3151
2148 0
2991 0
0 4095
0 345
3092 0
0 3029
3063 0
3202 0
966 0
4167 0
0 2237
0 3154
1727 0
4960 0
0 2798
0 4637
3726 0
631 0
0 1429
1731 0
2922 0
0 1080
0 4442
0 3960
466 0
16 0
0 729
0 3080
2112 0
0 4315
0 735
1174 0
0 1244
0 3375
2262 0
4317 0
0 451
1549 0
4961 0
0 2749
0 4148
2718 0
0 1999
0 191
4259 0
3890 0
0 2377
0 3112
2335 0
4425 855
0 1540
2442 0
313 0
0 4925
4359 0
2735 0
0 4653
2524 0
0 4467
1073 0
0 4584
0 2284
3796 0
0 3486
3922 0
0 4290
3959 0
2350 0
2765 0
283 0
0 3510
4057 0
0 742
0 2565
0 3105
0 3240
0 4602
1714 0
1648 0
2641 0
2382 0
1975 0
50 0
4112 0
0 1227
0 1563
339 0
1894 0
3294 0
131 0
2951 0
0 4202
2681 0
4662 0
1646 0
0 119
2637 0
671 0
0 1951
1705 0
4968 0
3333 0
0 3134
2418 0
0 4410
0 4638
0 2090
0 186
0 3354
0 947
304 0
0 3084
0 1388
0 3304
0 3949
0 111
3814 0
4055 0
2727 0
0 1117
1342 0
2250 0
0 343
0 4049
365 0
0 2624
1205 0
837 0
0 708
657 0
2450 0
0 2466
0 2246
3339 0
2582 0
4437 0
2496 0
2305 0
4474 0
0 1327
0 2108
1487 0
2698 0
0 3849
2144 0
0 2188
0 1533
0 1649
1394 0
3369 0
0 3203
3812 0
0 4786
0 993
0 403
0 4973
548 0
485 0
4528 0
0 3317
0 382
0 3647
4288 0
1316 0
1331 0
0 1499
0 4689
0 929
2569 0
4995 0
4218 0
4544 0
4174 0
0 2609
1432 0
1525 0
3087 0
1847 0
3248 0
3483 0
0 1021
602 0
0 4551
0 497
0 588
0 4381
0 4716
2152 0
0 3701
4606 0
0 3514
3527 0
2800 0
0 1574
4897 0
0 3266
396 0
0 2832
0 4470
749 0
2846 0
0 4136
1950 0
0 89
4962 0
0 4
0 24
1353 0
1689 0
4804 0
3697 0
0 1581
0 3471
3498 0
2105 0
759 0
0 4182
3648 0
3716 0
1164 0
0 1156
595 0
354 0
3818 0
453 0
395 0
0 873
0 2486
0 4990
574 0
0 2065
0 1393
0 1558
0 1917
0 869
0 1957
974 0
0 36
0 27
4020 0
4092 0
0 1746
562 0
723 0
0 3184
3668 0
1214 0
0 990
2621 0
437 0
0 2236
3930 0
554 0
0 2725
2394 0
0 3320
2984 0
1535 0
3841 0
0 3210
0 816
0 3414
0 1330
1881 0
0 2505
0 1234
0 0
3695 0
1680 0
0 2024
0 616
0 3931
0 776
239 0
0 2719
1643 0
4570 0
2117 0
4763 0
1450 0
0 3048
444 0
0 1942
3137 0
2078 0
0 4006
227 0
4155 0
148 0
0 4173
2640 0
0 4950
1023 0
828 0
802 0
2483 0
2795 0
0 4108
0 893
4142 0
290 0
0 909
2020 0
0 1602
0 2876
0 158
3973 0
4699 0
0 1711
1377 0
0 951
4258 0
4663 0
0 4093
2473 0
2470 0
3082 0
2739 0
4194 0
0 3101
1977 0
2595 0
1339 0
0 317
3416 0
0 1723
0 4480
4418 0
0 865
1165 0
3424 0
0 3484
0 3037
1187 0
4754 0
0 1585
2286 0
0 638
1055 0
0 2538
0 1260
4624 0
980 0
0 3526
3583 0
3179 0
0 3535
0 4759
986 0
0 2296
3548 0
3273 0
0 4985
3124 0
3036 0
0 1801
0 4106
2895 0
37 0
1135 0
0 2018
0 2622
0 2416
3633 0
0 1486
4403 0
1308 0
0 381
2668 0
387 0
3741 0
0 570
0 161
0 1676
0 3692
0 4706
4870 0
4888 0
0 3011
0 4798
0 3188
3479 0
2936 0
0 2892
4293 0
3264 0
0 2943
0 2004
0 566
0 1082
2041 0
0 233
3988 0
3465 0
4307 0
2481 0
0 2620
3353 0
2934 0
0 258
2167 0
0 35
3005 0
1475 0
3 0
2887 0
1133 0
2171 0
0 4086
0 1564
237 0
0 4560
80 0
0 2908
0 4366
2986 0
4636 0
0 4979
4982 0
0 2499
0 1050
3257 0
1140 0
0 923
0 1494
0 1278
4877 0
0 1788
0 2475
0 3222
3594 0
0 2772
2046 0
0 2766
1041 0
0 678
0 399
0 4125
3396 0
4201 0
0 2561
0 3010
4198 0
2197 0
2815 0
0 4876
0 1659
1543 0
0 3740
956 0
4221 0
303 0
2031 0
0 1252
0 1266
0 4320
4032 0
433 0
0 823
1879 0
0 3405
1504 0
0 2714
1242 0
4079 0
3431 0
1936 0
2437 0
2130 0
1292 0
0 3225
0 3788
1759 0
1359 0
2102 0
0 1688
0 2281
0 4373
281 0
0 2206
4937 0
3348 0
0 3258
1172 0
1211 0
416 0
383 0
0 1785
1545 0
0 426
0 2942
0 1994
0 4578
0 1778
0 672
0 3160
0 0
0 1002
782 0
0 1241
0 177
0 3570
0 4386
1996 0
568 0
0 1469
0 287
499 0
0 2134
0 248
1183 0
3255 0
4924 0
3892 0
1389 0
3557 0
1067 0
645 0
0 1270
2659 0
0 2110
0 2803
2141 0
3667 0
0 820
0 369
1652 0
3019 0
4296 0
0 4062
0 2315
1807 0
0 2916
0 2243
4573 0
0 4263
0 2432
0 2585
0 3183
3707 0
0 73
2861 0
2128 0
0 2633
0 2527
0 4087
3994 0
2509 0
0 2782
4230 0
3035 0
0 4715
3755 0
1024 0
0 3249
3602 0
0 880
0 4720
3501 0
0 2616
3143 0
4172 0
4576 0
446 0
1815 0
0 1983
234 0
758 0
2308 0
2375 0
0 327
3598 0
4405 0
0 3795
0 807
0 4732
0 4413
0 3389
1083 0
1350 0
0 3030
2712 0
0 2666
3974 0
3976 0
0 2679
0 1667
0 2592
0 907
0 1382
0 2336
2930 0
3268 0
0 2381
0 3206
0 462
0 2697
0 1565
0 1890
4101 0
0 1944
4134 0
198 0
3344 0
3861 0
3468 0
0 3110
2880 0
0 4587
2834 0
0 981
0 1337
0 1832
0 1970
715 0
0 919
4607 0
2630 0
1217 0
0 2500
2275 0
3916 0
1113 0
0 2215
1385 0
0 3865
0 1552
22 0
1941 0
4150 0
3516 0
976 0
0 4404
0 1644
4620 0
2512 0
0 2389
4196 0
0 1204
406 0
0 3201
4940 0
727 0
774 0
1288 0
3059 0
0 2268
675 0
278 0
0 3799
0 3871
0 439
2209 0
0 118
0 3140
4353 0
0 2137
4350 0
0 4022
0 458
4730 0
4790 0
0 4298
0 509
1059 0
0 2588
0 3241
0 1536
2373 0
0 2905
470 0
0 4492
0 3269
1761 0
0 1958
0 4028
0 535
2328 0
1986 0
0 2596
0 552
0 3530
231 0
0 3703
350 0
0 2306
2820 0
0 4025
3734 0
1274 0
3296 0
0 2623
2066 0
0 4156
0 3504
3595 0
0 3834
0 1506
4389 0
0 3324
512 0
0 4849
0 1149
0 1222
0 3914
0 1168
4319 0
0 2121
221 0
1446 0
4212 0
401 0
0 123
1161 3413
4154 0
0 1426
0 1124
3417 0
0 2567
0 1628
596 0
0 3286
326 0
0 3957
0 1891
0 2769
0 1338
3243 0
4185 0
0 2278
0 1039
0 1254
0 3491
836 0
0 2253
0 2926
298 0
0 2882
1296 0
0 4044
4531 0
4906 0
0 3732
4158 0
0 3619
0 3735
3170 0
942 0
0 2889
2537 0
0 358
0 4027
0 601
474 0
0 3359
3926 0
132 0
0 2709
0 402
4138 0
0 3237
0 3521
778 0
1408 0
0 4668
0 857
0 2961
0 166
1681 0
0 1048
2259 0
4590 0
0 3880
0 2019
0 4187
0 1366
0 3747
3579 0
3625 0
1717 0
3064 0
0 1636
2228 0
2875 0
0 2480
2665 0
810 0
3775 0
0 4691
3149 0
3989 0
3075 0
0 25
0 884
2239 0
0 2163
0 3288
0 4895
1122 0
3215 0
0 2686
0 477
1294 0
0 3070
0 2864
0 799
4917 0
0 745
0 3842
1297 0
2495 0
1938 0
0 3041
0 763
0 1908
2564 0
336 0
2383 0
0 4882
0 748
3910 0
4682 0
0 838
4074 0
206 0
578 0
1889 0
0 3708
0 3592
899 0
0 1400
0 1286
367 0
648 0
0 3376
0 441
623 0
2519 0
2311 0
0 606
2211 0
1860 0
0 1203
0 2252
0 2301
0 4579
0 4394
4741 0
0 4591
4455 0
2523 0
633 0
0 4491
0 1700
2690 0
0 2053
480 0
4515 0
0 4010
510 0
1333 0
0 3175
603 0
0 2332
0 4312
3393 0
0 2426
0 226
1872 0
4245 0
0 479
4562 0
2297 0
1511 0
2801 0
2033 0
0 2096
0 3421
1281 0
0 4959
4131 0
0 3518
0 1347
1402 0
4295 0
4801 0
0 734
4217 0
0 498
0 3731
0 4281
632 0
0 196
1780 0
1072 0
0 3617
2493 0
135 0
0 3776
1963 2129
0 4402
0 2199
0 1043
0 4991
1997 0
0 2170
0 586
2785 0
0 4976
1010 0
1666 0
242 0
1367 0
0 4555
0 1978
0 3470
955 0
0 4280
2465 0
4647 0
0 2625
4980 0
0 2969
0 2057
0 756
1074 0
1395 0
2429 0
4680 0
608 0
0 3245
3596 0
995 0
0 176
0 1081
2058 0
0 2958
1912 0
2472 0
0 2283
4681 0
0 11
4309 0
0 2508
0 4955
0 724
590 0
0 2804
0 30
0 2907
0 2257
531 0
0 4569
2767 0
2946 0
0 4580
0 3089
0 1850
4953 0
3078 0
0 2151
3038 0
1228 0
3303 0
2368 0
4797 0
0 706
2760 0
0 3610
0 1571
0 4036
0 349
913 0
0 2837
1762 0
0 2724
0 1859
0 363
1562 0
0 796
1025 0
0 1921
1587 0
0 127
1403 0
1697 0
0 3722
1182 0
0 3197
2663 0
2870 0
0 2081
0 737
0 598
0 2836
1657 0
4772 0
0 2793
3382 0
0 0
0 1016
1371 0
0 2828
384 0
0 4724
3446 0
2866 0
0 3615
988 0
2615 0
0 4352
2120 0
236 0
1253 0
0 3434
0 4118
88 0
4598 0
0 2265
0 3970
1510 0
0 2542
2723 0
0 861
4520 0
2244 0
0 2995
0 3511
0 911
0 4208
4002 0
3214 0
1061 0
3407 0
1899 0
0 2005
3917 0
0 2357
4370 0
0 2955
0 4993
3350 0
4589 0
2506 0
0 4408
4517 0
0 3746
2619 0
0 4061
0 2477
1782 0
0 3088
0 2217
0 4532
2883 0
2716 0
0 707
801 0
739 0
1431 0
0 1434
2314 0
3574 0
2198 0
2952 0
252 0
0 4429
0 1709
0 1154
0 4021
2702 0
0 3700
4516 0
0 514
187 0
0 1005
0 3253
0 679
0 3370
4967 0
1515 0
0 1381
4522 0
0 4301
2434 0
0 1190
0 4508
1684 0
0 730
0 3246
0 3572
3157 0
0 1170
0 4476
0 1802
4711 0
4530 0
0 3164
0 897
0 691
0 4189
0 2345
0 2653
2176 0
3553 0
930 0
4561 0
423 0
4446 0
610 0
3894 0
3934 0
0 3099
0 3851
3452 0
0 1022
4929 0
3783 0
1947 0
3388 0
853 0
1276 0
0 4847
687 0
0 3120
2435 0
2011 0
4803 0
2761 0
0 3403
0 4540
722 0
4922 0
4791 0
164 0
0 1582
102 0
0 94
0 2689
2082 0
771 0
1767 0
3694 0
1500 0
0 3329
0 4060
2711 0
2794 0
0 3226
0 3274
0 1280
2981 0
3953 0
0 4487
0 92
2545 0
0 1069
0 4775
2118 0
4719 0
0 3076
0 2881
3093 0
0 3494
1679 0
0 4243
0 4567
3816 0
0 2755
0 4811
0 2612
3128 0
1040 0
2953 0
0 2026
2672 0
0 2756
1143 0
0 2365
0 4427
3200 0
1193 0
0 850
0 2404
1372 0
115 0
1491 0
1088 0
0 1441
1530 0
0 2752
0 2317
2554 0
4675 0
0 1167
0 2474
0 1718
4226 0
840 0
3827 0
1544 0
1269 0
0 1422
0 1086
3745 0
4726 0
2313 0
0 4364
0 3729
4083 0
0 2662
4614 0
260 0
0 3979
0 2974
932 0
4197 0
86 0
0 263
4846 0
692 0
4802 0
3672 0
2852 0
0 1114
0 3711
107 0
0 819
0 3903
2629 0
0 1186
1267 0
0 1866
1334 0
2503 0
0 3046
2759 0
0 144
0 3040
0 1299
1909 0
4927 0
3873 0
960 0
4122 0
973 0
428 0
1087 0
0 2471
3034 0
0 1610
4983 0
0 2853
0 4415
0 696
0 1044
3357 0
0 3777
618 0
2978 0
0 3719
0 4144
755 0
0 3590
1734 0
1282 0
0 852
0 3166
0 3097
0 1438
496 0
0 1876
0 1181
0 1509
2968 0
0 3565
4586 0
4054 0
1226 0
4324 0
0 1427
0 4363
4757 0
3199 0
0 3684
0 2856
0 1596
4577 0
0 31
2 2642
2 70
2 3983
2 911
2 2602
1 2451 4235 1
2 4537
2 2547
1 49 4101 -1
2 1122
2 3268
2 4398
2 4251
1 842 3735 -1
1 644 2689 -1
1 504 4635 0
1 983 4418 1
1 2152 4517 0
1 4265 4364 0
2 4556
1 2748 3437 -1
1 743 1266 0
1 2046 3352 0
1 1846 4685 -1
2 3296
1 2346 2759 1
1 444 4586 -1
1 4556 4709 1
1 1425 1894 0
2 4423
1 2847 3152 0
1 3823 4516 -1
1 957 1860 -1
1 4552 4560 0
2 1884
1 109 2941 -1
1 1804 4932 -1
2 432
2 265
2 4239
2 4012
1 759 1201 0
1 940 1652 -1
1 124 2556 -1
1 1086 2991 1
1 343 4126 1
2 4197
2 1368
1 215 4569 0
1 1124 4527 -1
1 1801 3012 0
2 1422
1 185 4868 -1
2 2104
1 3223 4942 -1
2 753
1 2459 2839 0
1 2634 4997 -1
1 1275 3104 -1
1 2948 3347 -1
1 1670 3389 -1
1 131 1596 -1
2 606
2 2201
1 153 3973 1
1 838 1114 -1
2 834
1 1395 2963 1
1 1620 2004 0
2 330
2 2855
1 1956 3673 -1
1 4698 4791 0
1 2253 4321 0
2 2335
1 2120 2712 -1
2 4441
1 3468 4285 -1
1 559 1293 -1
2 1380
1 3737 4426 0
2 2677
2 3850
1 579 3694 -1
1 310 3272 0
2 532
2 4677
2 3123
2 1773
2 4075
2 3969
2 2287
2 3950
2 1879
1 2732 4548 -1
2 835
2 517
2 1485
2 4085
2 2137
1 675 812 1
2 1842
1 1112 2029 1
2 706
1 1496 2934 0
2 2612
2 2344
2 4631
2 3354
2 2102
1 463 2960 -1
2 2643
2 140
1 869 2124 1
1 541 732 1
1 1797 4513 0
1 856 1599 1
2 2503
1 1812 3088 -1
1 1331 4453 -1
1 3677 4445 0
1 2448 4111 0
2 663
2 1740
2 379
2 2157
2 3872
1 4228 4436 1
1 3329 3855 -1
2 1818
1 2823 4760 0
1 1701 3383 0
2 1961
2 4545
2 3618
2 1252
1 2770 3062 -1
2 3281
2 510
1 252 4647 0
1 2190 4997 -1
2 685
1 3576 3611 1
1 743 2783 1
2 161
1 1333 2447 0
2 2388
2 4464
2 2569
1 741 1266 -1
1 1002 3262 -1
1 1144 1842 -1
1 1674 3269 1
1 2322 4750 0
2 1906
1 2337 2504 -1
2 3057
1 693 1744 -1
1 841 2962 0
2 4974
1 231 3931 -1
2 3571
2 872
1 367 4089 1
2 894
2 2993
1 2005 3122 1
1 1750 3904 1
1 43 327 1
1 802 4966 0
1 1944 4788 0
2 786
2 4316
1 3719 3764 -1
1 1764 4029 -1
2 1358
2 3116
1 2323 3743 -1
2 2996
2 1307
2 3743
1 2330 2676 -1
1 894 1287 1
1 1215 4704 1
1 858 2178 1
1 3339 3498 -1
1 784 4798 0
1 2774 3881 -1
1 1790 4403 -1
1 903 1254 0
1 1771 4719 0
2 3970
2 1266
2 3910
1 885 4508 0
2 530
1 1399 2542 1
2 4568
2 2800
2 3561
1 1335 3960 -1
1 2045 2909 0
2 3622
1 3113 3361 1
2 2252
2 1162
1 1716 2998 0
2 1589
2 3166
2 3192
1 974 3062 0
2 3184
1 279 580 -1
1 476 773 -1
2 4133
1 3204 4771 1
2 1959
2 1177
1 1045 1895 1
2 3138
1 11 1532 -1
1 1445 4919 1
2 4233
1 1585 4210 -1
2 4323
1 1964 4776 0
1 546 1349 -1
2 535
1 724 2078 0
2 1649
1 210 268 0
2 1208
1 48 4315 1
2 1674
2 302
1 475 3568 1
1 226 3364 1
1 1146 4901 1
1 1441 3648 0
1 3134 3536 -1
2 1687
2 782
1 420 2829 -1
1 912 1276 0
2 2915
1 78 3993 -1
1 456 4563 0
2 1250
1 835 4308 0
1 191 4646 -1
1 69 1612 0
2 900
2 1002
2 284
2 4168
2 2839
2 4813
2 4995
2 3619
1 821 831 1
1 1921 3745 1
2 2732
1 3670 3937 -1
1 2139 3492 0
1 308 1793 1
1 3416 4553 1
2 432
2 250
1 743 2799 0
2 2847
2 3109
1 917 4429 1
1 614 4208 1
2 4955
1 1979 4815 0
2 4174
2 4250
1 1652 2953 -1
1 598 665 1
2 957
2 332
2 1930
2 371
2 662
2 4101
2 223
2 4000
1 2118 4754 0
1 1690 3136 1
2 2459
1 2244 2528 -1
1 3129 4463 1
2 1532
1 269 3739 0
1 1021 2778 1
1 900 3204 -1
2 4966
2 1619
1 1130 2655 -1
2 3897
2 4260
2 867
2 2913
1 1846 3614 -1
1 2706 3954 0
1 1231 4303 -1
2 2974
2 2360
1 2275 4670 1
1 60 193 0
2 618
1 3597 4906 -1
2 410
2 1494
1 1714 3556 1
2 1485
2 3192
2 1025
1 4190 4421 1
1 3520 3807 0
2 4847
2 791
1 613 3063 0
1 873 3307 -1
2 4738
2 4174
1 3915 4569 -1
2 1967
1 3261 4321 -1
1 768 1799 -1
2 2890
1 1570 4063 1
1 2437 4176 -1
1 189 736 0
2 837
1 2073 4470 1
2 2673
1 4272 4704 0
1 3876 4966 -1
1 2527 3106 1
2 3493
1 4130 4210 1
2 4098
2 220
2 4987
1 1370 4703 0
2 1038
2 2434
1 253 541 0
1 3113 4104 1
2 1274
1 963 3100 0
2 2560
2 124
1 1860 3113 0
1 10 4632 1
1 1814 4576 1
2 3623
1 427 2253 -1
1 1593 2226 -1
1 1596 3150 0
2 4996
1 1405 3381 0
1 2752 3702 -1
1 252 3201 1
2 4323
1 2363 4229 0
1 2018 3986 -1
1 735 4206 1
1 2366 4598 -1
1 128 1899 1
2 3257
1 1372 2012 -1
2 759
2 3355
1 1577 4300 -1
1 879 1526 1
2 1173
1 4180 4354 -1
1 1674 2262 1
1 2171 4664 1
2 1380
2 215
2 4452
2 2163
2 3485
1 4198 4337 -1
1 3657 4508 1
1 1040 4539 -1
2 2793
1 86 2892 0
1 185 4664 -1
2 3105
2 1550
1 1014 3129 0
2 3529
1 1746 1966 -1
1 490 3430 1
1 1477 3309 1
1 4239 4794 1
1 2772 4498 1
1 1548 3077 -1
2 2711
2 2994
1 50 4611 1
2 419
2 4834
2 1881
2 888
1 2980 3589 1
2 4845
1 1851 3812 -1
2 1027
1 2598 3886 -1
2 3769
1 2010 3322 1
2 2799
2 3884
2 922
2 359
2 2586
1 2208 2998 -1
2 2577
1 2683 3082 0
2 4935
1 953 1913 1
1 1626 2084 0
2 3104
1 2810 4647 1
1 361 412 0
1 1718 4976 1
1 296 1065 1
2 4909
2 889
2 482
1 460 2204 0
2 526
2 3980
2 3010
2 468
1 2587 3727 1
2 3854
1 1395 3190 0
2 417
1 908 1257 1
2 659
2 3130
2 1278
2 4142
1 623 4189 1
1 982 3508 0
1 111 221 -1
2 2670
1 2839 4118 0
2 1847
2 3724
2 2176
2 4321
2 2831
2 2533
2 1831
2 4501
1 2837 2982 0
1 873 1150 1
1 2058 3944 1
1 3714 4638 0
2 4556
1 1481 4619 -1
2 2977
2 4918
2 3434
2 4496
2 1472
2 1142
1 2115 3188 1
1 1264 4999 1
2 4385
2 1157
1 2890 3453 -1
1 2207 4137 1
1 1212 4793 -1
2 611
2 218
2 4246
1 311 3390 1
2 645
2 1095
2 3083
1 37 2675 -1
1 2009 2302 -1
2 1238
1 2012 4366 1
2 3403
1 4480 4957 -1
1 265 2631 -1
1 1116 2815 -1
1 3906 4662 -1
2 3211
2 4705
1 1282 4445 -1
2 1216
2 2345
2 490
2 4224
1 1950 4124 -1
1 294 817 -1
1 770 2446 0
2 4684
2 3047
2 1673
1 268 1406 1
1 3797 4637 1
2 3231
2 2507
1 2617 3725 0
1 2034 2317 -1
1 471 3143 -1
2 1732
1 1680 2631 1
1 1740 4509 1
2 3507
1 2459 3417 0
2 1161
2 1618
2 3739
1 36 4454 1
1 1517 4662 1
2 974
2 4036
1 222 2330 0
1 366 2338 1
2 1638
2 2035
2 520
1 1713 4015 -1
2 2209
2 3995
2 3288
1 2581 3487 1
2 3925
1 335 2820 0
1 577 2995 -1
1 3125 4308 -1
1 1572 3736 0
1 3146 4207 1
2 1972
1 1596 4623 -1
2 3347
2 2380
2 1054
1 559 1474 -1
2 2007
1 730 3701 -1
1 1493 4161 1
1 1559 1751 -1
2 904
2 1465
1 1 3768 0
1 1469 3445 0
2 1631
2 4240
2 3532
1 2061 2521 0
1 3309 4026 0
1 3545 4272 0
1 1928 2124 1
2 4890
1 1208 2135 1
1 1193 4075 -1
1 616 3529 0
2 2105
1 2172 2604 1
2 313
2 1005
2 1288
1 29 3328 -1
2 4233
2 59
2 2935
1 1819 3609 0
2 4095
2 1401
1 543 2414 -1
1 2320 4868 1
1 2018 4212 0
1 81 4285 -1
1 726 3512 -1
2 1813
1 2570 4888 0
2 3157
1 463 2239 0
1 2972 4629 1
1 4020 4572 0
2 4976
2 2844
1 449 1455 1
2 621
2 4856
1 1885 2533 0
1 647 4686 1
1 4018 4644 1
1 218 890 -1
1 763 1789 1
2 4473
2 2892
2 4253
1 1724 4723 -1
1 30 2329 -1
1 2044 2794 0
2 1513
1 729 3943 0
2 4678
2 3234
2 1911
2 2179
2 393
2 610
2 1197
2 1444
1 1005 1561 1
2 4689
2 173
1 2332 4326 -1
2 1433
2 1257
2 777
1 598 1603 0
1 3457 3636 0
2 4767
1 4258 4361 -1
1 2045 3893 1
1 2961 3946 1
2 1904
1 2230 4612 -1
1 1907 2677 1
1 173 2586 1
1 463 1464 0
1 2382 4937 -1
2 3169
1 2150 2569 -1
2 741
2 93
2 2090
2 1064
1 1716 2749 -1
2 4099
2 2125
2 1141
1 667 1674 1
1 3048 4199 1
1 802 4929 1
1 681 3114 0
1 1847 3661 0
2 909
2 1053
2 2661
1 3240 3952 1
1 2807 4027 1
1 804 4831 0
2 4578
2 4902
2 620
1 159 2190 0
2 1716
2 4433
2 1173
2 1315
2 2671
1 1915 4480 0
2 3501
1 2692 4127 0
1 2770 3981 1
1 624 1933 0
1 4171 4469 1
2 1996
2 4515
1 1015 2357 0
1 246 4456 0
2 1819
2 2771
1 1119 1942 1
2 4998
2 354
2 3685
2 3020
2 2002
1 2770 4630 0
1 2936 4804 0
1 1486 2977 -1
1 402 3104 -1
1 945 4500 -1
2 95
1 2346 4475 0
1 1742 3685 0
2 2412
1 472 1717 1
1 1484 2150 1
1 3706 4485 0
1 1864 3535 -1
1 34 4687 0
1 3517 4416 1
1 744 924 1
1 562 2292 -1
1 3018 4851 1
2 1896
1 2105 4722 -1
2 3931
1 1526 3339 0
2 2754
2 4363
2 1317
1 760 4893 0
2 2187
1 2881 3764 -1
1 970 3643 1
1 593 2092 0
1 1796 2757 -1
2 4936
1 2051 2085 0
1 2946 4462 1
2 4690
2 2948
1 81 4639 1
1 4260 4878 0
2 4069
1 13 4809 -1
2 2144
2 4559
1 731 1103 -1
1 3320 4559 0
1 2250 3065 1
2 1790
2 4407
2 4128
1 1235 2410 -1
2 3932
1 648 1235 1
1 892 3126 1
2 1823
1 411 4883 0
2 974
1 761 2943 1
2 1246
1 1458 1678 0
1 1 4507 0
2 2094
1 3215 4314 1
1 3568 3878 1
2 4163
1 227 3243 1
2 1736
2 3852
1 798 4253 -1
1 2759 3903 0
1 1755 4321 1
2 4402
2 2065
2 3285
2 3312
2 942
1 2161 2269 -1
1 3301 4003 1
2 1098
1 2821 3387 -1
2 4814
2 4108
2 2345
1 3016 4296 0
1 291 708 1
2 427
1 302 978 0
1 1296 1928 -1
2 3420
1 814 2250 -1
2 4052
1 3243 4885 0
1 1189 3646 -1
2 3149
2 3516
1 520 4455 -1
2 1610
1 758 2035 0
2 3110
2 708
2 3944
1 387 3534 1
1 1563 3868 1
2 3630
1 1084 3524 -1
2 2998
2 358
1 1498 1588 1
1 1789 2954 0
2 4944
1 168 4959 1
2 679
1 868 2842 0
1 1740 4502 -1
2 4434
2 1179
2 604
1 3130 3907 -1
2 2953
1 761 2493 0
1 1457 4325 0
2 4937
1 1159 2176 1
2 1610
1 2153 2509 1
1 7 4449 1
1 1012 3121 -1
1 1522 4742 0
2 3651
2 1527
2 3889
1 952 1767 0
1 1746 4709 -1
1 2133 3216 0
1 1890 3696 0
2 1126
2 4456
2 3913
1 1544 4880 0
1 439 1230 0
1 823 1034 -1
1 228 3668 -1
1 467 2433 0
1 1218 3336 -1
1 447 3121 1
2 3804
2 2416
1 334 4043 1
2 4782
1 634 2893 0
2 902
1 827 1522 1
2 3285
2 3462
1 1316 4202 0
1 2594 3852 0
1 3857 4745 0
2 3266
1 2074 2682 1
1 48 2543 1
1 383 2903 1
2 698
2 195
2 3716
2 2092
1 1437 1525 1
2 3944
2 3064
1 4079 4322 0
1 3428 3894 1
2 2770
2 89
2 4748
2 2181
2 2700
1 1943 2009 1
2 1122
1 3614 4387 0
1 4417 4726 0
1 4786 4917 1
1 35 4340 1
2 3306
2 2491
1 229 2340 1
2 2726
2 3698
2 3382
2 895
2 3989
1 3239 3269 1
1 629 3014 0
2 3457
1 2258 2436 0
1 834 3230 1
2 623
2 4960
1 234 3630 0
2 3122
2 4044
1 1715 4112 1
1 2002 3113 0
1 133 696 0
2 2695
1 797 4660 0
1 1452 4150 -1
1 487 1796 0
2 3334
2 4514
1 3294 4650 1
2 552
2 3621
2 4634
2 1414
2 1973
1 367 3547 1
2 2807
2 3908
1 2457 4183 0
1 418 4795 0
2 2015
2 1856
2 118
1 578 2977 1
1 1459 1902 0
2 3954
2 4655
1 3327 4422 0
2 2148
1 2790 4547 1
1 1911 2632 -1
1 75 184 1
1 169 3166 0
2 3449
1 558 1839 -1
1 610 660 -1
2 610
2 4429
2 961
1 2081 4193 0
1 2788 2971 -1
2 4866
2 2005
2 2356
2 598
1 2135 4054 0
2 4969
1 1087 2101 0
2 347
2 936
2 2805
1 4378 4826 1
1 3034 4603 -1
1 31 2926 -1
1 2528 3206 1
2 3117
1 2493 4547 1
1 2864 3280 -1
2 782
1 472 1731 0
2 3776
2 758
2 1513
1 3405 3695 1
2 2091
1 1045 3795 1
2 3291
1 1851 4184 0
1 3167 4504 1
1 879 1005 -1
2 481
2 2105
1 2931 4241 -1
1 963 4568 1
2 3358
1 2036 2425 0
1 3793 4069 -1
1 2832 4643 1
2 2533
1 477 3403 -1
2 4719
1 1979 3949 0
2 978
1 1636 4718 0
1 4451 4847 1
2 3117
2 1092
2 4436
2 2044
1 371 2046 -1
1 3832 4390 1
2 2513
2 2234
2 2480
2 866
1 1899 2765 -1
1 2081 3108 1
1 1833 4862 1
1 3251 3285 1
2 3836
1 2694 4625 1
1 1486 1645 1
2 4672
2 1262
1 1488 4951 0
1 341 3715 -1
1 1095 1561 1
1 2706 3235 0
1 1337 4342 0
2 247
1 1576 4833 1
2 3667
1 3038 3911 -1
1 490 3190 0
1 1785 3770 -1
2 4340
1 1047 3341 1
2 2299
1 2398 3095 1
1 2653 2722 1
1 3558 4673 -1
1 1632 2714 0
2 2071
1 2498 4907 1
1 169 2520 1
1 4252 4417 -1
2 242
2 2711
1 647 2041 -1
1 987 3699 1
1 4035 4616 1
2 1306
2 793
1 1993 3112 1
2 209
2 996
1 3252 4351 0
2 2340
2 3183
2 2792
1 728 1141 1
2 4140
2 729
1 276 3761 1
2 1083
2 4935
2 249
1 291 1997 -1
1 568 3406 -1
2 91
1 639 2558 0
1 2219 4306 1
2 320
2 560
2 875
1 1718 4894 1
2 2151
1 4107 4818 0
2 1002
1 1728 4154 -1
2 1453
1 3765 4187 -1
1 504 2514 1
2 3223
1 518 1304 -1
2 3983
1 67 1303 0
2 4188
2 2779
2 4020
1 440 2287 -1
1 922 1221 0
2 648
2 4434
1 784 3660 -1
1 2165 2292 0
2 1789
2 1071
1 153 1228 1
2 4996
2 448
1 2160 4546 1
1 1670 4687 0
1 1421 3353 1
2 1768
1 1746 1879 0
2 4716
2 1132
2 319
1 4039 4167 1
1 413 2691 1
1 657 3880 1
2 285
1 612 3152 1
1 70 4524 1
2 2973
1 4066 4768 1
1 999 1059 0
1 4296 4583 1
1 86 4405 0
1 893 4517 -1
1 928 4242 -1
2 4469
1 140 1990 -1
1 2780 3618 0
1 1723 3399 -1
2 1559
2 2154
1 660 2234 0
2 1010
2 3188
1 3916 4398 0
2 865
2 2374
2 4450
1 1118 1836 1
1 1301 1636 1
2 3371
2 3477
1 1136 3132 0
2 1797
2 1271
2 4609
2 1398
1 191 1723 0
2 1833
2 3869
2 2413
2 3341
1 1935 3481 -1
1 251 4286 0
1 1591 4068 1
1 96 1975 -1
2 3014
1 1005 4022 0
2 3832
2 4970
1 2131 3537 -1
1 1486 2584 1
2 786
2 3570
1 1631 1662 0
1 1516 3597 0
2 57
2 3270
2 484
1 823 4302 0
1 1433 1730 0
1 2200 2593 -1
1 1149 1866 -1
2 3828
1 3389 3714 0
1 516 2212 -1
1 4148 4302 -1
1 417 850 1
1 1121 4009 -1
2 2351
2 786
2 2404
2 1192
2 3238
1 2925 3900 1
2 3245
1 2625 4915 -1
1 477 2545 0
1 101 4363 0
1 999 2881 1
2 1339
1 1017 4938 1
1 437 479 1
2 852
2 829
1 3511 4875 0
1 2154 3435 1
1 1831 3624 1
1 4344 4821 1
2 3153
2 4159
1 200 3933 -1
1 108 3835 -1
2 2416
2 379
2 1040
2 2918
1 1878 3220 1
2 1172
1 2171 3798 -1
1 2258 4272 1
2 1937
1 924 3826 -1
1 350 1094 0
1 10 3010 1
2 2042
2 4549
1 2954 4745 0
1 291 313 1
2 1783
2 2129
2 1212
2 369
1 2798 4665 -1
2 2681
2 1364
2 4542
2 397
2 2585
1 884 2942 -1
2 3879
1 1049 4244 1
1 2627 4522 -1
1 612 975 0
2 1306
1 1199 2339 -1
2 1627
2 2551
2 4574
2 2136
1 1173 1876 -1
1 1127 4243 1
2 4494
2 2293
1 1916 3471 1
1 3992 4804 1
2 1033
1 2332 4657 -1
2 4271
1 333 4623 0
1 252 1274 1
2 108
2 4045
1 771 1866 0
2 3044
1 3252 4750 1
1 989 1284 0
2 3462
1 524 3257 1
1 216 805 -1
2 1842
2 119
2 1856
1 4082 4190 -1
1 32 4920 1
1 3159 4948 0
2 3785
2 4370
2 2373
2 3131
1 273 1723 -1
1 1726 4353 1
1 117 4673 1
2 3576
2 2770
1 742 1623 1
1 96 2177 1
1 2570 4350 1
1 1197 4220 1
1 935 3524 -1
1 3857 4225 -1
1 111 4667 1
1 1373 2106 0
1 1303 3854 0
1 2171 4543 -1
1 3309 3370 -1
1 969 1252 1
1 2067 3009 1
1 3765 3986 0
1 2312 4619 0
1 1104 4955 -1
1 689 2733 -1
1 1308 4506 -1
2 692
1 2027 4086 1
1 449 2648 -1
2 3205
1 2532 3832 -1
1 3545 4462 0
1 1528 2215 -1
2 4747
2 2637
1 1747 2670 -1
1 2553 3942 -1
2 2814
1 3684 5000 1
2 90
2 3659
1 2619 4690 0
2 1844
2 2352
1 1145 4939 1
1 748 2513 -1
1 1733 3654 1
1 630 4015 0
1 1668 4704 1
1 911 3018 1
2 354
2 3561
1 4474 4808 0
2 972
1 783 2484 0
1 2703 3695 -1
2 1949
1 498 777 -1
1 911 4535 0
1 1155 2800 1
1 248 590 -1
1 1708 3764 0
2 2308
1 488 4484 1
1 757 3728 -1
2 4329
1 2269 2898 0
1 2534 2621 1
1 2496 4757 -1
1 1405 4221 0
1 722 2629 -1
1 745 3194 1
2 930
2 83
1 311 1144 -1
2 4366
2 3868
2 125
2 2259
2 3772
1 857 4226 -1
1 883 2991 0
1 2698 4524 0
1 1483 4484 0
1 1385 1917 0
1 3 917 0
1 1364 1548 -1
1 2890 2981 1
1 3115 4871 -1
2 2116
2 4734
1 3485 3852 1
2 4098
2 3660
2 4159
1 3754 4156 0
2 1131
1 2367 2935 -1
2 4163
2 2676
2 3317
1 2686 4683 0
1 177 2194 0
1 3191 4111 -1
2 3280
1 606 2608 0
2 2757
2 330
2 1198
1 3284 3316 0
1 1454 2244 0
1 642 1969 1
2 4532
2 3853
1 340 1318 -1
2 3519
2 3195
2 2463
2 950
2 361
2 3565
2 960
2 2830
1 1244 4509 1
2 3807
2 4726
1 261 4774 0
2 1
1 1007 3764 -1
1 2185 3563 -1
2 3344
1 1309 3637 0
1 1221 3689 0
1 1501 2838 0
1 164 984 -1
2 1141
2 4420
1 784 4895 0
2 652
1 3111 3494 -1
2 1823
2 1575
1 1616 2550 0
1 2348 3879 0
2 3366
1 1343 1913 -1
1 569 4964 0
1 1161 4820 1
2 4960
1 2420 2421 1
2 1735
2 4013
1 871 3383 -1
1 209 3853 0
2 1541
1 1517 3684 1
2 2809
1 2258 3263 0
2 3170
2 266
1 480 4996 0
1 1739 2633 1
2 3395
2 3357
2 3788
1 1725 2570 1
2 1037
1 163 3903 -1
1 384 4185 -1
2 3827
2 4361
1 1819 3401 0
2 2001
1 1315 2818 1
2 4454
1 670 3288 1
2 3791
2 2057
2 2543
1 2681 4952 0
1 4787 4858 0
2 35
1 241 1192 -1
1 2530 4806 1
2 2298
2 2222
1 71 4534 -1
2 2680
1 2914 3985 0
1 452 1885 0
2 4153
1 1838 3677 -1
2 682
1 127 4325 -1
1 260 3201 1
1 2171 3870 1
2 1616
1 2827 3082 0
1 409 3357 0
1 652 2173 1
2 3815
1 1064 1773 0
1 1742 1937 0
2 3552
2 4909
1 1306 4613 1
1 2849 4644 1
2 240
1 325 2590 1
1 1306 4124 -1
1 3371 4938 -1
2 4896
2 643
1 1945 2464 -1
2 2081
2 1012
1 2272 2762 0
1 3334 4497 1
1 2905 4237 1
2 2240
2 1631
1 2152 4651 1
2 3257
1 1262 4460 1
1 2202 3167 0
2 3393
2 2492
2 2299
2 307
1 316 495 0
1 1748 3218 1
2 4000
2 3934
1 1110 2773 -1
2 3727
1 430 2325 1
2 3149
1 2684 4848 1
1 1375 4284 0
1 385 738 0
2 3573
2 2495
1 2639 2907 0
2 4343
2 3813
1 4846 4933 0
2 2468
1 1691 3076 0
2 4998
2 4562
1 1897 4560 1
2 639
2 4161
2 2960
1 1540 1660 1
1 2205 3945 -1
2 755
1 110 1225 1
2 4880
1 2870 4459 -1
1 193 452 1
2 1659
2 882
2 3951
2 2660
2 356
1 1907 2614 1
1 970 2885 0
2 1842
2 2424
1 4319 4639 0
2 3291
1 3975 4729 0
2 770
2 4984
2 1214
2 3728
2 2120
1 1944 3136 0
2 3856
1 3052 4182 0
1 4115 4650 -1
1 1064 1100 0
1 1506 2152 0
2 1835
1 1923 3885 -1
1 1750 4564 0
1 2486 4712 -1
1 1190 2246 0
2 2433
1 4676 4779 -1
1 347 3545 1
2 2344
1 121 4496 0
1 3838 4801 0
2 1145
1 866 2549 0
2 3871
2 3294
2 2569
2 3234
1 807 2396 -1
2 1371
2 4696
2 2936
2 1239
2 712
1 3997 4506 1
2 1029
2 3435
1 437 4633 0
1 107 2158 1
2 1271
2 2649
1 3816 4896 -1
1 653 741 -1
1 1685 2216 0
1 409 2170 -1
2 2892
1 3585 4906 1
1 1475 3272 0
1 2370 3929 1
1 1826 1916 1
2 3121
2 28
1 607 4292 1
1 3154 4412 0
1 2965 4254 1
1 3068 4349 1
1 680 2081 0
1 275 3389 -1
1 1803 2535 -1
1 2434 2743 -1
2 3597
2 2846
2 4560
2 2716
2 3812
1 1199 4989 0
2 2588
1 207 4448 0
1 1055 3780 0
1 3630 4426 1
2 1477
2 3919
2 1427
1 289 1969 0
1 622 3614 -1
1 1890 4873 -1
1 1769 2056 1
2 252
2 60
1 379 709 0
1 2208 3316 0
2 3625
1 1236 3083 -1
1 383 2415 0
2 1835
2 275
1 756 3901 1
2 3356
1 2783 4263 1
2 1790
2 1758
1 1610 1621 1
2 9
1 4678 4820 0
2 3559
2 1949
1 243 1675 0
1 2237 3558 1
1 3053 4169 -1
2 3473
2 1608
1 2353 4853 1
2 1093
2 1387
1 674 3776 -1
2 2960
2 1856
2 1602
2 4241
1 1423 4938 0
1 151 4049 -1
1 1396 3827 -1
2 787
2 1736
2 575
2 2737
1 3005 4135 -1
2 4273
1 1174 2155 -1
2 2891
2 3997
2 2319
1 1292 3309 1
1 690 3458 -1
2 1742
1 814 1822 -1
1 122 1303 0
2 2846
2 4114
2 1258
1 4364 4615 0
2 4392
1 157 1236 0
1 2 431 1
1 2301 3623 -1
2 3980
1 2694 3703 1
1 1315 1784 1
1 1857 3132 -1
2 3812
1 931 4863 1
1 1928 2325 -1
2 1915
1 390 2561 0
1 484 3343 -1
1 577 4537 1
2 1045
2 2285
2 2357
1 614 2770 1
2 1607
1 1782 4606 -1
2 2998
2 3621
1 2273 3967 1
2 3507
1 2952 4274 0
1 2685 3744 0
2 3928
2 4054
2 4836
2 3164
2 96
2 2936
2 3560
1 312 4743 0
2 2317
2 2077
1 529 4021 -1
2 1030
1 187 3959 1
2 186
1 309 890 1
1 1307 1342 0
1 603 3301 0
1 1565 3154 -1
2 887
1 331 2892 1
2 2811
1 1056 2183 1
1 2099 2625 0
2 3536
1 1273 1849 1
1 3543 4178 0
2 4183
1 2207 3067 -1
2 343
2 1032
1 2028 3211 1
2 4494
2 3003
1 67 4096 1
2 1776
1 2622 4443 -1
2 4530
2 4716
1 4114 4316 0
2 4301
2 4140
2 3807
1 2925 4991 0
2 3521
2 1435
2 3223
2 4140
2 2832
2 3256
2 3126
2 3786
2 2204
1 1760 3331 0
2 3714
2 2876
2 2283
1 624 4015 -1
2 192
2 3658
1 525 4165 0
1 1027 4719 1
2 3688
2 629
1 779 1143 1
1 972 4773 -1
2 3640
1 2465 4687 1
2 2709
2 1473
2 988
1 1460 3345 1
2 4837
1 1143 4368 0
2 3030
1 2244 3736 -1
2 1212
1 2831 3957 -1
2 4974
2 491
1 4048 4682 1
2 3027
1 4018 4907 -1
1 2047 2796 -1
2 4648
2 4721
1 775 4235 -1
1 2873 3621 0
2 3516
1 3058 4469 1
2 1381
1 1119 2424 1
2 4311
2 552
1 1839 2247 -1
1 1122 1908 0
2 1129
1 1744 2016 -1
2 197
2 3042
1 1753 4112 0
2 1994
2 3195
2 2079
2 2639
2 786
1 321 384 0
1 302 3178 0
1 303 1331 1
2 1125
2 840
1 2455 4520 0
1 784 3388 0
2 3588
1 3081 3259 1
1 451 4813 1
1 1181 4846 -1
1 1446 1450 1
1 1473 4686 1
1 63 1762 1
1 249 1103 -1
2 206
2 452
1 465 4101 -1
1 125 2391 -1
1 967 1510 0
2 4244
2 835
2 1105
1 1118 3003 1
2 1937
2 2540
1 3107 3599 0
2 407
1 1895 4966 -1
1 1184 3380 0
2 1947
2 538
2 882
2 3464
2 959
1 2098 2184 0
1 276 4554 0
2 4725
1 260 3413 -1
2 4838
1 1496 2974 0
1 2385 3300 1
1 4105 4743 -1
1 603 1234 1
2 4189
1 2754 4873 1
2 4610
1 2432 4312 0
2 4057
1 1929 2548 -1
2 2765
1 2485 3361 1
1 890 1878 1
1 356 1861 1
1 1413 2721 -1
1 1792 3194 0
1 931 2477 -1
2 2420
1 625 4609 0
1 440 2837 0
2 1738
2 3913
2 1307
2 4996
1 1948 2751 1
1 2348 2959 -1
1 1051 3536 1
1 3388 4499 -1
2 2610
1 2104 4532 0
2 789
2 1962
1 1165 3605 -1
1 4111 4608 1
1 2832 3946 0
2 4988
1 124 3765 1
1 1657 4435 0
2 2359
2 640
2 3866
1 1320 4398 0
1 651 3814 -1
1 2134 4912 -1
1 62 3293 1
2 2523
2 448
1 2430 3686 0
2 2494
2 4051
2 3957
1 1366 2210 0
2 2483
2 1831
2 4779
1 1393 4054 -1
1 1377 4829 -1
1 1933 4881 0
2 1895
2 1075
2 1934
2 1152
2 3355
2 3390
1 2062 3852 1
2 3259
2 70
1 2791 4172 -1
1 2597 3796 1
2 4827
2 3585
2 3581
2 3121
2 1147
2 2361
2 530
2 3453
1 1163 1247 -1
1 1196 1858 0
2 3720
1 196 1514 -1
2 998
1 129 1606 0
2 1489
2 3942
1 347 1867 0
2 3071
1 383 2327 1
2 2456
2 4226
1 2569 3402 -1
2 729
1 420 4212 1
2 138
1 336 1549 -1
2 4891
1 29 2669 0
2 4442
1 4697 4895 0
1 2192 3612 -1
1 1359 1821 -1
2 1545
2 619
1 4474 4611 1
1 538 2613 -1
2 667
1 3058 4644 0
1 3267 4877 0
1 1003 3155 0
1 264 2826 1
1 2319 3475 0
2 4584
1 2882 4868 -1
1 3708 3725 1
1 1713 4435 -1
1 1227 2123 0
2 266
1 2703 4133 1
1 851 2574 0
2 4523
1 3795 4739 -1
2 4593
1 843 2475 0
2 4423
2 4348
2 2923
2 4041
2 1734
1 1502 2396 0
2 3635
1 276 1951 0
1 317 3605 1
2 946
1 597 4434 0
1 150 2776 -1
2 4427
1 1457 4174 0
2 3231
2 2688
2 401
1 2186 2439 1
2 3472
2 2842
2 4696
1 1165 3482 1
2 4229
1 455 623 -1
2 184
2 294
1 1609 3891 0
2 1896
2 4693
2 1009
1 104 3375 0
2 2624
2 2731
2 1273
2 2963
1 2810 2866 -1
1 160 2687 1
1 1427 1657 0
1 397 947 0
1 2457 4819 1
1 834 1618 1
2 2142
1 747 3600 1
2 2149
2 938
2 2196
2 4393
1 360 2902 0
2 1601
2 2268
1 241 2446 1
1 1996 2121 -1
2 2338
2 2083
1 3500 3970 -1
2 3838
2 2326
1 2074 4477 1
1 1943 3240 0
1 208 350 1
2 1401
2 3925
2 3415
2 781
2 2950
1 907 4734 0
2 4286
1 2234 4627 1
1 906 4402 0
1 684 1274 -1
1 3385 4546 0
2 2505
2 1612
2 2941
2 3531
2 2323
1 727 4190 0
2 434
2 1477
1 3647 4409 1
2 1050
2 2443
1 3473 4143 1
2 4190
1 4069 4839 -1
2 819
2 3947
1 29 3580 -1
1 829 1330 1
2 2465
2 2111
2 3199
1 1334 3902 -1
1 360 3310 0
2 1537
2 1479
2 3126
2 164
2 67
1 3036 4076 1
2 2345
1 3548 4292 0
1 2690 4724 0
1 2499 4961 1
1 1210 2524 -1
1 2239 3494 0
1 1395 1735 1
1 2468 3307 -1
1 2453 3060 1
2 1943
1 2463 4377 0
2 1419
2 1102
2 215
1 3129 4723 1
2 1715
2 4779
2 4793
1 2592 2819 1
1 1399 3309 1
2 2901
1 2340 4403 -1
2 1158
1 2989 2998 0
1 1466 3305 1
2 1812
1 617 3017 1
1 651 1187 0
2 1966
2 3367
1 2353 4593 1
2 4846
1 2725 4735 1
2 4623
1 2690 4943 -1
2 3770
2 1024
2 3821
2 1541
2 13
2 3305
1 1044 1327 -1
2 3091
1 1617 4203 1
2 4251
2 1199
2 3879
2 2546
1 1641 3108 0
2 2478
1 1482 4176 -1
1 141 4282 0
1 228 668 0
2 2442
2 3684
2 3334
1 4435 4819 1
2 1386
1 3536 3641 0
2 3
2 978
2 4247
2 2653
2 1890
2 2681
1 800 1852 0
2 2671
2 2893
2 3714
2 978
1 1376 3136 1
1 777 1559 1
2 2129
2 2302
1 2363 4516 -1
2 3652
2 2358
2 461
1 15 2718 1
1 74 425 1
1 1437 2778 0
1 2061 2277 -1
1 1074 3475 0
2 4135
1 905 3291 0
1 1041 1750 -1
1 2184 4711 -1
1 1408 1748 0
2 3538
2 877
1 2712 3113 0
2 2124
1 2341 4964 1
1 2709 3142 0
1 279 2692 1
2 3330
2 528
1 1583 3463 1
2 972
2 1653
2 456
2 101
2 4512
1 805 2013 1
1 301 1354 -1
1 1970 3823 -1
1 2784 3441 -1
2 2873
2 3373
1 1814 2857 -1
2 1289
1 1109 3047 0
1 2431 3835 0
2 3340
2 4075
1 459 4571 1
2 1615
2 1018
1 1784 4148 1
1 923 4987 1
1 801 1979 1
1 222 3854 0
1 372 2242 -1
2 3279
1 181 2425 -1
1 430 3204 1
2 3803
2 2943
2 2281
1 463 629 1
2 1766
2 3277
2 4712
1 2117 2404 -1
2 2770
2 3498
2 3545
2 2311
2 1330
1 1809 1897 0
2 2336
2 2040
2 1693
1 3853 4515 0
1 3419 4209 0
2 2896
2 4796
2 3142
2 2833
2 1144
2 4140
2 4317
1 535 2969 0
2 2917
1 2963 3153 1
2 1957
1 869 4645 1
2 784
1 2379 4093 -1
1 3252 4476 -1
1 644 4454 -1
2 1180
1 197 4784 1
1 396 4873 1
1 3084 3991 -1
2 1886
1 341 1677 0
2 2286
1 637 1580 0
1 1284 2431 -1
1 3711 4435 -1
1 3120 3620 -1
2 5000
1 2983 3000 1
1 1556 4163 -1
2 334
1 3223 3555 -1
1 350 3034 -1
1 3027 3483 0
2 3123
1 618 1443 -1
1 3968 4709 -1
1 412 2475 1
1 364 494 0
1 977 1991 -1
2 704
1 979 1534 -1
1 1256 1898 0
2 3725
1 383 2304 0
1 2587 3687 -1
2 3061
1 2266 3492 -1
1 148 4434 -1
1 2475 3383 0
2 3440
2 422
1 39 1563 0
2 547
2 4556
2 2852
2 303
2 2600
2 1660
1 385 1456 -1
1 1266 3412 1
1 2103 2297 0
1 1983 3060 0
1 3785 4852 1
2 2081
1 887 2313 1
2 2926
2 3558
1 505 627 -1
1 999 4400 0
1 1101 4671 1
1 1385 3168 -1
2 2567
1 665 4184 -1
2 3145
2 1345
1 3102 4768 -1
2 774
1 4313 4777 0
1 758 1321 -1
1 183 805 -1
1 3814 4584 0
2 2096
2 1346
1 665 2552 -1
1 592 2478 1
2 2606
2 1426
1 802 2852 -1
2 1031
2 134
2 2480
2 3166
2 564
2 1542
2 2196
1 3187 3955 1
1 1246 1406 1
2 2083
2 2493
2 253
1 2592 4542 -1
1 522 1554 1
1 3158 4548 1
2 522
1 4509 4710 1
1 4172 4173 0
2 4760
1 112 3336 0
2 2567
1 2987 3039 1
1 1788 4666 1
2 7
1 2326 3359 0
1 288 2142 0
2 1718
2 435
1 2057 3012 1
2 32
1 2411 4473 1
1 2184 4454 0
2 3185
2 3814
2 3371
1 697 2280 -1
2 4737
1 3805 4780 1
2 2953
2 4463
2 1516
1 3118 4800 -1
1 2170 3548 -1
1 2718 3114 -1
2 2487
1 1818 3315 -1
2 1930
2 152
1 226 3812 -1
2 1499
2 343
2 4708
2 49
2 3002
2 1312
1 1425 4198 0
1 152 2414 -1
2 4526
1 2342 2674 0
1 1460 4995 1
2 3741
2 2506
1 1946 2777 -1
2 4856
2 861
1 358 2430 0
1 323 2373 -1
2 2951
1 292 2551 1
2 46
1 1056 1569 1
1 335 2233 0
1 1227 4240 1
2 3493
1 1216 2893 1
1 1641 4365 1
1 869 2800 0
2 4574
2 4468
2 3467
2 2929
2 1866
1 91 2912 -1
1 2775 2866 1
1 15 96 0
2 4827
1 372 4352 1
1 173 1958 1
2 4008
2 567
2 4630
2 1297
1 1653 4721 -1
1 2910 3063 -1
1 4027 4653 1
1 977 2652 -1
2 4251
2 4673
2 288
1 796 2334 0
2 3997
1 274 909 0
2 4976
2 2364
2 1339
1 2167 3325 -1
1 898 4647 -1
1 714 2817 0
2 3352
2 4353
2 4800
2 4796
2 1173
1 1154 3412 0
1 1000 2236 -1
1 2420 2780 1
2 1817
2 3250
1 3400 3992 0
1 2682 3866 0
2 2924
1 1388 2904 -1
1 2999 4102 0
1 3297 4974 1
1 1335 2953 0
2 4088
2 1557
1 4025 4518 0
2 810
1 992 3557 0
2 364
1 1300 1881 0
1 209 3000 1
2 552
2 2542
1 1825 3644 0
2 3208
1 2631 4373 0
2 865
2 2974
1 1745 1955 0
2 2957
1 217 1550 1
2 2795
2 2216
1 406 4893 -1
1 286 2829 -1
1 981 1164 0
2 3238
1 369 1908 1
1 1466 4639 -1
2 3017
1 1114 3197 -1
1 2139 3912 -1
1 726 4165 0
1 2296 3758 0
2 3507
1 224 4313 0
1 457 3668 -1
2 4557
2 1233
2 820
2 1884
1 1876 4611 -1
1 808 4679 0
2 2183
2 3037
2 280
1 240 3970 -1
2 460
2 965
2 1301
1 259 1215 -1
2 3999
2 2628
1 2600 3706 1
2 4054
1 1948 2052 0
1 3713 4140 -1
1 771 4654 1
2 4654
2 2001
1 1158 2497 1
1 66 3887 -1
1 591 3898 -1
2 1096
2 3862
2 2647
2 3635
1 2172 4321 1
1 1307 4271 1
1 1747 3129 -1
1 1137 2612 -1
2 3168
1 1142 3976 -1
1 1126 3313 0
2 227
2 1137
1 358 1951 1
1 2767 4941 -1
2 1594
2 4026
1 365 4152 1
1 1678 3535 1
2 2319
1 2710 4249 -1
1 1609 4097 1
2 5000
2 4023
2 3388
1 2507 4896 -1
2 583
2 4002
2 4649
2 2630
2 840
1 2759 2981 1
2 4520
1 447 4447 1
2 1331
1 2413 2969 0
1 682 1211 1
1 663 1335 0
2 2689
2 209
2 3746
2 4558
1 496 1515 -1
2 1282
2 4190
1 1581 4597 -1
1 373 4812 0
2 3021
1 1557 3497 -1
1 352 1810 1
2 4820
2 4381
1 1281 1561 1
2 3807
2 3210
2 2310
2 1276
2 399
2 945
1 2040 2738 1
1 721 2285 1
2 4621
1 3245 4063 -1
2 662
1 1080 4262 1
2 4040
1 919 3505 -1
2 3353
2 2045
1 1435 3062 -1
1 1322 1758 -1
2 4347
2 4111
1 398 2528 -1
1 2876 3751 -1
1 1623 4625 0
2 29
2 3142
2 3259
2 3240
1 1310 3819 1
1 4090 4147 0
2 3580
2 2457
1 1764 3031 1
2 1351
1 1319 3577 0
2 2791
2 4517
1 4802 4924 1
2 2652
2 1145
2 4663
1 352 2241 1
1 3238 3469 0
2 708
2 125
2 1038
2 2324
2 700
1 2697 4325 -1
1 151 4445 0
2 2852
1 20 3102 0
2 951
1 1258 2064 1
1 1367 4819 0
2 4201
1 1158 2661 0
1 1750 4400 1
2 2278
2 4601
2 4993
2 3452
1 941 2336 -1
1 2956 4475 0
1 273 3139 1
1 2818 3319 0
1 1144 4354 1
2 127
2 2913
2 780
2 559
1 1868 3682 1
1 2033 4135 0
1 1278 3096 1
2 2426
1 932 1673 1
1 1069 4650 1
1 1010 3850 -1
1 950 4004 -1
1 1084 4779 -1
2 4515
2 4930
2 2482
1 104 3540 1
2 3159
1 3118 3528 -1
2 4109
2 252
1 1282 2612 1
1 126 3070 1
1 2689 2835 1
2 874
2 4880
1 310 2908 0
1 305 1952 0
1 980 1843 0
1 1935 3918 1
2 1784
2 3366
2 4005
1 3363 4339 1
2 2207
1 2939 4957 1
1 202 2515 -1
1 3272 4985 0
2 1982
1 3311 4909 -1
2 297
1 3665 4237 1
2 3021
1 300 3646 0
2 2049
2 4243
1 4376 4892 -1
1 31 2880 1
2 4722
1 824 4681 1
1 2361 4899 -1
2 2577
1 850 4386 0
2 4649
2 1606
2 4862
1 1843 2989 -1
2 3924
2 2291
2 2228
1 2635 3106 -1
2 3794
1 2894 3247 0
2 4915
1 2086 2738 0
1 2279 4680 1
1 2333 3393 0
2 4503
2 1405
2 238
1 2902 3700 -1
1 29 1670 1
1 540 843 1
2 3619
1 2691 4089 0
1 2954 3355 1
1 3157 4622 -1
1 108 542 1
2 2729
1 3186 4528 -1
2 405
1 825 4079 1
1 1455 3151 0
2 4188
1 1637 4944 0
2 4809
1 658 2630 1
1 1190 4886 1
2 1626
1 2044 3757 -1
2 4177
1 536 4550 -1
1 2471 4750 1
1 411 565 -1
1 2160 2166 0
1 1071 4885 0
2 3708
2 3764
1 3571 4785 0
1 2165 2616 -1
1 1324 1672 0
1 464 1510 0
1 2872 3930 0
1 1578 4882 0
2 190
2 1229
2 4708
1 1730 4713 -1
2 996
2 3737
1 1339 2355 -1
1 4291 4552 1
1 83 388 0
2 2283
1 2290 3397 1
2 835
2 163
1 3454 3614 1
2 2841
2 2200
2 386
2 3094
2 1025
2 2001
1 442 2832 1
2 4771
2 3601
1 3672 4461 1
1 851 1219 -1
1 216 753 -1
2 2145
2 858
1 1157 1813 0
2 4214
1 1144 1478 1
2 4266
2 3248
2 219
2 4009
2 4737
1 3160 3566 0
1 1656 2132 -1
2 378
1 615 881 1
2 1339
1 2261 3756 -1
2 1005
1 1876 1898 1
2 3173
1 2977 3413 -1
1 1314 1335 1
2 94
2 118
2 2659
1 4040 4539 0
2 2369
2 975
2 4086
1 260 1659 1
1 1964 3506 0
2 1068
2 1779
1 3015 3224 1
2 2894
1 792 1822 -1
2 1729
2 2109
1 2950 4770 1
1 2257 2311 0
2 3570
1 1926 2872 -1
1 3246 4315 -1
1 1736 3261 -1
1 1424 1978 1
1 626 1620 -1
1 1808 3065 -1
1 1580 1924 0
2 354
1 2990 4300 1
1 2731 3507 1
2 3337
2 4088
2 3443
1 1114 1926 0
1 887 4862 -1
1 1758 2876 0
2 1638
1 1443 1668 0
2 1565
2 4645
2 951
2 1362
1 1217 1869 1
2 3169
1 933 2381 0
2 3662
1 1409 2131 1
2 1835
2 1005
1 3024 4204 1
2 2200
1 1207 2264 -1
1 846 2316 1
2 3379
1 1411 4317 1
1 1476 2926 1
2 423
2 778
1 2899 3456 0
1 1027 1661 -1
1 390 4770 0
2 1438
2 1344
1 850 1824 -1
1 875 4930 0
2 1862
2 3847
1 836 4636 1
2 2093
1 2467 4578 0
1 2262 4143 0
1 1010 4269 -1
2 1734
1 3357 4895 1
1 3371 4122 0
1 833 3364 0
2 3786
2 1831
2 1910
2 1542
1 2367 4997 0
1 445 1701 0
1 3625 4558 0
1 911 3857 0
1 1984 3951 0
2 3856
1 84 1540 0
1 1891 2952 -1
2 1419
1 894 3466 -1
2 4691
2 1623
1 376 2345 -1
1 1393 3393 0
2 4788
2 2164
2 2406
2 2499
2 1817
2 4823
2 496
1 1621 3009 1
2 3955
2 2257
1 2373 3200 -1
2 1726
1 22 4379 0
1 337 1847 1
2 3869
2 1663
2 2455
2 2115
1 1910 4060 -1
2 916
1 444 3769 0
2 720
1 3783 4048 -1
1 546 1234 0
1 3212 4967 0
1 952 3210 0
2 3203
2 2865
1 1901 4523 -1
1 1511 2381 -1
1 1179 1819 -1
1 2540 2554 0
2 3311
1 2796 4130 0
1 1747 4620 1
1 3158 4803 -1
2 4235
2 164
1 633 1424 0
2 2650
2 1733
1 675 3264 0
1 1327 3240 1
1 96 1320 0
1 3829 3955 0
1 2806 4255 -1
2 3678
2 4682
2 2088
1 1346 3615 -1
2 3355
1 1196 3817 -1
2 4118
1 1415 4593 -1
1 565 2040 -1
2 4163
2 1930
2 1934
1 2122 2730 -1
2 2252
1 14 4560 1
1 488 3091 0
1 896 2467 1
1 1576 4697 0
2 3925
1 1724 3877 0
2 2702
2 127
1 1341 2099 0
1 2303 4027 -1
1 2046 4033 1
1 1163 4449 -1
2 3478
1 2249 2916 0
2 3334
1 3537 4011 -1
1 43 3646 0
1 2119 2759 1
1 188 908 0
2 1932
2 4477
1 1666 4052 1
1 950 3123 1
2 705
1 692 742 0
1 1645 4468 0
2 1570
1 2677 4270 1
2 4109
2 2880
2 89
2 2666
1 2621 3777 -1
1 201 535 1
2 4793
1 1352 2294 -1
1 3261 3350 0
1 26 2834 -1
1 373 4129 0
1 795 3313 1
1 907 4039 1
1 356 4982 -1
1 3771 4875 1
2 2358
2 1631
1 2544 3878 -1
2 4672
2 3298
2 1908
1 1057 2464 -1
1 3695 4522 0
1 639 4619 -1
2 1687
1 4733 4980 1
1 2906 3677 0
2 862
2 4043
2 3022
2 3548
2 2006
1 1575 2505 -1
1 1500 4471 1
1 2245 3236 1
1 1773 1793 0
1 3446 4882 1
1 1545 2980 1
2 4202
1 3685 3721 0
1 3562 3629 1
1 627 4415 1
1 212 3408 1
1 2188 3308 1
1 1425 1472 -1
2 2759
1 297 1020 -1
1 2962 3266 1
1 2372 4192 1
2 4218
2 2756
2 1984
2 3404
1 2165 3469 1
2 3104
2 1135
1 1421 3526 0
1 3027 4487 1
2 2596
1 4330 4356 -1
2 2232
1 1908 2525 0
2 3543
1 2975 4475 -1
1 75 4933 1
2 2124
2 626
1 2229 4619 -1
1 3199 3803 0
2 1020
1 506 2817 1
1 649 4982 1
1 2399 2401 0
2 1057
1 1379 2154 1
2 1664
2 4417
2 593
1 1486 3728 -1
1 14 2232 -1
1 4280 4298 0
2 887
1 3622 3641 1
1 540 1459 1
1 246 473 -1
1 1987 4480 1
1 4759 4879 -1
1 825 2758 -1
2 4838
1 488 1318 -1
2 1940
2 4735
1 687 767 0
2 4360
2 2258
1 3257 3530 0
2 2304
1 169 2378 -1
2 3948
1 2348 3897 1
2 1839
2 2598
1 1001 2032 1
1 2809 3942 1
1 3843 4370 1
2 3894
1 1153 4349 -1
1 1589 3141 1
2 4350
2 4909
1 1638 3135 -1
1 4033 4480 0
1 1822 2292 1
2 1706
1 167 4233 1
1 3936 4374 1
2 2441
2 227
2 3132
2 2604
2 529
2 4019
1 1078 3963 0
1 121 2338 -1
2 905
2 1206
2 3971
2 4764
1 397 1800 -1
1 440 3581 1
2 346
2 3327
2 1000
2 2710
2 4731
1 1353 3514 0
1 2700 3411 1
2 626
2 2894
1 4678 4967 -1
1 1054 3262 -1
1 3113 3532 0
2 4452
1 1983 3479 1
2 3935
1 2510 3455 1
1 2243 4350 1
1 984 2190 1
1 481 2658 0
2 2352
1 3090 4136 0
1 2627 4994 0
1 431 2258 1
2 2498
1 4652 4690 1
2 4228
1 3084 4242 -1
1 2744 4373 0
1 804 4894 1
2 1055
1 2211 3341 -1
1 1011 1727 -1
1 1326 1384 1
1 3574 4807 -1
2 1501
1 183 203 -1
1 3510 4095 0
1 2718 3040 0
2 4246
1 2128 4543 -1
2 1564
1 2580 4427 0
2 1720
2 1136
2 1086
2 3718
2 2069
1 1190 3612 -1
2 513
2 1816
1 1889 4642 -1
1 1846 3628 1
2 506
2 2646
2 1525
1 1395 2153 1
1 2733 3662 1
2 4526
1 1517 2763 1
2 3014
2 1545
2 3861
2 3642
2 4541
1 429 3540 0
1 1336 1900 0
1 3523 4660 1
2 3284
2 3179
2 78
1 3570 4857 -1
1 874 1961 0
1 2718 3837 1
1 983 2515 0
1 4056 4065 1
1 1470 4310 -1
1 4142 4701 0
2 4965
1 3299 4440 1
2 4935
2 2974
2 2525
2 1581
2 2788
2 1191
1 860 2573 0
1 1514 3621 0
1 1180 4918 1
2 4862
1 2295 4754 -1
2 4256
1 1876 2424 -1
1 2286 2933 0
2 1734
1 2304 3696 -1
2 807
2 247
2 26
1 570 1724 0
1 429 1392 1
1 1633 3696 1
2 4513
1 801 871 1
2 4157
1 2899 3748 0
2 2595
2 3978
2 589
2 238
1 471 4659 1
1 308 728 1
2 1376
2 576
1 1615 4490 1
2 2678
2 4347
2 337
1 941 2298 0
1 1540 3714 0
1 578 2722 -1
2 4528
2 4784
2 141
2 96
1 418 1865 -1
2 2329
2 4821
2 4941
1 3740 3888 0
2 905
1 2459 2504 0
2 2312
1 3849 4630 -1
2 3093
2 4879
2 2785
2 113
1 1946 2420 0
2 100
2 4381
1 927 4403 0
2 4247
1 1093 2649 -1
1 2054 4797 0
1 4370 4805 0
2 3634
1 1432 3628 0
1 1130 1200 1
2 2025
2 2719
1 967 3723 -1
2 4079
1 2450 2925 -1
2 1298
2 3988
1 162 3665 1
1 2754 4596 1
2 1235
1 3940 4010 -1
2 2621
2 3380
1 1278 2856 -1
1 2295 4513 -1
2 584
2 3274
1 689 1789 0
2 3905
2 4406
1 1905 3426 1
1 248 3009 -1
1 3974 4299 0
2 3492
2 377
1 86 276 0
1 302 313 -1
2 4407
2 424
1 1158 3611 -1
2 4778
1 135 3878 -1
2 4359
2 4947
2 3863
2 4038
1 3592 4054 1
1 4547 4923 1
2 2995
1 437 2161 1
1 3113 4121 -1
1 1184 4381 1
2 446
2 3717
1 2282 2452 0
2 3795
1 3079 4235 0
2 945
2 2743
2 2761
2 2793
1 4205 4700 1
2 4324
1 974 3979 0
2 1029
1 1110 2266 -1
1 695 1030 1
1 751 4040 0
2 3238
2 3457
2 1879
2 2027
2 619
2 425
1 1345 1598 0
1 1687 2362 1
2 3524
1 1554 2881 0
1 575 2565 0
1 483 694 -1
2 954
2 1783
1 2970 3564 1
2 1721
2 4600
2 1457
2 4636
1 1766 3886 0
1 2100 2783 0
2 389
2 2009
2 4043
1 1754 2889 0
1 534 3270 0
1 2650 4625 1
1 442 3756 0
1 998 2608 0
1 3 476 -1
2 473
2 3786
2 1793
1 2285 2478 0
2 2481
2 2237
2 3320
2 1248
1 2406 4031 -1
1 809 1252 1
1 329 1219 -1
2 4503
2 4948
1 1788 3842 -1
1 467 1050 0
1 270 2288 0
1 3445 3655 0
2 4632
2 3887
2 4398
2 543
2 1463
2 4939
2 581
1 517 1363 1
2 3187
2 1224
1 3514 3945 -1
2 4985
1 379 2013 0
1 3771 4238 0
2 573
2 1336
2 647
1 3838 4656 1
1 997 2689 -1
1 2021 4609 -1
2 2623
1 2869 3142 -1
1 1292 4557 1
2 2727
2 3441
2 4151
2 2883
2 48
2 3237
2 2651
2 3994
1 400 2280 0
2 3730
2 2633
2 2495
1 380 3005 0
2 1471
1 1718 3994 0
2 4051
1 2657 4700 -1
1 1543 3499 1
2 379
2 3941
2 3015
2 1436
2 274
2 687
1 1397 1647 0
2 4087
2 4990
2 3264
2 3928
1 1012 4181 0
2 367
1 3387 4546 -1
2 116
2 253
2 2034
2 3100
2 4917
1 247 1685 -1
2 3732
2 2146
2 2546
2 718
1 1178 2329 1
1 3803 3964 0
1 457 4643 0
2 3376
1 1474 4445 -1
2 288
2 4448
2 4901
1 208 218 0
2 2694
2 3915
1 1736 4676 1
2 3795
2 4737
2 4541
1 2557 3368 1
1 2074 4754 1
2 4847
1 3315 4985 0
1 2933 4023 -1
2 2776
1 359 2148 0
1 931 4753 1
2 2422
1 4012 4988 1
2 3490
2 4554
1 1093 2293 -1
2 2606
1 2385 2651 -1
1 1342 3900 0
2 2944
2 785
1 731 2517 0
2 4305
2 4723
1 255 861 0
1 98 4432 -1
1 3847 4831 1
2 2512
2 4961
1 1140 2821 -1
2 4837
2 3161
1 2627 4836 -1
1 1607 4814 1
2 1230
2 236
1 781 2914 0
2 1181
2 2903
2 2055
2 1042
1 4072 4226 -1
1 389 4743 -1
2 3047
2 2669
1 299 2408 1
1 162 4641 1
1 383 2872 0
1 2077 4779 -1
2 2653
2 1634
2 3033
2 3785
2 4248
1 2395 4367 1
1 1634 4525 1
1 572 2000 -1
2 3735
2 3565
1 1544 4558 1
2 707
1 1696 3299 0
1 1494 2224 0
1 212 4486 -1
2 1361
1 1148 2540 1
2 873
1 2397 3885 0
2 4686
2 2883
1 1436 3620 0
2 4752
2 1041
2 2224
1 1894 2629 0
1 793 2839 1
2 3294
2 669
2 201
2 4090
2 3953
1 2064 3588 1
2 4893
1 499 3651 -1
2 4383
1 38 3369 0
2 2700
2 4161
2 419
2 2604
2 1529
1 249 2000 1
1 146 488 -1
2 3464
1 762 949 -1
1 833 4457 0
2 1883
1 1151 4099 0
1 4333 4823 1
2 2032
1 2786 3926 1
2 1775
1 3432 4211 0
1 2061 3867 1
2 1973
1 1608 2942 0
2 820
1 1922 3877 1
2 3004
2 939
2 2109
1 2169 3641 0
2 3460
2 2044
1 312 4817 -1
2 1573
1 11 2192 0
2 3804
1 674 1714 -1
1 474 2197 -1
2 4822
2 4518
1 760 4692 1
2 677
1 445 3999 -1
1 1996 2748 1
2 1131
1 4171 4576 0
1 1738 2627 0
2 3137
2 4205
1 1826 2334 1
1 1586 1930 1
2 1481
1 315 3909 0
2 60
2 4541
2 2135
2 2318
1 4495 4603 -1
2 3173
1 74 1099 0
2 2334
1 842 3932 0
2 4414
2 350
2 1456
1 32 2963 -1
2 2584
2 371
2 4098
2 1241
1 2747 2960 1
2 4917
2 3867
1 688 2133 0
2 763
2 44
1 1093 2667 -1
2 3663
1 2836 4960 1
1 42 3061 -1
2 3984
2 1219
1 1137 3258 1
1 1262 4625 0
1 1130 2572 1
2 4289
1 696 2038 -1
2 943
1 1331 2817 0
1 3151 4238 1
1 638 3511 1
2 3102
1 1810 2180 0
2 3173
1 4561 4854 -1
1 3463 4170 1
1 1982 4226 -1
2 4335
2 2610
1 1496 1708 1
1 2240 2446 1
1 655 4941 -1
2 3130
1 668 2558 0
1 4298 4859 0
2 2804
1 2044 3418 -1
1 1306 3999 -1
1 3733 3861 0
2 3639
1 106 1279 -1
1 2822 4817 1
2 4929
2 4227
2 2863
1 829 3665 -1
1 1441 2017 -1
2 2709
1 3649 4916 0
2 1037
2 759
1 3550 4395 1
1 731 2425 -1
1 2510 2761 -1
1 1294 3167 1
2 3049
1 903 4003 -1
1 1075 2708 1
1 101 4575 -1
1 578 3018 -1
2 2972
2 4937
1 1912 3682 1
1 2865 4359 -1
2 3021
2 2461
1 1257 2866 0
1 895 2251 -1
2 2894
2 4036
1 3196 3629 -1
1 1026 2755 0
1 696 3230 -1
2 3915
2 622
1 3117 4429 1
2 2481
1 1368 4327 0
2 2276
1 1740 3951 1
2 1696
1 900 4692 -1
2 259
2 3068
2 1452
2 1449
1 147 596 0
2 2278
2 2780
2 4533
2 125
2 3251
2 2869
2 3825
2 4112
1 1907 3141 -1
1 1594 1740 0
1 4207 4566 1
2 513
2 4266
2 3130
1 732 1208 -1
1 2539 3334 1
1 3660 4219 -1
1 1538 2968 1
1 588 2675 -1
1 1868 2022 -1
2 641
1 1078 2642 -1
1 1138 2861 0
1 2885 4757 -1
1 2241 3608 -1
2 1669
2 618
1 2820 4478 1
2 1133
2 2456
1 2246 4473 -1
2 4361
1 2372 4098 -1
1 4039 4141 1
1 1418 2082 0
1 1128 4127 0
2 4195
2 781
1 31 4938 1
2 2486
1 1109 2283 1
2 1425
1 317 3202 0
1 1224 2509 -1
2 4091
2 2249
2 3761
2 3823
2 915
2 2842
2 1565
1 458 675 1
2 3042
1 3267 3920 -1
1 1938 2344 1
2 2074
1 1068 2969 -1
2 4296
1 39 4973 -1
1 1496 4558 1
2 1058
2 2111
1 519 3195 -1
2 3629
1 3141 3521 0
1 363 1549 0
2 2011
1 1483 3299 0
2 4757
2 1391
2 1011
1 723 4799 -1
2 3373
2 280
1 2816 4348 -1
1 1942 4384 1
1 1231 2882 -1
2 4903
2 4408
2 2005
1 1654 3063 0
2 2496
1 2714 3885 1
2 4157
1 1597 3038 1
1 105 1981 -1
2 278
2 390
1 54 771 1
1 2024 4191 0
1 449 4857 1
1 1336 3449 -1
2 3821
2 582
1 3172 4543 0
1 1985 2861 -1
1 2655 3709 -1
1 3802 4495 1
2 491
1 3230 4332 1
1 539 1591 -1
2 3297
2 145
1 4949 4958 0
1 2001 3353 1
2 4597
2 4709
2 1333
1 811 3583 0
1 1039 3812 -1
1 168 619 0
1 582 1411 -1
1 2587 4620 -1
1 1962 4959 0
1 450 4947 0
2 3041
1 169 2293 -1
1 1287 4547 1
1 1552 3227 -1
1 2708 3884 1
2 4357
1 1480 4214 1
2 1772
1 3393 3675 1
2 857
1 2260 4342 0
1 2239 3442 -1
1 890 1557 0
1 2030 2389 1
2 1353
2 461
1 556 1748 1
1 1257 2461 0
2 71
2 1506
1 3683 4313 0
1 3998 4493 0
1 295 1909 0
2 4851
1 1163 1487 1
2 3848
2 1201
2 2889
1 1117 4768 -1
1 1498 1507 -1
1 1868 2092 1
1 1023 3168 -1
2 1712
1 440 3783 0
1 224 2559 0
2 2590
1 439 3724 -1
2 980
2 1636
2 1687
2 2084
1 1571 2310 -1
1 2866 4368 1
1 1632 3168 0
1 1327 3472 1
1 517 3384 0
1 1938 2134 -1
1 489 2363 0
1 282 4313 -1
1 2476 4045 1
2 636
1 1752 4335 1
1 2278 3140 0
1 3719 4204 -1
2 2426
2 3180
2 1484
2 4825
1 336 1198 -1
1 58 2762 -1
2 407
2 4388
1 1200 3808 0
1 822 3493 1
1 797 1602 -1
2 7
1 928 4212 -1
2 2039
1 1134 4962 -1
1 4008 4664 -1
1 1153 4653 1
1 179 3954 0
2 4233
2 2052
1 1823 4773 -1
1 3243 4890 1
1 2527 3231 -1
1 3471 4538 1
1 1420 2460 -1
2 4841
2 2711
1 3172 3711 0
1 1773 3543 0
1 783 3858 0
2 3018
1 1997 2782 1
1 715 1423 -1
2 2196
2 1534
1 3800 3951 0
2 4256
2 1436
1 464 858 0
2 1754
2 722
2 2815
2 1918
1 847 1924 0
2 3423
1 2735 2953 0
1 1434 4939 -1
1 1974 4892 1
1 3124 4545 0
2 75
1 1420 2067 0
1 1662 4658 1
2 1920
1 3529 3572 0
1 1396 4331 1
2 3596
2 3833
2 902
2 2920
2 1317
1 999 3342 0
1 4351 4570 0
1 271 2723 -1
2 927
2 4436
1 1112 2167 0
2 2867
2 1878
2 4593
2 4674
2 1365
1 3183 3696 -1
2 2871
1 1612 3304 -1
1 304 3706 -1
1 386 897 0
1 284 4027 1
1 3960 4963 0
1 3932 4367 -1
1 773 4938 -1
2 671
1 1554 3526 1
1 2230 3147 0
1 525 1121 0
2 1015
1 476 3763 -1
2 1036
2 4526
2 4645
1 4433 4504 0
1 3959 4888 -1
2 2331
1 1143 2081 0
1 315 601 1
1 337 2569 1
2 2201
2 1976
2 3200
1 1618 1944 1
2 1394
1 31 3725 0
2 1203
2 405
1 1455 1629 0
1 559 4691 -1
1 1576 2371 1
2 1096
1 1399 2535 0
1 2529 4643 0
1 1082 4855 -1
2 4556
2 2472
1 2264 4385 1
1 784 1678 0
2 1988
1 3294 4869 0
2 3084
1 914 3969 -1
1 1591 2642 -1
2 4413
2 3290
1 788 3631 -1
2 2072
2 2553
1 99 4359 -1
2 2747
2 516
2 2845
1 1493 3726 -1
2 4271
1 945 3533 0
2 3732
1 2320 3101 -1
2 1302
1 728 3090 1
2 566
1 2814 3033 1
1 2047 4073 0
1 3125 3820 1
1 3260 4174 0
1 135 337 1
2 4458
2 1762
2 957
1 1719 2800 -1
2 1239
2 3045
2 1594
1 2104 3648 -1
2 4894
2 1356
1 2271 4213 -1
1 1285 3348 1
1 75 4478 1
2 2756
1 105 4351 -1
1 4020 4702 1
2 495
2 2267
2 1227
1 1105 2204 0
2 4246
1 1302 2894 1
1 221 2853 -1
2 976
2 4460
2 588
1 2978 3138 1
2 4801
1 1405 4559 1
1 2176 3760 1
1 2200 2742 0
1 304 1006 -1
2 4407
2 2687
1 245 4275 -1
2 4703
1 2538 4479 0
1 2715 3638 1
2 3130
1 1755 3619 -1
1 379 3630 -1
2 2190
1 3687 4601 -1
2 1031
1 4100 4516 1
1 1862 3822 -1
2 1306
1 2457 3781 -1
2 4821
2 1493
2 3690
2 1084
2 2120
1 1856 1979 -1
2 2560
1 779 4626 0
1 597 2054 1
1 1710 2293 0
1 431 3297 0
2 608
2 2716
2 4829
1 1013 2631 -1
2 942
1 1447 3207 0
1 1204 2871 1
1 2919 3268 0
2 2664
2 1545
1 2281 2719 0
1 217 3758 -1
1 1410 2671 0
2 456
2 4749
2 492
2 1050
2 1359
1 292 2123 1
1 2345 2534 1
1 1592 3436 -1
2 3804
2 4667
1 2822 3921 0
2 3234
1 3301 3757 1
1 3633 4230 -1
1 259 365 1
2 4918
1 1159 4354 -1
2 4078
1 2463 2882 -1
1 3906 4392 1
1 765 2682 0
1 613 1505 -1
2 3576
1 1790 4861 -1
2 3387
1 1931 4247 1
1 2863 3550 -1
2 200
1 301 333 -1
2 3378
2 4223
1 1503 2907 -1
1 1455 3127 1
1 889 4747 0
1 1471 2160 -1
1 4598 4615 -1
2 3514
2 166
2 4806
2 2703
2 2893
2 1428
1 1857 2869 0
1 2334 4276 0
1 3248 3443 1
1 1524 1646 0
1 975 1220 1
1 2274 3889 -1
1 694 1864 0
2 1759
2 1720
2 1204
1 1343 2367 1
2 2549
2 2804
1 2259 4276 1
1 2931 3498 1
2 1670
1 1132 4988 1
2 4579
2 2847
1 216 4337 1
1 2630 3326 0
2 570
2 1541
1 161 3483 0
2 3949
1 574 2066 0
1 1653 2468 0
2 802
1 78 3544 0
1 1685 1868 0
1 3382 4987 -1
2 986
2 2397
1 806 4092 0
1 361 4082 0
2 1501
1 1731 4417 0
2 240
2 4741
2 3937
1 1535 1917 1
2 1273
1 1662 2482 1
1 1767 4521 0
1 982 1848 -1
2 833
1 344 4048 0
2 4984
1 2202 4866 1
1 1453 4022 0
2 340
2 2569
2 4782
2 675
1 1539 3694 1
2 3009
1 1195 4937 0
2 3740
1 1730 2167 0
1 2027 2042 1
2 1932
2 597
1 2732 4448 -1
1 983 3756 0
2 1181
1 647 895 -1
2 2188
2 619
2 2310
2 2029
1 810 3776 -1
2 1407
2 1216
1 950 1604 -1
1 418 2021 -1
2 4173
2 2471
1 3782 4770 1
1 3258 4187 -1
2 783
2 4195
2 687
2 4556
2 4212
1 338 4523 1
2 642
1 3313 3807 0
2 2255
2 1328
2 2300
1 1430 4857 -1
2 2029
1 3048 4645 0
1 2535 3274 0
2 4039
2 896
2 1104
2 3029
2 2025
2 4401
2 584
2 769
2 693
2 1407
1 1274 3194 0
1 1407 2886 0
1 3781 4090 -1
1 937 3369 0
2 1527
1 1020 2698 1
1 1429 4116 -1
2 4631
1 787 3854 0
1 889 4474 0
2 3364
1 4766 4939 1
2 3963
2 1847
2 3270
1 492 4628 0
2 4611
1 1675 2845 1
2 2988
1 2965 4465 -1
2 88
1 2819 4379 1
1 2770 3339 0
1 970 4888 0
1 960 2980 1
2 3450
1 219 3322 1
1 1322 4796 1
1 4619 4686 0
2 1528
1 1400 3811 0
2 4723
2 840
2 1214
1 1463 1935 1
2 1504
2 749
2 3116
1 1172 4303 -1
2 4959
1 3292 4966 0
1 22 4897 0
1 3152 3293 -1
2 155
2 1615
1 1474 3294 -1
1 599 1436 0
1 1877 2762 1
1 429 1578 0
1 3878 4302 1
2 1411
2 864
1 1829 3501 1
1 28 1865 0
1 1174 2449 0
2 4719
1 2701 4964 -1
2 1389
2 4648
2 2491
1 917 3328 1
2 516
2 2378
1 638 2636 -1
2 4722
1 557 2627 -1
2 1239
1 83 4223 -1
2 2689
2 1750
2 319
2 488
2 2418
1 96 1632 -1
1 70 217 -1
2 1387
2 354
2 4587
2 166
1 1236 1975 -1
1 1851 4971 1
2 4515
1 2580 2852 1
2 4890
1 2172 4940 1
1 2463 4719 0
1 2722 3617 0
2 4725
2 1219
1 3099 3191 1
1 3087 3580 1
2 3638
1 1863 3061 1
2 2048
1 1589 2188 1
2 1792
1 946 2179 -1
1 4163 4718 -1
1 1789 3737 0
1 1191 2456 1
2 913
2 2514
2 4888
1 2604 4073 -1
2 3298
2 1244
1 3354 3752 1
1 2036 4860 0
2 1278
1 645 1419 1
1 2910 3033 0
1 431 2202 1
2 4924
2 2816
2 1752
2 2513
2 4358
1 2864 3586 1
1 1367 4946 -1
1 2874 3984 0
2 2238
1 1497 1934 1
1 3225 3677 0
1 1216 1756 0
2 1264
2 491
2 3183
1 955 3476 -1
2 1367
1 426 4359 1
2 671
1 325 2894 -1
1 1423 4256 0
2 2004
2 3686
1 252 4242 1
2 2845
1 2318 2560 -1
1 1353 3662 0
2 4395
2 1306
2 3907
2 4881
1 196 454 -1
1 4472 4600 0
2 1400
1 2635 3535 -1
2 129
2 2890
1 3746 4811 1
1 648 3306 0
1 58 2067 0
2 3884
2 4747
1 1117 4817 0
2 2587
1 1744 3683 -1
2 4125
2 1618
1 1036 3769 -1
2 751
1 676 688 0
2 4004
2 1689
1 449 2753 1
2 4194
1 3450 4441 0
2 1285
2 1685
1 3797 4012 -1
1 483 963 0
1 115 4108 1
1 2190 2975 -1
1 2819 3290 1
1 849 2789 0
1 1230 2497 1
1 5 3861 0
2 290
1 695 3519 0
1 1067 2647 0
2 2589
2 3084
2 3304
1 820 2488 -1
1 1658 2743 0
1 1443 2494 1
2 34
1 2937 2980 -1
1 1889 2329 -1
1 1330 4317 1
2 152
2 1011
2 3818
2 4233
2 4559
2 333
2 306
1 3497 4791 -1
2 372
2 3854
1 2505 2529 0
2 2561
2 361
2 1795
1 1315 3701 -1
2 799
1 484 1254 1
1 263 3526 1
1 1014 2907 -1
2 4464
1 1516 1868 1
2 2098
1 493 2368 -1
2 3463
1 2870 4013 0
2 1756
2 4412
2 2675
2 4522
1 3066 4545 1
1 1751 2814 1
2 4203
1 675 4402 1
2 1182
1 2080 4086 0
1 1784 3990 0
2 4265
1 3724 3960 0
1 2295 4262 0
2 4297
2 1323
2 3126
1 2380 2947 0
2 1480
1 1302 4013 -1
2 140
2 4172
1 1324 4949 -1
2 2147
2 1914
2 3796
2 3026
2 4305
2 569
2 4965
1 1884 3024 0
2 3461
2 4471
1 1338 1671 1
2 2902
1 280 486 1
1 2618 4112 0
2 4201
2 3602
1 1521 2622 -1
2 4828
2 341
2 3452
2 3314
1 2588 4332 0
1 974 2885 0
1 3852 4182 0
2 502
2 3515
1 2300 4384 -1
2 4599
2 3865
1 2603 3784 1
1 257 2425 -1
1 3447 3586 -1
2 3268
2 4879
1 548 659 -1
2 2159
1 2566 2631 1
1 274 2694 1
2 4009
2 2042
1 1034 4774 1
2 2480
2 642
1 100 3404 -1
2 3772
2 3505
1 1930 2999 1
1 3884 4141 0
2 3144
1 2752 3704 0
1 2688 4793 -1
2 839
1 1411 3295 0
2 3083
1 2350 2608 0
1 480 1270 1
2 29
2 1923
1 2225 2501 -1
2 4469
1 1349 4202 0
2 544
1 3687 3854 -1
2 4912
2 749
2 2944
1 438 4239 1
2 2107
1 2111 3295 -1
2 1635
1 3053 4237 1
1 1792 4864 -1
2 2276
1 1719 4152 0
1 540 3656 0
1 1745 1871 -1
2 3184
2 2898
1 3675 3730 -1
2 1831
1 59 4893 -1
1 1837 4796 0
2 210
2 3952
2 376
2 1221
2 9
1 1712 3708 1
2 1823
2 2405
2 1037
1 497 3601 -1
1 2105 3188 0
1 2262 3672 1
1 860 4071 -1
2 2273
1 817 3338 1
2 2076
2 2461
1 3161 4434 0
2 3287
1 2689 4535 -1
2 1411
1 533 3264 0
2 3119
1 4323 4933 -1
2 2602
2 1977
2 1953
1 2987 4597 0
1 1079 4187 1
1 944 4607 -1
1 1568 3428 -1
2 1474
1 591 2268 1
1 1472 4356 -1
2 4999
2 3290
2 403
2 2177
2 1802
1 995 4102 1
1 3100 4435 -1
1 214 2013 -1
1 908 4199 -1
2 1431
2 1369
2 1814
1 665 1804 0
2 3268
2 3991
2 241
2 581
1 1118 3507 -1
2 901
1 1474 3932 0
2 1566
1 1406 1851 -1
1 1196 1732 1
1 1828 4986 1
2 3053
1 19 4254 1
1 1632 2533 -1
1 2689 3309 -1
1 696 4568 -1
2 3109
2 3320
2 4503
2 1933
1 865 4585 1
1 715 2159 0
1 1589 2159 -1
1 3554 3859 0
2 2159
2 2306
1 3177 3529 -1
1 604 2426 0
2 1582
2 1046
2 3418
1 2306 3241 1
2 3191
2 1348
1 2231 3518 -1
2 2868
1 340 2702 -1
2 971
1 477 1798 -1
1 2299 3086 -1
1 1050 2375 -1
1 1217 4418 0
1 2173 2583 1
1 1359 4097 -1
1 2368 3961 -1
1 2281 4969 0
1 1678 1869 -1
2 2576
2 352
1 688 2644 1
2 1575
2 2153
2 944
2 3675
2 85
1 3153 4073 1
1 2446 3274 1
2 4328
2 1197
1 1438 4230 -1
2 2551
2 4367
2 4402
1 1561 4348 -1
1 627 1909 0
2 1164
1 2085 4623 1
1 2990 3078 0
1 4792 4949 -1
2 3370
1 446 3496 -1
1 557 1390 -1
1 2734 3020 -1
1 1721 4366 -1
1 646 4561 1
1 944 991 -1
1 294 3669 -1
1 541 4337 -1
2 4181
1 3816 4738 0
1 486 2573 -1
2 1740
2 2965
2 3110
2 2824
2 1406
2 1109
2 731
1 2390 4884 1
2 1541
2 809
2 2750
1 410 2215 0
2 4339
1 2810 4330 0
2 3761
1 4674 4827 0
2 414
2 1326
2 1586
1 288 844 0
2 859
2 2234
1 493 1942 -1
1 3507 3655 1
1 3215 4325 1
1 3051 4586 1
2 4043
2 4428
1 795 1469 1
2 2051
2 2068
2 1871
2 187
1 3233 3599 1
2 809
1 1937 3411 0
1 3404 4086 0
2 1956
2 4259
1 904 4225 -1
1 73 3398 1
1 1653 3125 1
1 1678 2490 1
2 4987
2 2218
1 1846 4786 0
1 940 3711 1
2 3223
2 4717
1 576 4649 1
2 3664
1 2890 2986 1
2 1098
2 4383
1 2793 4921 -1
2 593
2 3866
1 2213 4645 -1
2 961
1 562 1174 0
1 1941 4263 -1
2 1738
1 192 604 -1
1 512 3566 1
2 2084
1 1101 1566 0
2 3224
2 2814
1 1163 2659 1
1 810 4896 0
1 212 851 1
1 833 4001 0
2 286
2 3167
2 695
2 662
2 943
1 1150 4759 1
2 2995
1 761 2537 0
2 4969
1 268 4104 0
2 3615
2 1125
2 600
2 4770
2 2451
2 1879
1 4000 4875 0
2 4817
1 2008 2148 -1
1 1438 2345 -1
1 682 2035 -1
2 3236
2 4445
2 629
2 3471
1 3369 3450 1
1 628 4705 0
2 4795
2 2095
2 1096
2 1600
1 96 3977 1
2 2261
2 4869
1 2314 2373 0
2 4688
2 2573
1 2918 3261 1
1 756 3780 1
2 4657
2 1522
1 3582 3909 -1
2 2926
1 594 1704 -1
1 1144 1623 0
1 1224 2353 1
1 98 3549 -1
2 3198
1 3302 4700 1
1 1670 2450 0
1 70 1352 -1
2 834
1 2829 3916 -1
1 209 3997 -1
2 3690
1 3187 4931 1
2 2380
1 3383 3657 -1
1 930 3028 1
2 1955
1 1798 4588 -1
1 2571 4636 0
2 273
1 1101 2165 -1
2 1305
1 1417 3433 1
1 60 3063 0
1 1014 4507 -1
2 206
1 1440 2037 -1
1 2251 3324 -1
2 34
2 4039
1 3754 4416 -1
1 301 1023 0
2 2771
1 875 3551 0
2 1625
1 2340 3349 0
2 3717
1 549 3627 -1
1 2175 4351 -1
1 416 4357 1
1 341 4712 0
1 2457 2809 0
1 1720 2967 1
2 1033
1 1204 3008 -1
1 519 3722 -1
1 322 1301 1
1 2735 4263 0
2 922
1 3214 4845 0
1 2338 3057 0
1 374 4747 1
1 1371 3015 -1
1 243 3395 0
2 4231
2 4425
1 2714 4314 0
2 3308
1 3584 4983 -1
2 4847
1 477 610 1
1 2668 4762 1
1 3232 3334 0
2 4107
2 610
2 3266
1 829 2592 1
2 2404
2 4532
1 1928 3311 1
1 3578 4360 -1
2 1760
2 1797
2 3459
2 2130
1 65 4390 -1
1 1969 3090 -1
1 92 1476 0
1 1141 4051 0
1 1413 2115 -1
1 1571 4648 -1
1 3712 4827 -1
1 2937 3517 1
1 2554 3493 1
2 3162
1 1562 4415 -1
1 1923 2108 -1
1 843 2612 1
1 156 4581 -1
1 3442 3966 1
2 960
2 743
1 543 1017 0
2 1954
1 813 4214 -1
1 575 2723 0
2 2448
2 4249
2 4486
2 2279
2 151
2 2319
1 232 583 1
1 263 3149 1
1 2512 4790 0
1 4476 4543 -1
1 3137 3292 1
1 939 4749 1
2 635
2 676
1 606 3639 1
2 990
1 2231 3332 1
1 9 4695 -1
1 1172 2383 1
2 2420
1 2982 4509 1
1 4444 4761 0
2 256
2 156
1 50 865 0
2 970
2 1544
1 2889 3654 0
1 1707 4858 1
1 1232 4638 -1
2 4042
2 3812
1 928 4837 -1
1 2969 3113 -1
2 1545
1 4244 4610 -1
2 1841
2 1192
2 3547
2 370
1 824 4419 1
1 2885 4150 0
2 4849
2 261
1 1386 4446 0
2 663
1 609 4389 1
2 3198
2 31
1 449 4071 1
2 2965
2 720
2 2422
2 4089
1 2017 2936 1
2 2643
1 3456 4015 -1
2 4961
2 4501
2 4955
2 700
1 920 4918 1
1 1765 3046 0
1 584 853 1
2 2927
2 4128
2 3657
1 501 1124 1
1 145 1059 1
2 3376
2 152
2 300
1 108 1334 0
2 3092
2 3597
1 2498 4755 0
1 2894 4697 1
2 3962
2 2382
2 851
2 2767
1 2991 4166 0
1 4005 4191 -1
1 1288 4536 0
1 1256 3296 1
2 4517
2 857
2 2885
2 5000
2 3336
2 1320
1 2406 2982 0
1 1089 3633 0
2 402
1 2316 4691 -1
1 3295 3916 1
1 3045 4401 1
1 1519 2133 1
1 2470 3729 -1
1 1280 3106 0
2 1415
2 4119
1 1094 2369 -1
2 3594
2 2602
1 1551 3463 -1
1 1711 4388 -1
2 3039
1 2457 4705 1
1 1319 4046 0
1 144 1667 0
2 3391
2 2138
2 4568
1 3713 4478 -1
1 649 2860 0
1 2037 2995 -1
1 2475 4675 1
2 3628
1 1613 4488 1
1 3131 4114 1
1 1129 3271 -1
1 2347 2407 0
2 613
2 4076
2 4672
1 539 592 -1
2 1414
2 331
2 4195
1 3556 3576 -1
1 187 2213 -1
1 596 1332 1
2 3714
2 2162
1 241 4504 0
1 989 1631 0
2 306
2 4635
1 2158 2211 1
1 1342 4611 1
1 91 3889 0
1 4782 4988 -1
1 979 2272 1
2 3353
2 3519
1 559 2213 1
1 3858 4335 -1
2 4019
2 4166
1 3513 4681 0
1 236 1760 -1
2 3031
1 874 1150 1
2 729
2 1163
1 3089 3359 0
1 3198 4152 1
2 3440
1 2605 4401 1
1 1525 2152 0
1 1151 4385 0
1 876 1422 1
1 2057 3936 -1
1 2886 4660 -1
2 4428
2 3902
2 4997
2 2277
1 4314 4704 1
1 1001 4326 0
2 2568
1 522 2307 1
1 1805 2083 -1
1 1160 4585 -1
2 1180
2 776
1 3827 4806 0
2 625
1 2191 4342 -1
2 1394
1 2674 4852 -1
2 4188
2 3495
1 1165 3191 -1
1 3071 4359 -1
1 1798 2604 1
1 3002 4053 0
2 350
2 4204
2 1634
2 3234
1 3499 4431 1
2 1725
2 2544
2 2580
2 1288
1 2296 3595 -1
1 1658 4226 1
2 4396
2 2697
2 1726
1 646 861 -1
2 4411
1 3877 4652 0
2 1811
2 1163
2 4358
2 1922
1 2753 4240 1
1 18 1709 1
1 2520 4323 1
1 3269 4231 1
2 2921
1 733 4410 0
2 3518
2 551
2 1606
