1101010100
101110101
0110010100
10000011
1000001000
01010000
10011000
1000111000
00100001
000110011
0100001110
00010010
10101100
0010100000
00111000
110000000
001000111
101100001
0000011001
101001101
00011000
000101000
1001000010
100101100
00000110
01001000
1100000010
00000111
100100011
0000100110
010101000
0001010001
0000001100
100100100
01000001
0000000110
010000010
0100001111
11000000
1110000000
1100010000
111110001
00000011
00000101
000100100
0001100111
100101101
0010010001
1011110000
10001000
00001010
000001110
1010011011
110100000
10001101
0001011000
00000101
100101100
100010001
0100100000
000000000
110011000
010001100
000001101
01101001
10001001
00100010
010010000
0111110010
0011101010
00101000
10100001
00101110
011100000
0001011101
01010100
11100100
01010001
0010000000
101100110
10000101
010100110
010110011
10001000
000000011
1010010001
0010010010
0010100110
00011001
10000100
10100100
01000011
1101001011
01100000
00001010
01000001
101000101
000000101
00010111
0011110010
0100100100
01001000
011000100
001010001
10011000
011000000
0100101011
000000011
0100101101
0110101101
1110100011
00101000
00010110
00110100
00110000
00010100
110001000
10011001
1100001010
10100000
0011011000
00010110
1000010001
01100100
1010010010
111000001
0011000000
110100100
11100000
00010110
0000000000
10001000
0110110001
10100000
0010001111
101000101
000011000
001001100
11000100
101001000
11011000
10000001
010000101
0010001000
10010010
1001111110
11001000
001111010
1010010000
10100100
1100101011
01010000
001000101
100101000
0001111001
00100100
010000010
01000100
00100010
0101011010
1100100111
01000100
0000010001
0100110001
1110010000
001000110
110010110
00010100
00001101
00001001
110101100
00101000
100001101
1000110101
1001101110
0001110001
00100100
0100010011
1000001001
010000110
11100000
00011000
100100001
00000110
0101101011
100100001
0011000000
100100000
001010110
1010100101
1000001010
00001000
01011000
0111100100
0100000101
010010010
001011100
10100000
01010001
0101110000
011001100
1001101000
01000101
01100010
1010010100
101001000
010011110
0101001011
00100100
0000001100
10000001
0000001100
0100001010
00010101
110111000
010000001
111000000
000111001
1011000110
0110001001
001100100
10010010
100010010
0110001110
0000001010
0000100110
0100010011
00110000
101010111
01100001
10100100
10100011
111001000
1100110111
0000011100
001000111
00100100
100100000
11100000
000010011
110100101
101110000
1100001010
0010101000
00010001
11000100
1101100110
010110000
001000111
1000010100
000111011
01001001
01101100
11000010
010110001
111011100
00110000
11010001
0110010001
001000001
111010001
001010110
1101001000
110000000
010000100
0110010001
0110010010
11000101
00110100
1000100100
0101111001
001000100
01100010
00000101
1001000011
0010001001
00001100
00000000
1000101010
100100110
10000001
0001110101
00000000
01001010
1100010000
110011100
00000101
1010000100
01001010
1010000001
1001000001
01100000
100110001
01101100
010010110
010110010
1111000010
00100001
1101000011
010000011
00100011
1000101100
001101001
100001101
1100011011
00010011
001001101
1100001010
1100000101
01010101
00001100
001110000
010100100
100111001
01000100
0010100001
110100110
01011000
000101000
10011100
01001000
010111000
0001111001
10010100
000100100
000110010
110000010
01100000
000011111
000110000
01000001
011011100
100100110
110001000
00101101
010000110
1010100001
01100010
00001111
010000100
100101000
111000110
00001011
10011001
01001100
1010100101
1001001111
00000110
01010000
00100001
1011100110
000010111
10010001
0010001011
1001000111
10001000
001101000
100010100
0101010110
0000111000
01111000
1011010010
000010100
0111100000
0000000101
0101110101
100100000
100001010
01001010
0100011111
01100101
11011000
000100100
100000010
00010010
010110001
1010111000
011000100
0010010000
010011101
00000111
001010000
00010011
000011100
101100011
10000100
000000111
1000010111
0001110010
110100101
110000000
001100101
0000000000
0100100000
001110001
011101100
10100100
0100010011
01000011
1110000111
011100111
10001000
0101111000
00100110
00010001
100010100
010001000
0010000010
111010000
010000001
11010000
00100001
111101000
011001110
1001010001
00101000
10010000
0100011111
0100100111
001010000
1100100100
0000011110
000101100
101001000
0000110100
010010101
010111000
0000011101
00110011
0110101100
11010000
1100101100
10000100
001010100
010000010
001111000
0101011100
01011001
1000100010
000110010
0101010001
011100000
00100100
101010000
0010011101
000000101
0110100100
000000011
101000100
00010011
110000000
001100000
0100101110
011000001
011011000
1000110010
010011100
0100001000
100010100
00100001
111100000
10001000
0110110000
00000101
10000101
00101010
0111010010
0110001110
00110010
000000000
111110000
100110001
10010010
00100010
00001101
11000000
1000000001
00000101
000011010
00011100
000101100
101011010
0000110010
00110110
11000000
10000100
00000110
00100100
100000010
100011001
001011100
00001100
110100100
0100000110
001001010
010010000
001000010
10110000
00000110
111000010
10000100
00000111
010001000
01100010
0101100110
11000000
001111010
1010111001
00011101
01010010
10010001
001010010
10010001
00010010
1001100101
0110011110
00100111
1001011011
001100100
0010011010
00101101
0001100010
00111000
000101101
1010010000
00100010
10100011
00001100
10101001
1110101011
110100100
0000011000
001010101
100010101
110000110
11010010
0110000000
1110101000
100010001
10000100
001000011
001011001
010000001
000110000
010110000
10010000
0000010100
0001010100
110100100
0000101001
1101000000
0011011011
10001110
1010001110
0010010010
00100100
011010000
0100000110
000101000
0110000101
01000001
01011000
11000001
100100000
1001110100
110101100
101000000
0100000111
1011000101
000110000
100100101
0011000100
00011110
1100101100
10000001
0101100110
1001001000
001100011
000101010
10010001
1101011000
10010010
00000100
01000001
000100111
100011110
0011000000
01001100
10000010
00001101
0001100100
011010100
001000111
111000101
100100100
0111110100
00100010
0101001011
01000011
0000000010
00011101
100000001
0010011110
01000100
1000011110
010010001
000001100
100010010
1101000011
1101000110
11010000
0000100110
111010000
10001000
001000101
100000010
00001001
01011100
00001100
1101110001
1101111000
1101010011
010000110
001100100
100011100
00010010
010011011
01100001
001100000
00101000
10000100
11100100
1011011110
1110001010
1101001000
00110010
100100000
00000110
10001000
1100111100
1100011000
001010000
01001000
1101101011
10000110
00000110
110100111
1110001010
011101001
10001100
111001000
110010010
011110100
1000001011
1110101011
100001101
0010001011
00011000
0100000010
1010100100
0100100100
0110001010
1001001111
000010011
1000000101
1110010011
100100101
010101000
010101011
010001001
101100000
01000101
010111010
01000011
0011000011
100000011
10000100
01010000
10010110
00011001
001000001
01100001
001010001
1000100011
11000101
000011110
11000100
00001100
100010010
010100100
0001100100
1010000110
0000101100
1001011110
0100100101
0111101110
10110100
010010010
0000000111
1001011110
11000000
01101000
00010011
000100110
1111100010
11001000
1111000100
1000100100
1000010100
000001101
000011000
010110000
01000010
1100001010
1001000100
0000100100
101010000
00000110
0100010010
01100001
001010010
0111100100
100100000
01001000
1110011000
10111000
1000011000
100001100
10001000
101100001
10000100
00000101
010101001
0101110100
0100001010
1011011000
01000011
01001000
11011000
001001010
0001011111
000100111
010010000
01000011
100100000
1100010001
01001110
0001011000
000110000
001011000
10000100
1100001011
000111101
00001100
000001011
00010101
1100011011
1110000111
0011010000
1000011000
01101010
110101000
101000010
10100100
01110000
101011010
01101001
10010000
00100001
01011010
10101000
00100100
1110101000
01100000
001010010
0101001111
010111001
10100000
0010100111
00011000
1010000010
110010001
00000101
0100100110
1011100010
0100100001
010001000
0010010101
0000001001
000100111
00100010
0110001100
000110010
01000010
010100000
01100000
111100000
00000000
00000000
110101000
01100100
0000010111
0000111110
00111010
0110000000
000001101
001010000
000011001
0111010001
011110001
00000011
010000110
110011001
0000101000
010000010
101000000
00100001
1010101110
10000010
0101011001
001110111
010111000
1010010100
101001001
00001011
10001000
01011000
0000111110
0001110011
00010100
00010011
10010100
000010001
01101000
110001101
00000101
0101100001
01010010
01101100
000111000
01000100
101001011
0011111000
10100111
1011100100
00101100
00010100
01010011
10100000
1010011110
0100111110
00001100
0011101000
0000100100
01001100
01000010
000011011
00100111
110101100
1000100100
10000010
011011010
0111100101
010010010
000110110
00010011
10000010
01010011
00001101
00101000
01010000
00101001
0110100010
00101001
011101010
011100010
00011010
110010110
1100001010
100000010
0000011111
00000110
10000011
0000000000
0000010011
00101001
0111000000
000110000
01011100
00010111
00100000
0001100111
010011000
00100100
111001000
10100000
0011010110
0011001000
1010111110
01000001
11000010
0000111010
01101000
1000100001
000010011
0110000000
0100011000
00100100
00000000
10000001
0001100011
011100000
01011000
01010100
00011101
100010000
000110110
111010001
001010101
00000101
00010101
01011000
0100001010
0011001110
0101010000
0100010000
1001010100
1000001100
0010000011
100111100
01001010
100100000
0100100000
11000001
100000110
100110100
00010011
0100000100
00100011
1000010100
00000011
1000100000
0001001001
111000000
00000011
00000011
000101101
1101010011
111000010
110000001
100000110
01001001
0001001110
0000110101
010100000
000101000
0011110101
1000000110
111001100
11010001
0011010011
1010001000
00000011
0001101011
01000100
10011000
000010100
10010110
1000100000
01000101
010101100
1001000011
001000110
100100011
000100001
0110100100
001000010
0101110011
01100000
00000000
0111011011
000110000
00011011
0001000011
011000010
11000000
0001000100
101010001
1000100011
001011000
0000101010
01110001
110001000
10100010
100000100
1100101011
00001001
110000000
0011011000
000111001
