100
628888888
631515150
634141412
636767674
639393936
642020198
644646460
647272722
649898984
652525246
655151508
657777770
660404032
663030294
665656556
668282818
670909080
673535342
676161604
678787866
681414128
684040390
686666652
689292914
691919176
694545438
697171700
699797962
702424224
705050486
707676748
710303010
712929272
715555534
718181796
720808058
723434320
726060582
728686844
731313106
733939368
736565630
739191892
741818154
744444416
747070678
749696940
752323202
754949464
757575726
760201988
762828250
765454512
768080774
770707036
773333298
775959560
778585822
781212084
783838346
786464608
789090870
791717132
794343394
796969656
799595918
802222180
804848442
807474704
810100966
812727228
815353490
817979752
820606014
823232276
825858538
828484800
831111062
833737324
836363586
838989848
841616110
844242372
846868634
849494896
852121158
854747420
857373682
859999944
862626206
865252468
867878730
870504992
873131254
875757516
878383778
881010040
883636302
886262564
888888826
