1000
7757 6637 3177 5834 4592 5548 9864 5013 2616 8491 4041 3951 2528 1417 3295 6673 9370 8085 5238 6641 3479 120 8882 7855 1077 7984 9682 6849 7376 4810 5246 3555 8216 4757 2095 635 5022 7230 5256 8946 5755 3473 1104 3965 2220 3587 9288 695 9961 5299 2043 6097 8847 285 4592 8468 4756 2919 6551 9110 353 3742 1301 4270 3741 7994 5870 8561 3480 6276 113 5348 2875 7836 1376 635 4933 9614 8176 6756 3048 4491 879 6197 1728 4416 2053 2493 9039 7290 847 4583 1514 24 2137 6441 2833 5912 6721 5161 6213 5212 7900 5614 1112 3620 8347 881 3901 6235 7482 7645 6409 9688 3230 1607 2934 3260 1159 5390 7049 6342 7537 4379 499 5973 1001 1529 1862 7045 8738 357 5243 54 5436 5203 9261 691 9083 1025 7904 7370 8722 2083 3070 5302 3494 8966 9576 8525 1905 2996 6368 9473 5226 7843 5655 4747 8560 497 7294 9810 1938 736 3435 8502 2830 7646 184 2460 7506 696 8440 7888 3150 7864 3648 7885 8163 2288 9238 3239 7629 3812 5480 8435 8771 5427 3528 8637 1912 4020 2765 9458 6237 5895 5444 1966 9736 1490 5085 8779 807 3101 1963 3330 9758 294 1928 4775 1850 2694 3827 4021 2005 5052 6216 4746 8674 4223 2254 65 837 4629 7360 4016 896 6521 6091 7713 6301 8169 2920 7725 2172 9268 5694 4542 4863 3908 4007 4494 1015 7790 3909 7836 4990 7471 3281 4640 8861 6465 4926 101 1596 6229 4579 3576 1043 9959 1568 6312 1330 2161 6143 8712 1468 1400 6303 3658 1997 9468 4872 8829 3051 2734 6714 8914 4297 6398 8298 502 3614 1148 6702 8788 5772 1943 1451 8867 7234 399 7356 1481 6326 9525 6658 9593 523 3026 6228 6682 6943 987 5993 8514 4083 911 8800 8955 2910 1504 7797 2195 2832 99 3936 9651 4252 270 4537 3252 4407 9447 1688 3065 816 4833 1138 6284 9544 8273 4752 7497 3876 1819 8788 2133 9168 3580 8567 1421 2808 159 8442 9659 9715 4901 2704 7544 2350 4143 9106 3549 4615 7120 7808 5811 5098 6309 2401 7906 506 1606 7215 7428 1650 8241 8185 428 6888 8818 8031 6857 6269 5474 8525 2994 160 2399 5267 5847 9310 737 5509 24 4725 6168 8981 4933 5919 3374 9956 5145 4310 3446 4592 7176 9853 3407 1534 2725 1241 5162 8763 7877 492 1683 2846 9114 8509 6630 7069 5401 1891 6499 7399 465 8497 1414 1260 8452 5120 9528 6538 6417 7132 5465 2462 7664 8394 2744 9547 2931 5395 7154 5399 6348 3292 8509 2680 9352 6533 1563 9896 7684 1524 885 8246 7414 141 8582 5233 3200 3696 1794 9126 5933 8805 2131 5627 3800 3575 8703 4078 66 3190 7875 1588 9389 2998 2610 1047 6712 1961 547 8839 5772 6397 3982 3260 6427 3341 4991 5529 2458 5879 5555 10 6936 5513 2424 8933 326 4479 7399 6055 3668 2052 1141 296 175 2824 8642 4460 3896 143 725 8553 8092 4687 6316 9784 2785 533 3702 2298 797 635 2385 7038 5785 7068 9627 721 9068 2869 7319 4179 7005 3483 7666 4364 4056 6040 3715 7704 7427 1935 2212 3791 7742 3989 7638 3005 2573 3176 6630 463 6622 5675 8215 4150 6924 1611 1250 7155 2912 8970 627 8086 6839 6858 8116 6120 6829 2863 114 9196 8820 2410 671 3901 6156 39 3661 5480 6182 5093 81 8027 7956 6180 4946 7632 7858 6419 95 6895 4924 7268 9997 6615 1991 7368 2364 7860 1714 9006 5694 6383 9075 8567 2297 9563 9712 3498 94 6132 9926 7299 890 2301 8954 5997 7912 7177 7970 624 5844 6411 7469 6383 7738 8497 8176 96 5610 5815 58 802 5611 3809 3761 8438 3800 8763 3394 7912 3165 459 4467 1119 4791 895 5382 9055 8310 2298 1554 258 6012 5936 3522 7786 5155 442 1233 6416 5794 7228 8078 3128 3681 4985 4260 2721 8864 1377 4066 3940 3885 9629 2448 9648 1773 6625 5734 8495 5180 3608 3331 6872 2260 6778 9646 3539 8790 5283 7492 7059 5656 2662 9610 2004 4876 3107 9136 1604 6442 7950 4567 4649 7976 7089 3111 852 4060 6318 4592 7724 6222 7158 3825 4976 1551 9113 8189 500 3397 6314 5211 9805 9262 6687 2440 7539 9609 3197 6796 2280 4242 7267 2284 3670 5554 8417 354 9031 5169 3091 5412 8712 5022 6082 6595 3216 1945 4608 550 7218 9529 202 3006 4463 4209 5158 5906 264 9831 141 7120 6941 3051 5826 6799 6518 4508 9338 5117 3856 5199 376 5405 7184 7579 6905 6658 682 8255 5521 8977 7633 3058 8764 5476 3760 4726 3235 320 426 1511 5427 7056 8227 2542 9777 8643 5378 1432 8970 2234 8190 7569 3994 5945 2827 9222 2840 4172 3420 8529 2003 4982 1779 3168 8006 1720 2787 9513 9915 8657 989 3851 208 1244 5629 9658 7981 1976 104 9272 3202 7079 5718 5745 4337 3726 6473 776 7194 2561 5358 8351 5838 3039 1565 5832 1479 5786 4963 8386 901 6244 1789 6731 2007 72 2723 7803 4987 2912 9421 1360 6769 3030 2512 7228 5614 2361 4190 7421 3346 4491 3198 2178 8545 7818 3765 409 244 6382 8825 8798 6852 5337 9054 2422 7740 5196 432 4957 4737 733 8776 5810 5361 7149 6127 187 4898 8687 7338 1238 7345 9605 1755 5569 6740 1234 8254 9008 6566 3448 4950 9805 3956 5141 1362 4698 5049 655 4721 2225 5635 6577 7408 3497 3889 3696 1359 6662 4043 6269 567 2348 5773 8980 2334 1920 1088 7096 7489 839 3930 8260 2246 2104 9839 4983 9067 4706 8099 7248 2689 1382 3182 445 2272 5896 2191 9397 7490 7603 4376 9379 5902 6932 7623 35 9831 1438 1624 1514 4883 271 1691 238 7100 6006 9174 2239 6724 7242 5210 6309 9181 6777 4817 639 559 2070 5691 831 9239 1175 9891 3004 1850 7825 
2 1
3 1
4 3
5 1
6 4
7 1
8 5
9 7
10 1
11 6
12 9
13 8
14 8
15 7
16 14
17 3
18 12
19 5
20 19
21 7
22 8
23 18
24 19
25 8
26 9
27 7
28 8
29 25
30 17
31 14
32 13
33 18
34 31
35 21
36 8
37 20
38 30
39 3
40 24
41 7
42 7
43 15
44 26
45 43
46 28
47 37
48 28
49 44
50 30
51 37
52 31
53 47
54 4
55 18
56 34
57 25
58 40
59 18
60 38
61 27
62 24
63 27
64 28
65 47
66 28
67 24
68 45
69 45
70 27
71 58
72 39
73 51
74 19
75 26
76 25
77 62
78 1
79 53
80 62
81 22
82 21
83 39
84 62
85 53
86 5
87 15
88 32
89 33
90 8
91 71
92 53
93 27
94 48
95 88
96 82
97 72
98 6
99 17
100 98
101 9
102 79
103 71
104 44
105 44
106 49
107 85
108 96
109 89
110 53
111 9
112 99
113 75
114 109
115 23
116 28
117 60
118 63
119 117
120 50
121 77
122 118
123 41
124 88
125 57
126 45
127 80
128 36
129 30
130 16
131 93
132 19
133 113
134 40
135 50
136 110
137 93
138 28
139 49
140 33
141 138
142 6
143 70
144 86
145 64
146 60
147 7
148 37
149 116
150 6
151 76
152 18
153 54
154 113
155 114
156 99
157 153
158 131
159 70
160 93
161 116
162 130
163 89
164 26
165 140
166 59
167 70
168 67
169 3
170 107
171 93
172 94
173 69
174 65
175 59
176 40
177 113
178 126
179 60
180 148
181 18
182 115
183 170
184 63
185 13
186 116
187 106
188 92
189 137
190 75
191 121
192 9
193 45
194 187
195 40
196 24
197 191
198 74
199 35
200 177
201 118
202 177
203 115
204 13
205 204
206 102
207 201
208 116
209 208
210 105
211 29
212 11
213 156
214 89
215 73
216 135
217 9
218 113
219 31
220 128
221 105
222 157
223 98
224 141
225 84
226 224
227 5
228 85
229 97
230 63
231 17
232 125
233 15
234 138
235 149
236 219
237 100
238 96
239 79
240 85
241 217
242 15
243 73
244 164
245 113
246 60
247 228
248 13
249 45
250 59
251 120
252 95
253 161
254 61
255 247
256 66
257 76
258 223
259 249
260 49
261 190
262 16
263 150
264 58
265 80
266 32
267 200
268 5
269 236
270 266
271 268
272 97
273 52
274 50
275 252
276 6
277 113
278 167
279 242
280 180
281 227
282 225
283 220
284 280
285 238
286 280
287 201
288 169
289 245
290 7
291 50
292 212
293 234
294 267
295 180
296 62
297 60
298 50
299 254
300 264
301 264
302 48
303 68
304 222
305 145
306 134
307 78
308 165
309 52
310 114
311 52
312 151
313 87
314 70
315 58
316 152
317 137
318 121
319 25
320 70
321 236
322 73
323 48
324 180
325 198
326 257
327 263
328 41
329 189
330 322
331 87
332 40
333 315
334 313
335 255
336 44
337 111
338 29
339 298
340 133
341 133
342 163
343 76
344 327
345 322
346 219
347 187
348 225
349 298
350 346
351 285
352 149
353 109
354 257
355 125
356 261
357 192
358 117
359 180
360 64
361 212
362 50
363 339
364 149
365 241
366 209
367 331
368 336
369 27
370 238
371 348
372 79
373 286
374 135
375 55
376 39
377 151
378 316
379 25
380 111
381 213
382 75
383 215
384 148
385 124
386 240
387 174
388 298
389 305
390 126
391 209
392 381
393 192
394 276
395 286
396 200
397 84
398 85
399 47
400 210
401 108
402 372
403 308
404 15
405 387
406 89
407 176
408 274
409 52
410 236
411 344
412 198
413 174
414 144
415 36
416 9
417 100
418 324
419 277
420 160
421 311
422 175
423 406
424 375
425 317
426 162
427 35
428 160
429 156
430 76
431 93
432 427
433 403
434 384
435 33
436 246
437 319
438 209
439 233
440 370
441 376
442 249
443 406
444 414
445 116
446 260
447 194
448 310
449 303
450 351
451 294
452 38
453 426
454 53
455 179
456 278
457 262
458 362
459 30
460 65
461 268
462 38
463 49
464 15
465 378
466 34
467 221
468 22
469 53
470 410
471 428
472 437
473 356
474 71
475 117
476 393
477 157
478 281
479 46
480 50
481 208
482 168
483 475
484 341
485 65
486 321
487 11
488 64
489 98
490 487
491 52
492 135
493 420
494 23
495 252
496 409
497 181
498 425
499 161
500 182
501 359
502 251
503 481
504 266
505 234
506 217
507 221
508 88
509 157
510 493
511 251
512 302
513 107
514 246
515 337
516 512
517 203
518 267
519 473
520 311
521 273
522 222
523 268
524 521
525 243
526 481
527 361
528 243
529 486
530 467
531 416
532 442
533 503
534 42
535 15
536 144
537 232
538 489
539 286
540 209
541 107
542 252
543 67
544 157
545 169
546 514
547 530
548 31
549 173
550 136
551 194
552 133
553 83
554 332
555 403
556 93
557 246
558 303
559 278
560 307
561 121
562 202
563 66
564 217
565 256
566 166
567 522
568 546
569 300
570 81
571 471
572 75
573 5
574 359
575 558
576 516
577 313
578 84
579 516
580 270
581 330
582 186
583 231
584 240
585 44
586 513
587 238
588 539
589 486
590 220
591 334
592 3
593 228
594 279
595 259
596 123
597 124
598 202
599 103
600 560
601 23
602 350
603 255
604 63
605 181
606 195
607 210
608 114
609 13
610 541
611 401
612 380
613 348
614 386
615 485
616 100
617 322
618 87
619 263
620 354
621 283
622 465
623 163
624 210
625 49
626 469
627 147
628 511
629 395
630 507
631 547
632 598
633 323
634 393
635 313
636 409
637 523
638 631
639 369
640 604
641 609
642 93
643 596
644 257
645 421
646 209
647 602
648 195
649 542
650 299
651 171
652 160
653 50
654 486
655 148
656 221
657 610
658 371
659 245
660 402
661 273
662 7
663 642
664 195
665 566
666 664
667 51
668 428
669 14
670 420
671 376
672 270
673 671
674 401
675 551
676 430
677 189
678 348
679 310
680 166
681 168
682 389
683 622
684 38
685 622
686 590
687 402
688 131
689 136
690 298
691 85
692 516
693 671
694 236
695 373
696 283
697 133
698 179
699 229
700 84
701 61
702 581
703 464
704 275
705 214
706 29
707 16
708 243
709 696
710 530
711 503
712 661
713 695
714 304
715 526
716 518
717 563
718 71
719 95
720 611
721 19
722 332
723 113
724 538
725 232
726 343
727 321
728 100
729 232
730 609
731 236
732 669
733 62
734 349
735 137
736 327
737 680
738 533
739 200
740 680
741 556
742 264
743 132
744 48
745 103
746 710
747 399
748 521
749 187
750 203
751 193
752 633
753 179
754 246
755 290
756 539
757 256
758 608
759 707
760 248
761 656
762 490
763 548
764 242
765 632
766 716
767 285
768 251
769 184
770 602
771 492
772 641
773 260
774 376
775 321
776 358
777 193
778 681
779 485
780 9
781 104
782 112
783 240
784 584
785 211
786 632
787 617
788 758
789 240
790 62
791 503
792 490
793 99
794 176
795 690
796 371
797 324
798 394
799 691
800 191
801 193
802 613
803 227
804 429
805 402
806 649
807 220
808 559
809 252
810 64
811 354
812 483
813 719
814 355
815 53
816 685
817 16
818 161
819 346
820 667
821 134
822 808
823 258
824 335
825 2
826 583
827 736
828 337
829 60
830 43
831 302
832 768
833 585
834 304
835 355
836 548
837 483
838 1
839 394
840 729
841 42
842 810
843 834
844 204
845 614
846 551
847 333
848 75
849 265
850 385
851 40
852 570
853 470
854 372
855 44
856 37
857 53
858 766
859 308
860 482
861 171
862 518
863 813
864 417
865 762
866 689
867 5
868 558
869 373
870 640
871 3
872 745
873 471
874 863
875 759
876 585
877 761
878 811
879 534
880 329
881 697
882 184
883 77
884 470
885 765
886 200
887 380
888 616
889 664
890 857
891 391
892 846
893 886
894 374
895 272
896 653
897 503
898 438
899 458
900 611
901 856
902 586
903 870
904 367
905 710
906 773
907 892
908 13
909 518
910 217
911 171
912 637
913 703
914 706
915 762
916 908
917 499
918 646
919 181
920 324
921 295
922 197
923 234
924 862
925 208
926 520
927 901
928 192
929 523
930 877
931 52
932 877
933 715
934 29
935 437
936 534
937 116
938 267
939 334
940 326
941 505
942 280
943 463
944 357
945 578
946 662
947 273
948 354
949 31
950 71
951 775
952 76
953 47
954 662
955 863
956 8
957 228
958 693
959 744
960 673
961 1
962 65
963 58
964 111
965 692
966 797
967 146
968 556
969 599
970 520
971 711
972 875
973 449
974 520
975 315
976 421
977 272
978 685
979 683
980 910
981 512
982 485
983 307
984 160
985 847
986 198
987 103
988 610
989 160
990 40
991 621
992 452
993 977
994 713
995 181
996 488
997 455
998 478
999 253
1000 718
