1992 2
-1136 0
-1858 0
-2221 0
-272 0
-660 0
-1441 0
-3372 0
-232 0
-1958 0
-870 0
-4135 0
-2445 0
-4453 0
-3653 0
-25 0
-974 0
-4395 0
-2344 0
-985 0
-3878 0
-2324 0
-3357 0
-1461 0
-1100 0
-3596 0
2453 12
-3128 0
-2879 0
-1365 0
-287 0
-1416 0
-3034 0
-5070 0
2885 28
-3040 0
-4627 0
-4096 0
-1116 0
-4076 0
-1543 0
4637 36
871 10
-1389 0
-46 0
-4099 0
-225 0
-3734 0
-1612 0
-1760 0
-1453 0
1451 6
-2163 0
-3131 0
-3038 0
-3743 0
-54 0
4401 17
-671 0
-385 0
-5082 0
58 56
-2136 0
-1763 0
-1384 0
-1414 0
-5293 0
-2168 0
-4105 0
-5066 0
-4542 0
-5094 0
-3284 0
-4661 0
-3629 0
2142 62
3039 54
-3444 0
-1704 0
-855 0
-2878 0
-5144 0
56 44
-553 0
-3850 0
-3820 0
-4447 0
-48 0
-1407 0
-2129 0
-2026 0
1965 9
-2909 0
-3505 0
-2171 0
-1624 0
-3771 0
-2256 0
-924 0
-4448 0
-3315 0
-4081 0
-5283 0
-3331 0
3775 96
-233 0
-2651 0
-1844 0
-1903 0
-3497 0
-4875 0
-944 0
-151 0
-1083 0
-2444 0
-428 0
-5348 0
-3208 0
-393 0
-2773 0
-2906 0
-3609 0
-2433 0
-2733 0
4455 13
-711 0
-3269 0
-2337 0
-394 0
-3317 0
-77 0
1850 107
-38 0
3450 77
4112 68
-3377 0
-1484 0
-3098 0
-68 0
3853 84
-16 0
5353 116
-3889 0
-939 0
3882 20
-4528 0
-1082 0
-1546 0
-606 0
1387 64
-4373 0
-4332 0
-4103 0
-1494 0
-2015 0
-3740 0
-1470 0
-919 0
-3303 0
-3353 0
-5219 0
-64 0
-2248 0
-1183 0
928 157
-1506 0
3323 100
-1853 0
1391 43
-4590 0
-29 0
-723 0
-3221 0
-2729 0
-1132 0
3741 47
-941 0
-2687 0
-234 0
-3829 0
-4629 0
-1859 0
-2646 0
1409 88
-291 0
-1161 0
2254 162
432 115
-3575 0
159 112
-2211 0
-2418 0
-3212 0
-1145 0
-1396 0
-2930 0
-1700 0
1417 31
-912 0
1092 113
4879 110
-4383 0
-1682 0
-4054 0
-1094 0
-3293 0
-4422 0
-854 0
-4966 0
-573 0
-2491 0
-1329 0
-2032 0
-3117 0
-1498 0
-392 0
-718 0
-2753 0
-510 0
-401 0
-299 0
-2443 0
300 184
-1395 0
-1690 0
-5320 0
-2883 0
1488 136
-1442 0
-1154 0
-928 0
-1928 0
-2472 0
-5071 175
1506 214
3215 117
-842 0
-5306 0
-4946 0
-3603 0
-27 0
4452 99
-4437 199
-4064 0
2648 182
-1137 0
-1440 0
-1964 0
-76 0
2915 120
4974 208
-2431 0
-2336 0
-696 0
-2370 0
3042 35
703 253
3598 25
-4452 0
-4376 0
-1619 0
-442 0
4389 201
-4405 0
5312 237
56 87
-948 0
1502 153
1164 185
-424 0
1546 40
-1126 0
2446 114
-4643 134
-1831 0
2425 191
309 220
-263 0
681 58
-3580 249
-2023 0
975 16
-3884 0
-376 0
1769 49
-4561 0
-162 0
-973 0
-4655 0
-3207 0
-1102 0
-2852 0
931 98
-4187 0
-4997 200
3576 188
-3096 0
-1935 0
-1452 0
-391 0
276 4
2495 210
3219 192
-1929 0
398 299
3211 289
-189 0
37 170
-3130 276
-2245 0
-975 0
992 19
-243 0
-3610 255
-4196 0
1145 245
-2446 0
-727 0
-1 0
-4853 278
-2901 0
-35 0
-3339 0
4105 152
-1410 0
-5299 0
4544 70
4457 86
-175 0
-705 0
-71 0
-298 0
-3509 0
2325 21
-1906 0
192 306
-1742 0
-935 0
-3290 0
-4459 0
-1078 0
-4157 278
-3236 0
-1349 0
-542 0
-1503 0
85 130
562 83
-1620 0
4192 293
-2692 75
-1072 0
3613 313
-2357 0
-2735 0
-719 265
-5140 0
-3498 0
3287 72
-4619 0
-2467 0
-4171 0
5229 160
3363 22
-3370 0
5070 69
-983 0
2168 52
3299 338
-4191 0
4406 263
-2554 0
1104 204
3898 142
2697 350
434 269
-607 0
-70 0
-4888 0
4429 206
35 15
1930 303
1456 298
-42 0
3374 364
-194 0
-3358 0
-2923 372
3127 213
-3215 0
-3857 0
-828 0
83 248
-3314 0
-2519 0
-4607 0
4657 288
-2321 0
389 59
-227 0
-3031 187
3315 393
-157 0
730 317
-2312 0
70 161
-80 0
2175 67
-1177 0
-439 0
1514 165
4141 11
-2538 0
981 310
4374 150
-5093 0
3224 172
-283 0
-1067 0
-3667 0
4897 378
-185 0
-554 0
1164 229
2034 212
-5345 0
-3329 405
-158 0
-611 0
-3753 168
-3698 311
2174 94
-3344 0
-4147 0
3335 103
1398 223
3041 400
-528 0
-3306 0
1768 63
233 8
5089 60
-1739 0
1331 211
-4618 0
-933 0
2777 119
1078 351
3306 158
384 283
4461 258
235 105
-2933 0
450 261
2744 354
856 79
-4527 358
-1843 0
5300 66
5 318
-2212 392
396 215
-523 0
4571 285
-5138 41
-3614 0
-1535 0
231 399
-4843 403
-2689 0
3611 239
-4548 26
-292 0
-1144 0
5330 225
-1554 0
-3316 0
5286 102
-1189 0
4613 395
-2688 0
-4941 0
-860 0
-3188 0
5072 233
249 312
1912 334
-4412 470
-40 0
-2513 315
-3252 0
-4892 0
-1508 0
163 427
3339 426
2887 226
-2551 0
1199 478
1087 340
1397 194
-4263 0
4335 151
-4465 0
-4145 199
3755 429
5145 356
-1602 0
-3799 0
1931 231
-4113 0
-3448 388
292 30
4115 509
-3694 0
2905 320
-2203 497
558 422
-2437 270
2439 122
190 421
-2220 0
-692 0
4955 238
-1415 0
-4260 0
-2025 0
-5206 82
-731 0
-4522 0
3325 476
-4456 0
-997 0
448 409
949 176
74 330
3377 7
942 337
-1342 0
2221 460
2692 469
-429 0
-4797 292
4670 73
-932 0
2756 217
-1143 0
1150 545
-736 0
-3343 499
-758 0
4464 339
-861 0
-4315 375
-1908 0
-2550 0
-257 0
396 128
3635 74
-2650 0
3619 465
-4835 416
-1835 0
-3639 0
3043 32
2654 558
-3495 0
-1133 0
1562 475
-3659 0
-659 0
2343 127
836 391
1452 228
-3783 498
-1485 0
870 482
2225 3
3322 129
-3641 570
-2462 0
-2198 0
-4943 0
-251 0
4105 45
226 46
3457 510
-1719 0
-4175 577
-1753 0
2919 92
2940 195
-525 0
3698 513
1457 50
3867 390
3297 205
574 209
-2642 0
2030 525
-3666 454
-1110 485
4469 502
-1695 533
-1093 0
-2899 407
-2465 0
-2744 0
1504 345
-1443 0
3508 93
-984 0
1134 566
2644 597
-964 0
1490 574
-4430 381
712 125
531 437
-3118 0
4631 180
713 329
306 331
-3091 534
-286 0
4625 359
-411 0
-294 0
285 417
5351 425
-3134 0
1863 181
3643 578
3661 14
2365 353
1513 492
4847 468
2353 18
946 111
-3746 546
-4457 0
-3660 0
-4092 0
-4844 542
-2130 0
-701 0
-304 0
-244 0
-738 0
5096 415
5140 464
-824 0
-2157 0
-1168 0
2165 651
-4822 0
1174 652
4801 541
75 377
4181 361
-5084 42
1091 146
5003 294
-665 0
-863 0
616 148
2260 97
3668 640
-827 534
4152 503
-2024 0
-2205 0
-32 0
-1542 0
4944 481
5091 659
-4535 532
-235 0
-3489 0
3822 85
3513 332
-1633 0
-226 0
-1556 620
45 383
-3362 0
2455 316
-1785 0
4554 471
832 667
-1775 634
-1386 0
-5277 559
3355 159
4531 528
2931 387
4950 581
-3279 0
1106 290
-5017 0
-5078 0
3705 430
-1604 0
-2761 0
1465 23
-1358 0
943 445
-2701 627
-3827 0
-3366 697
3347 548
-4518 363
1421 65
-3313 0
-430 0
2031 280
-5092 0
-1369 0
-3886 454
-2867 485
-1957 0
4823 654
-1378 0
-4051 0
-1425 0
3349 322
1836 274
-2030 657
2661 106
44 488
724 355
5284 691
-282 0
-4183 0
993 366
3345 432
-4298 0
3106 137
1610 701
273 277
-3584 0
-604 0
850 236
228 681
1146 193
-2413 183
3836 179
-1450 0
82 406
-306 0
-4881 693
1851 457
2205 515
1447 608
-3765 538
2871 718
-1098 664
3793 573
2562 371
2130 89
-4199 533
3102 296
-3877 164
1392 690
-2315 0
986 610
-3327 0
-1115 0
3244 342
-4806 0
4185 732
2329 397
-2186 0
-4367 0
3892 717
1117 766
1912 108
-2302 0
-34 0
743 647
1540 466
2320 763
1560 682
-557 0
3584 279
-521 0
-4322 575
-2173 0
-165 265
-1413 0
952 266
-4605 0
-3692 0
4528 456
-612 0
-2900 780
1133 174
-4040 346
4261 524
-658 0
69 138
-2539 636
4379 259
166 787
2309 776
2943 452
1434 723
-1339 0
1945 297
-2478 0
4466 530
-18 0
-2694 567
289 731
-4834 382
-5006 559
3675 419
4530 145
-1607 0
2443 517
3587 739
2737 173
868 663
-3350 61
5071 33
-2926 770
-4645 738
-3700 0
999 531
1360 704
3743 155
-3109 0
-1195 0
-748 0
4842 813
-3621 820
42 777
1757 588
-2422 0
2192 771
402 118
1790 686
-4616 0
2906 794
-4293 634
438 540
-5134 536
163 286
-3702 737
966 613
-1193 0
4200 759
-3756 375
3887 761
-874 0
-3363 0
-947 0
4854 319
702 644
1369 29
-3779 803
-608 0
2472 579
-4291 584
3803 507
4180 587
-5218 0
4853 642
667 662
-986 511
5216 526
3140 629
1546 672
-1475 0
1695 224
-562 0
2483 808
2707 706
43 321
-2185 0
-687 0
2032 669
-4959 0
-445 0
-4848 742
913 198
-1402 0
-3267 0
4623 444
746 547
1187 163
-4854 624
-2323 873
-3867 0
2862 291
-4626 627
2254 309
982 287
-911 0
2375 254
2694 480
-1466 0
-3869 0
-4320 819
1136 271
3131 308
3669 568
695 879
-4139 497
1387 721
4330 785
-163 0
-3203 770
-2375 742
4593 169
3703 847
-4662 899
-670 0
567 874
-4036 738
-3494 870
-1097 0
5140 845
531 462
5026 698
304 626
-2328 877
-3213 0
-2377 0
3368 708
2540 412
4316 552
-273 0
1868 2
-1129 0
3623 834
1911 553
-934 617
-1901 0
-514 0
614 740
3323 712
2740 123
1473 900
-3754 0
2906 604
162 402
-5372 235
-2333 903
2542 800
-2364 0
-3562 508
856 207
-2310 461
403 219
2417 744
3129 27
-2769 835
-551 738
5301 325
-4203 461
-4863 546
4431 615
-1750 0
-3719 734
5013 814
-962 0
-1194 0
-3302 0
-4813 614
1476 156
3670 599
3751 638
-4328 0
3284 696
4083 39
241 178
4889 749
-535 0
-2018 821
1783 689
3775 753
-3822 828
-862 556
-2170 742
-2535 636
-751 0
2342 252
2558 554
-2 0
-4622 539
3354 822
-4100 895
-3211 986
4337 972
2210 670
2189 878
3258 490
-4427 516
2337 947
-713 0
3211 911
3500 565
556 957
-3764 374
-2691 0
-2505 836
4864 960
3832 981
1183 408
-67 0
3096 622
3703 826
-3634 634
-970 0
-5005 0
5146 81
616 428
-3602 0
-3865 0
2019 978
-1075 896
4541 675
758 985
1622 348
4968 881
-1733 0
4270 500
1709 196
2218 190
4144 907
3369 854
-2868 0
-3811 413
717 999
2477 232
-5223 1021
-4569 0
-1114 0
-3571 1022
4809 768
3114 830
-1332 0
935 936
552 344
24 140
-2335 799
539 977
948 855
-3297 0
-4840 567
3875 1018
2435 251
-3744 857
181 328
-839 440
938 230
1342 806
2320 952
3268 886
-1334 0
-1918 607
-2766 272
1479 872
-4630 924
-5088 596
-186 0
40 132
-4264 904
1700 602
3504 919
-420 0
2134 643
-2898 888
1142 1
-1495 0
-2937 0
4303 735
-3697 0
2769 1061
-4841 498
3720 963
3333 765
-387 493
1097 603
1203 966
4570 1036
1973 247
-1606 423
3643 562
-413 0
-1445 0
-3089 0
-3785 998
3095 1091
-1421 0
-5264 0
1374 716
2027 90
-4254 0
1612 817
866 551
523 784
5266 1095
-449 0
2514 1005
247 646
4843 1049
4269 1067
256 582
-3014 0
564 782
4606 790
2933 824
4065 243
4900 491
-613 945
5095 1064
-1490 0
-543 0
3830 707
3364 386
-3587 0
694 521
-2932 770
2528 394
916 897
2183 786
-3323 0
-4252 1096
1149 473
1859 167
-4333 812
-1943 0
1454 746
2033 726
-957 728
-183 0
4653 273
1099 755
2886 80
3752 55
-2764 664
4323 902
1084 1020
-2435 0
195 1065
-4624 0
734 527
-1101 0
-4893 1053
-284 0
2905 1072
760 549
3608 1017
-3832 305
-4588 0
-3624 1001
2939 1075
-253 0
-5325 1119
-3695 0
-690 917
-5089 1047
3329 1127
3836 1154
-1737 857
-2176 778
949 143
-4533 875
-4052 914
242 676
-571 0
455 882
-3861 1043
32 240
-3728 986
-4399 1030
2769 1141
3498 109
-3888 82
-1437 0
4402 1176
3596 1121
-3608 0
-1637 0
1104 24
-3124 929
5099 715
1925 1060
-2162 1042
-1190 0
-3099 0
173 910
2701 811
-3247 0
-2527 0
4213 959
-3625 781
1689 202
4636 1063
-2208 750
259 1158
-4613 1028
-3701 867
1447 246
5224 865
2694 1004
4814 968
3698 1077
-1699 1198
720 216
882 853
4626 841
4155 433
4665 915
1756 962
21 810
4160 341
4053 722
-2872 1210
1612 1087
-2132 0
-1735 0
2166 1189
608 376
1117 1037
3271 126
1837 561
412 625
-3318 183
-5291 953
2528 1195
1952 1132
4047 796
-2483 0
1422 788
-4972 1204
1406 885
185 1136
2226 520
-3577 1100
1745 1222
1121 38
3500 357
-1160 0
1353 343
2449 221
2487 1234
4334 1131
-2756 0
-2213 1204
863 982
4087 101
530 591
-2436 0
-3563 941
4846 1079
-2438 1084
1111 1148
5094 1162
616 1115
-4045 1097
3866 1173
4625 989
939 543
-5268 835
-3106 0
5100 71
397 1082
1705 1209
-4985 576
617 860
-2182 0
2216 1200
-2416 0
-59 0
1439 1180
-2892 1073
-3023 1133
4541 1168
1705 78
-3648 0
1197 831
2554 496
-4109 1247
-4597 0
-1149 571
3119 618
2421 1274
-4581 1238
-1448 660
553 1118
-1942 1282
-1917 1055
3370 684
-1846 1129
-677 0
-2014 939
-3576 0
1154 1286
3222 389
-5127 0
4653 825
-3658 0
4102 641
3586 1240
3322 1229
-3286 0
3580 1298
2023 154
1193 1190
3025 1278
4041 918
2343 1045
3791 1092
-3578 736
-4812 747
2438 1254
-992 0
5326 1159
5227 1035
1636 680
-2200 1242
-2195 0
1339 1059
-1773 779
-5073 1283
316 748
831 650
-3033 877
-2454 0
-4544 0
-752 1291
1411 324
-3814 1232
-878 0
2206 580
3784 859
1130 933
1450 1090
2320 404
-3691 1232
-4877 1336
3705 1160
3628 1197
3660 1303
1740 442
1500 1117
4294 843
1344 537
73 1009
36 671
1553 147
-11 0
-2738 0
3730 1175
-4631 0
881 1335
-1155 1053
-3375 1206
457 1103
-4589 1208
1775 1325
4982 1236
-2359 1313
620 793
5298 1230
-1357 1327
290 623
4591 1289
4117 1284
-1632 572
2367 949
2757 1249
4047 1261
-3241 995
512 218
3613 1183
700 1161
-395 0
2215 1250
-5265 544
-4152 1163
-5290 1324
-1930 1215
436 713
-3195 367
3631 1156
3819 1032
4258 1098
-1505 1192
-1162 1122
1611 506
-610 0
4440 242
-3228 0
-1609 1056
-887 1238
616 1393
4206 314
3585 1315
-4287 896
-3708 1300
676 916
753 832
2540 984
2748 1354
-998 742
1851 1295
1167 1244
-742 0
-2704 1398
3877 892
310 645
4059 1169
-993 0
-545 0
1513 1390
-3058 1309
4592 1361
-2570 1247
1635 1371
2332 925
-4638 1360
3214 992
-4991 1365
3249 1194
3563 950
3125 1186
-2652 932
3870 901
-1418 1324
-2847 446
263 555
729 171
2877 1219
-3442 0
-3351 0
4551 1331
3379 135
4414 487
-3281 0
745 1410
-4391 725
4368 772
4193 369
-5011 1050
3759 943
1422 1094
1199 849
2853 1432
761 1332
-2495 1442
-4432 0
4629 894
2771 702
-4056 996
-1937 1417
-5083 1157
966 965
3062 1418
5266 1381
2378 927
-4625 624
-4360 898
4294 1401
994 1415
-872 0
-1170 1044
1944 1292
-5330 0
4298 862
974 1013
5078 1326
-4817 607
-172 0
-4311 1252
-2924 1097
-3727 1198
2463 1330
4639 1356
414 1089
668 5
-1363 0
-3376 1413
-859 0
-3216 1455
-4182 1372
3112 1266
-4296 1426
-2434 1459
666 569
4433 1453
2711 1411
4369 1464
-3839 1448
-4397 1213
4100 37
4057 1456
2778 956
14 1353
-3875 1231
3109 1191
4825 1474
-5337 1317
-4188 1241
3300 1048
4192 1487
3217 1486
3820 1334
-2482 1321
4993 1270
683 1296
-4294 1304
3656 1281
-559 0
2368 1364
1070 418
-3133 1479
1160 1358
-4575 0
3497 677
3314 438
-4947 1494
-1949 1392
293 472
4059 203
3289 1307
-2477 1448
3639 1012
-4442 1068
-2860 1349
2514 489
-4536 0
3282 1441
3846 1495
3230 1395
4463 639
2019 1297
3574 1038
2935 1123
-2731 1245
-3751 1178
5093 1458
4629 1146
-276 0
574 1171
5269 1265
-4802 1439
3767 1003
4317 1476
-3087 0
404 1379
-65 0
2209 1322
3039 1329
1167 1391
-452 532
-1621 493
4901 1149
5001 1425
2429 837
1935 1384
-2861 0
4537 1533
-4197 1376
-1085 884
-1915 1500
3135 1518
2444 1144
1744 1165
-4825 750
-3041 424
-2506 1569
4880 1342
-5215 1343
569 1515
-3808 1502
3877 1501
11 988
-2142 1449
3748 1052
-3800 1481
987 868
-3359 1552
2754 606
-5139 1459
423 1070
2872 1031
2198 1323
3020 1109
2133 1221
2928 1477
-1092 1579
-4952 1462
-1140 1512
2734 1541
-4361 1521
-3028 0
1421 523
-2545 1413
2871 1563
-1910 836
-4988 1399
-3219 1576
3808 1582
-1501 1512
4639 1423
1924 1293
4201 1565
2513 1573
3196 483
-2493 1057
3573 1255
1373 1483
3710 1402
1920 1602
-5103 1511
4254 1128
1361 1367
995 1318
1942 1457
2173 983
-3828 1245
5375 946
-4063 1096
-4078 1430
1090 1566
278 931
-4839 577
4525 710
1619 1396
5346 1504
4108 991
-3378 1287
-1936 1408
2867 1531
4956 1594
1908 937
-2649 1614
4434 997
1096 1593
-2746 846
2471 360
2151 1580
4365 1597
-3018 1346
1727 586
3698 791
2495 1612
4828 1571
2573 1420
-2255 1362
2439 1490
4400 1496
-3854 1308
4601 1285
1145 1595
4817 1316
-5296 1321
-2352 975
849 1054
3811 1577
-1352 611
3097 1551
3836 1623
4295 1513
5137 1301
-4372 570
3697 1341
3136 53
-4423 1404
3225 1604
-5294 1522
-3703 1034
-511 0
5012 1014
74 1553
3731 1478
-1725 1620
4579 1520
2654 1429
-4885 935
-1454 0
197 385
-2936 1588
1964 719
-4873 1479
5085 699
2183 1166
522 938
4400 1443
-3873 1448
3383 1484
1733 1679
4297 1489
-1766 300
-4424 1497
2382 912
1942 1635
1098 920
-2931 1491
1172 1468
-5121 1656
-3093 1622
-2498 1684
294 1150
4857 890
-4110 1686
2501 1452
-4942 1455
-2530 1620
-4411 1585
-5067 1498
1499 1074
663 798
181 1475
3220 926
875 1467
3243 1375
-2149 0
1917 1567
-3259 0
3046 1572
-4557 1614
-1468 795
4194 1505
-4290 1491
5105 1617
-2648 1715
5148 1586
-675 1690
-615 0
860 1485
-1769 1466
2695 177
-1081 1628
-1738 1228
1744 336
-2516 1479
-917 1525
4631 1463
3443 1436
-4996 1611
-3704 1532
4452 1530
-3443 1237
1508 1606
4945 1710
2490 1510
3859 1655
2325 891
2507 1705
-4174 1589
2257 1652
5021 1446
3352 1437
-829 0
3756 1542
3027 1646
4154 1382
1634 95
3758 851
-2916 0
1623 260
3891 1179
963 1135
3452 1746
-5314 1491
4598 1155
4382 1668
-4259 1665
1739 1025
4840 1629
-4200 1546
5299 1659
284 1545
1458 1683
-3230 1433
4989 1603
-4038 848
893 1397
-372 0
-4413 0
4083 1626
5317 1768
1006 1407
-5100 1772
3203 1386
3877 1692
-4106 953
-4623 1579
1085 1736
-4993 1758
-5016 1100
-4566 1643
-868 1776
-4617 1466
682 1731
2653 1729
5296 1383
-3049 1620
-4455 1317
836 1757
4111 1790
-3816 1403
4419 1783
2894 1277
3100 1704
2353 1660
4201 1774
3263 1722
513 1675
-5270 1752
-2745 1803
2939 1685
-4306 633
1742 1737
2469 605
-4082 1803
4620 1202
-4660 1113
-5276 1733
2446 1257
-3057 1321
1339 1041
4260 1771
-1610 1192
-5339 51
2525 1739
-1331 1733
1454 1290
3067 1824
3705 1674
3379 1359
-4305 1333
4887 1682
-1723 0
5217 1575
5125 1703
5068 1713
4463 1802
-3116 0
1478 1725
-5075 1670
3886 282
2158 1720
3239 1778
4670 1821
-4963 1726
-3842 1786
2749 1642
-1681 1525
1733 1837
5340 1828
5277 1813
1690 1852
4971 1849
4179 1753
1642 1184
1611 1827
4836 560
-4540 1829
2487 1528
2547 1600
5281 1822
-2441 1694
-3630 1859
4432 1697
3386 1634
5304 1673
2652 1639
-4083 0
5006 1743
-5279 1076
2187 1272
4632 1791
3120 1842
3713 1744
-2925 1051
3365 1584
-1959 1772
1966 1881
-3831 764
4618 1797
4042 1780
-4071 1766
2936 1701
-4428 1699
1773 1696
4574 1795
2932 1879
3312 967
-1712 1781
1116 600
-4178 1892
-1896 1856
-4954 1700
5109 1787
3036 1598
4089 1872
4295 1727
3824 1805
1720 1893
4546 1862
-3192 1636
3836 1883
-4864 1767
3613 121
4315 1816
4427 1671
-1827 1714
3705 1203
2445 1866
1630 1558
4811 1548
373 1782
4186 1895
1338 1830
-2410 1291
1902 1896
4065 1625
4561 1724
4310 1835
-5065 1899
5084 1844
-4039 1706
3634 1867
4072 1886
4416 1712
4437 1888
4045 1926
4871 1907
1955 1524
5288 1874
3850 1850
1422 1431
3198 1905
2420 1919
4115 1708
-5136 1861
2751 1814
-4375 1392
-1141 1327
3057 1801
5075 1924
-1865 459
4385 1942
-1096 1238
2532 1711
1870 1946
878 1796
625 1732
67 1275
5337 1470
4996 1793
-5269 1909
5270 1956
-2636 1875
5140 1940
-1109 1952
1355 1663
5021 1794
-3019 1936
4874 1687
925 1740
1104 1948
1772 1734
4960 1897
1833 1911
4957 1523
1117 1960
-4860 1971
2918 1763
2641 1958
4858 883
-3790 1974
4088 1819
3796 1976
4861 1972
-2759 1953
2765 1980
1618 48
-5076 1492
1149 1943
3027 1963
552 1416
-4165 1982
-1076 1986
454 1557
5078 1983
1077 1988
4169 1987
