0
0
0
279785452
123955580
0
8719607423
3014691255
0
5878339548
5878339548
98038740
1453454343
8527054722
48957687
576422952
33246786979
19465019957
8354523424
31202442653
17911003581
26814371906
50318761374
107196359
20259084265
51405626379
5484076048
69110699716
79408994108
57611041988
36215000885
241095846
70063347308
32034385505
60600227902
0
25584237555
35542948001
115217616118
26838836666
41417425315
38281628502
5516668110
33321744402
43110975542
102319486339
2451977070
65116422787
34086743881
1208197268
44866812970
117712612813
169188488052
31550355356
133203559533
8614648883
61794938537
19535010999
124450708459
199603413555
14659523161
131930973559
66340125813
81380744810
201755149022
11153365133
76444917961
14371370459
88800848916
80738763401
96440004346
112730665005
75426824749
33657479844
30127069711
170293354888
6539831380
30965593824
214370337684
204681095814
36120813440
38347160844
145484132908
16924348147
44387196302
3678398754
21112860556
29858068491
167742081237
220636184165
95466197610
14994377357
66874732607
131030054175
92858152591
71461612124
320994731742
119927533429
59715469038
20164581792
72800365537
261024348454
55066443172
61345458636
171395130699
34842905921
19358110596
207403017902
4049953376
13822809180
275724447462
28533736542
141940527663
152225804692
193223023805
102689581852
230195926314
83941662861
59627469173
260057127294
221085471655
306626808365
172183988083
260903602844
262849175923
230741767677
119538758126
223092983770
52830544880
345362218344
327137592988
163048052264
273064924977
220344174691
93012168354
53822907807
303085446482
319700943954
256030234033
152238863940
204696640097
297036124905
240377981626
365784103995
93124634734
126888282254
368766463786
61275385250
382074798715
82182803770
320809461953
235004719799
258601848066
218870191200
136728323040
7168753800
191816044879
345030716120
171326454910
388673984432
195053281007
197759459171
304029814929
122489648576
327094690902
177381133642
141362058593
31052397714
71987382
238270467338
117898447640
291410403411
623132548792
137724350337
83895364590
218434419179
212546526677
20121402440
305050899223
442853469158
582157584647
14116051179
520904631314
428615910515
78300742884
527439038821
224734712227
281703147001
27794192225
116610075256
230353831127
1064553178
145107049594
80578663544
287470782754
291605424713
185207222820
6405709525
402940570795
29066851362
36604699759
382162693159
568975990838
505537766597
351652061401
204940928225
871935347717
331330362185
869826267592
561745984693
66622088526
90235472320
818056175496
760398860837
44557430131
32958522405
303318894974
160358966009
155899197383
14011213914
836390568160
651766075779
424908429206
105194027604
217160052161
371779994068
114190397698
815878249894
413567014952
261068752727
271172410017
277411758003
111921368857
419755455696
581348639347
277697677701
282998122957
510042989529
70026153898
48176056856
212665422524
1034987145860
145870791241
599672017575
670932031446
22143292501
216595851350
159835406677
511198725497
93581281135
41541576077
585059132899
787918140933
99357431447
652090255486
138099585583
86294537704
14211617304
649048540409
177491740459
963289485484
201743919237
236112057508
474612921398
66084974296
305972423948
291910152281
119289850073
582430629308
50517646573
35194622701
509778275452
179165394429
907390382616
459037044171
104045368751
450297922874
224330184359
989451314020
379993906748
982010209659
102565330436
175106853497
71942685951
182682450884
618517878531
333864081500
758531370648
448213754698
579764593095
787542169106
81708643065
831922610369
626058611998
884023048401
313638389329
471293842
5361952956
368163757564
700365612917
792829287612
161346130019
142582430749
266719228954
711737182788
382752553530
1013851326813
492420426227
925855467070
38142435980
860054674133
384676193601
587259524829
534153666858
380517354214
85416716420
262114409977
1079239476303
240285007388
360641704982
147836887680
806397273584
24379330006
329195976522
957558987822
1002633912631
259820618025
917417086922
230522736174
180312637488
177905543116
12289675757
117344017727
1078474701612
193110824050
1194471471133
158578350651
362629841685
461579347770
110359108342
710796100136
599841623411
1202592247056
619720947982
312936135344
158980536108
537114028731
1133778201104
179008907878
99158188365
749482148343
729143725996
1343688471650
1094880501131
97093718056
79116901919
266047061920
152799771108
46269825368
476535372454
33336559652
601672692348
23845382173
957322580143
60916689715
256345158813
1144603297374
541893856910
16047913767
631109924810
754327507416
1298387513829
107376685588
265372292167
136203321936
197581743069
686843523978
110003562111
72736062309
1264130991711
377000252672
1162164821820
880474753357
265470161228
398820770341
493636910369
1068078529879
1561457225452
84102276688
1240750296249
1248692739863
361711278189
1273924590126
441818895536
1132188135552
61455346434
1323597024251
373401598361
1035846768260
280146366567
18069991183
891482685656
240016461720
2503777814
457582309848
657147640460
185165536409
401096793156
941688218330
1276641252489
659258252
87552533220
234478644956
51546076915
14926639423
1257027961400
1298178349166
242592447124
1580811007281
1369393164006
373478930814
242514030575
376777817868
633269092959
396693975607
271441668241
587514265565
187466792679
1335087498819
448009548632
839195358517
3924193309
450960701767
282251987453
1280640097610
689504209541
1158963906761
1361254056894
36697448559
996301044680
1171641785550
440945906898
189790651812
17502559933
127771861594
35204364368
343681319729
206360252124
432389188096
59449073269
148721555089
574428505184
236303679342
238008203937
25319502613
1450581027929
884765316306
1530432900112
1460621808289
373915160160
50641019
37187363403
383257963691
20908979035
208793702418
503534853484
66826935920
256721346873
313168492725
162149257905
1034713225465
1150669278403
328893536804
836595216930
23702334146
97054461765
300760114721
1229666209149
1177791077541
847069897632
52545476505
101690853180
491586589552
647042248015
1180466563823
109059798045
1257617567521
1035466036990
283711317780
125325767339
530567068220
66712028887
887299596528
690728276905
1313987947421
88795826028
1577208126716
1026238037963
457093485094
1212303242145
682661816607
1790816279132
992269900449
761893775128
691890801390
365955955228
1211269342018
1319415065546
502567650260
1457310502986
357043120852
1251607247702
137847123661
1017699145263
1678767123668
