1000 1000
413 1283
100 1926
1815 1374
512 513
234 235
1542 774
719 720
1735 976
822 823
1344 990
1602 1093
1624 707
366 1014
1155 1514
828 829
303 1295
145 146
752 753
1867 951
1878 776
377 1101
467 1279
1950 680
385 386
432 1809
166 167
422 1558
150 151
1790 1380
1118 397
249 1099
1261 440
1705 1954
1468 1306
1651 1863
1131 1174
1641 888
1447 898
447 448
1530 1098
54 55
5 6
886 887
161 162
1723 882
1783 714
9 1126
1268 1147
29 1597
19 1491
1828 742
1230 1187
1540 1128
1022 1467
217 218
1976 1319
247 1353
1957 1515
240 241
1772 1015
790 791
1191 1289
568 569
491 1428
1508 799
1645 1315
274 1251
48 49
42 43
1921 609
762 763
191 192
593 594
293 1218
1030 1194
1923 68
1303 1091
477 1601
1654 1061
1820 528
1215 816
316 1371
558 559
1756 1837
1706 615
71 1407
248 1031
443 1817
35 1592
1041 1805
1284 582
333 334
131 1419
502 503
31 1338
237 1235
1395 619
200 1079
250 1490
1853 1219
1642 1161
1181 1581
206 207
60 1717
1960 916
1082 698
1308 982
947 1413
795 796
408 1543
194 195
1829 1987
933 934
1997 628
1440 504
1752 690
374 375
395 396
480 1968
1454 713
74 1506
946 1108
1589 1048
225 1604
1737 1426
1585 991
1929 705
213 1212
86 1141
471 472
424 425
1017 1244
313 1593
1184 1421
1202 1598
1951 1120
1846 1149
884 885
1311 634
1613 572
87 1991
658 659
1020 777
1643 1880
14 1608
1464 1113
711 712
1830 1053
1611 867
1713 1070
1146 935
1060 830
1606 672
1930 674
1975 1200
556 557
1617 1860
140 1965
925 926
356 357
643 644
1660 1350
1862 560
1339 744
1747 696
1802 860
1702 1258
489 1750
1891 1109
1599 943
548 549
227 228
363 1595
426 1451
1527 1479
1406 82
367 1574
331 332
727 1443
415 1688
1241 906
1665 821
290 291
1970 1206
135 136
407 1110
921 922
56 1813
1100 1324
1539 699
261 1430
1913 567
181 182
398 1150
746 747
442 1088
95 1898
1812 1018
297 298
655 656
1768 1171
354 1610
1345 271
405 1584
1316 878
631 1139
454 455
686 1922
1116 1969
1992 870
960 961
1769 1905
1765 741
1054 545
153 1320
465 466
3 1939
294 1561
128 1011
1753 1159
1415 1250
1504 685
1568 1855
1355 1262
1931 819
640 641
911 912
1197 893
1567 966
1341 920
1112 959
142 1824
1749 873
1590 1083
238 239
28 1049
1444 1422
112 1137
1725 1238
1373 1144
76 1848
403 1667
496 1489
147 1707
470 1277
495 1243
174 1169
797 798
1180 1272
1944 847
1046 715
718 1007
365 1449
296 1804
1980 721
1322 1366
421 1465
1933 905
1090 942
93 94
438 439
1437 679
788 789
337 1777
853 854
507 508
1709 697
286 1731
1189 834
277 278
1538 361
591 592
1040 792
1481 1550
837 1369
1047 992
1130 1787
1166 861
468 469
574 575
973 1711
501 1094
414 1249
580 581
223 1897
180 1548
75 1367
219 1778
1907 717
1703 677
891 892
40 1364
417 418
410 411
304 1810
988 989
1352 1890
242 1640
1172 229
201 1629
1318 1746
1555 710
1664 1510
693 694
621 1498
812 813
745 1195
980 981
838 839
1032 1192
632 633
1425 1494
1445 1894
536 537
895 896
1738 1764
652 653
330 1178
611 612
1734 815
1035 1448
1488 301
1872 1334
832 833
910 1227
110 111
531 532
1692 1208
148 1967
96 97
522 523
1092 335
1727 1071
954 955
1204 605
700 701
1381 1037
32 1231
1356 743
184 185
1105 1466
1927 1392
1216 1214
1442 1296
269 270
458 459
1207 1842
1217 999
1438 1305
1143 778
1928 756
1039 449
1087 1051
370 1847
339 340
1557 1728
453 1938
1064 1004
1233 874
1650 1743
59 1104
186 187
83 1696
1512 1544
1656 1798
302 1525
1102 909
308 1776
1309 840
84 85
317 1267
783 784
20 21
1336 702
391 1758
1531 1801
1417 570
1095 1211
1683 734
517 518
99 1002
1517 1286
327 1865
1496 1314
509 510
392 393
1899 1691
1026 1387
115 116
519 520
358 1882
190 1697
368 369
352 1153
616 1399
157 1034
1096 1971
1029 1390
617 618
657 1142
118 1278
1693 1596
173 1639
722 723
1834 1816
80 81
1663 1486
478 479
1996 525
1119 1327
12 13
1354 1819
948 949
1684 668
1908 844
457 1835
1487 1063
1469 817
1680 831
670 671
1518 1832
971 972
98 1594
435 436
1759 1788
996 997
772 773
492 1452
1786 695
262 1800
1036 586
600 601
1523 849
1384 538
1761 859
664 1414
1505 1887
1866 620
399 400
1895 1282
1635 273
18 1736
1998 730
1741 1536
1977 1874
50 1773
1066 897
1767 810
1659 1436
216 1055
1871 585
1841 511
1260 1915
281 1690
38 1919
1459 543
1358 514
154 1729
1566 1157
1524 709
312 1190
349 350
175 176
1893 932
1027 588
1941 919
1245 544
1836 1586
152 1081
2 1348
364 1253
1042 1674
1843 855
1849 1165
328 329
1868 1793
1363 901
1714 1136
1179 1560
979 1107
134 1185
1695 748
1337 889
139 1646
1675 1210
1121 1726
1424 1564
299 300
497 1657
251 1808
1979 984
1631 1988
1450 1288
865 866
1858 1673
1078 1791
1398 521
622 1932
1873 626
1633 1074
1001 1073
766 1780
450 451
683 684
341 342
1600 913
1532 1771
172 1403
940 941
578 579
109 1326
41 1986
1416 551
1400 660
1122 950
871 872
178 179
635 636
1784 1981
765 1502
780 781
1607 1748
1221 848
289 1500
1016 708
1935 256
1546 726
1285 758
1840 506
198 199
1024 1792
203 1162
595 596
434 1377
1904 987
969 970
215 1844
359 360
1133 1106
211 212
282 283
771 1427
409 1360
944 945
155 156
1854 725
1472 1958
1193 1857
1196 563
137 1152
63 1910
786 787
1418 818
876 877
288 1460
7 8
244 245
1789 587
1637 487
731 732
295 1254
1411 1145
1229 1984
437 1310
10 11
474 475
1522 1896
1111 196
265 266
1065 800
1681 924
1775 573
16 17
1313 1317
1470 1000
1934 546
1826 1757
481 1755
1237 1281
1175 733
907 908
122 123
1900 1712
406 1186
1565 1562
160 1831
267 268
461 1672
284 285
1698 1156
1342 1223
36 1058
314 315
1483 890
1471 669
1163 561
30 1378
1391 1420
1068 1446
1287 1325
1628 533
129 130
1441 1067
1948 757
108 1511
353 1135
25 1779
1733 1010
202 1507
355 1160
1389 1312
372 373
1534 571
638 639
1266 1385
164 1762
1937 540
394 1075
565 566
929 1722
1715 642
89 1365
1781 1879
1368 706
928 1620
419 420
348 1649
1408 1410
1476 1552
1618 610
324 325
1686 526
1183 292
583 584
1920 272
26 27
485 486
1912 1942
1247 1248
1940 749
1918 1043
378 1621
22 1579
1845 1021
92 1453
1158 824
490 1457
132 133
1462 1154
1869 1959
165 1662
58 1361
45 46
1300 1263
1362 1591
1687 1038
498 499
1503 452
1797 663
204 1885
1603 716
1388 805
72 73
428 1405
144 1132
1198 754
1668 607
1821 606
1827 127
1205 879
1 1575
462 1803
233 1839
1556 1276
1685 104
177 1382
105 106
1294 1961
305 306
1648 1274
1052 923
429 430
253 1580
665 1718
102 103
1497 1409
90 91
416 1583
57 1955
1541 1123
1084 804
1770 1222
444 445
1432 602
1164 1307
1370 1129
1072 193
1906 555
1269 835
1059 1666
47 1170
1477 902
1823 676
703 704
220 221
384 1376
1329 820
1239 1806
318 1716
1794 1952
1008 977
589 590
1439 401
276 1270
1956 1859
319 1474
1151 936
666 667
205 1103
764 1974
1182 1009
930 931
880 881
1943 678
107 1605
914 915
214 1949
246 1057
1545 1396
825 826
287 1302
629 630
15 1573
1458 814
974 975
1050 1535
994 995
101 1359
952 953
1946 682
1814 1563
862 863
603 604
431 1025
1340 1655
1332 1023
322 1429
962 963
1485 1516
1647 1903
1972 1619
323 1492
61 1571
645 646
482 1774
171 1570
736 737
1386 1630
117 1401
1077 1634
857 858
1321 811
1795 1080
875 1554
739 740
1484 1730
808 809
1966 547
1333 1720
1475 1740
779 1521
1936 827
1925 1875
1763 529
433 1140
309 1127
338 1224
1033 759
1636 1236
767 768
65 1076
938 939
275 1478
78 79
1533 597
1209 1304
473 1456
1742 864
423 1431
488 1168
534 535
387 1825
1372 785
1699 1999
483 1962
362 1173
1822 662
899 900
1394 673
263 264
613 614
1924 1993
463 1576
1199 1256
1188 1509
868 869
1463 1888
252 1577
1572 1280
1679 1973
1357 553
1298 1909
1689 1782
23 24
311 1461
576 577
1402 562
927 1625
1754 647
1632 527
404 1335
1013 661
347 1861
143 1721
388 1056
1379 735
125 126
738 1213
1323 956
209 210
1994 1616
637 1614
344 1884
1682 1744
1964 550
158 159
1902 803
402 1242
1005 1877
1115 505
493 1983
456 1513
1638 1917
1493 760
1612 1883
113 114
371 1644
77 1519
320 321
1003 1704
258 1255
1547 998
124 1669
1989 1911
197 1273
494 1529
183 1745
231 232
1134 1226
541 542
1627 675
446 1234
806 807
383 1349
1328 689
1085 1097
34 1089
1609 782
1678 1785
382 1499
427 1760
1978 1739
1864 625
648 649
53 1259
1653 1701
236 1397
1148 775
1914 1086
978 1480
1626 1257
1271 1796
1117 376
345 346
1719 208
380 381
343 1724
1676 793
599 1694
1658 1811
1807 794
1404 724
1220 1818
650 651
1246 500
964 965
224 1124
1985 1291
1963 170
1293 1881
1062 1252
801 802
515 516
985 986
770 1006
1297 554
1569 1661
1582 1710
750 751
64 1623
1851 1892
121 1433
441 1751
69 70
1228 894
836 1275
852 1265
883 1138
39 1292
1587 1203
1838 608
687 688
66 67
119 120
51 52
1670 1045
188 189
230 1495
310 1850
351 1799
1028 1553
623 624
903 904
464 1343
254 255
138 1766
1953 539
1347 552
4 1852
243 1482
917 918
850 851
1833 1290
845 846
44 1876
1301 681
389 390
226 1995
1537 761
336 1264
279 280
842 843
476 1434
222 1528
1652 937
379 1886
37 1455
993 1125
598 1889
62 1551
412 1501
484 1559
168 169
1346 1201
141 1232
460 1588
149 1225
1578 530
691 692
1114 1732
1700 755
1549 564
307 1012
1520 769
1177 654
1947 1375
1393 1412
33 1019
1240 983
1982 1901
1176 1167
259 260
1856 1615
967 968
1330 1423
1069 1945
957 958
326 1383
1526 257
1473 856
88 1622
1677 1708
1990 1435
1044 163
1299 1351
1331 524
1870 627
728 729
1916 841
1 795 806 4761345
2 139 462
2 852 995
2 473 692
1 14 948 43916508
1 127 243 3541588
2 165 498
2 208 295
1 40 498 24509685
2 429 576
2 78 417
1 83 858 93769265
1 270 834 48957687
2 259 632
2 923 968
2 324 862
2 649 904
2 54 57
1 568 763 50828877
1 111 751 29959097
1 115 115 31409312
2 303 731
1 95 380 33592005
2 302 832
1 458 632 92543966
1 270 665 39955786
2 833 945
1 485 884 47112805
2 202 793
2 11 499
1 758 824 627429
2 13 254
1 612 949 21117059
1 53 208 33847982
2 300 432
2 5 328
1 180 717 15593984
2 193 391
1 664 733 81953146
1 412 911 34278346
2 567 697
2 387 917
2 228 231
1 71 356 26580616
1 37 129 12421991
1 35 845 61872989
2 27 140
2 32 427
1 580 931 54090470
2 306 350
1 616 789 39405565
2 571 815
1 400 939 9661117
1 72 830 68787986
1 239 927 1400931
2 482 835
1 344 878 14256980
1 163 875 69793585
1 529 778 57623448
2 313 882
2 45 225
2 92 900
1 187 324 45681255
2 634 839
1 462 574 64334774
2 205 965
1 47 470 64964060
2 489 717
2 181 181
1 169 305 13731106
1 391 869 19967809
1 225 335 88625431
2 197 892
1 2 25 83437416
2 250 848
1 347 975 6141857
2 442 924
1 357 626 36816685
2 252 336
2 258 493
1 1 365 28202674
1 535 740 2420073
1 460 727 46565823
2 544 649
2 414 523
1 498 554 46673242
1 207 882 48766675
1 695 760 89216541
1 231 245 38776828
2 694 754
1 501 930 94866958
2 774 874
2 362 865
2 158 167
2 144 673
1 458 496 2110380
1 127 249 56851610
2 815 907
1 257 566 85937254
2 159 163
1 110 328 42048155
2 1 811
2 599 822
1 534 728 32758372
2 429 936
2 769 841
2 85 517
1 163 193 32587130
2 551 569
2 585 696
1 486 743 32193027
2 331 593
2 391 817
1 163 501 52133482
1 38 372 99789457
2 1 486
2 117 925
1 439 797 55732546
1 97 143 59620627
1 445 926 8939179
2 181 495
1 1 442 21119009
2 251 361
1 147 524 29778319
2 171 296
1 778 826 80494786
2 31 407
1 830 894 64293098
1 237 753 42646318
2 107 833
2 190 309
1 610 749 84809432
2 411 480
2 119 715
2 264 424
1 293 426 94350514
2 165 700
1 577 754 91750970
1 396 506 39167406
2 200 368
2 38 191
1 505 564 37646126
2 61 834
2 201 849
2 110 382
2 3 44
1 758 948 1422964
2 837 983
2 576 877
1 345 901 6062540
2 60 404
1 860 892 39335993
2 366 543
2 137 999
1 478 846 6333868
1 36 323 62553290
1 287 501 34464377
2 686 982
2 94 119
2 149 955
1 965 1000 65533556
2 492 531
2 151 186
1 908 994 43443443
2 844 920
2 387 829
2 514 836
2 252 933
1 926 954 55400309
1 1 521 66513332
2 355 631
1 959 991 68101744
2 325 565
2 360 850
1 68 550 36884591
2 545 674
1 19 438 87812153
2 427 675
2 48 558
2 532 699
2 196 933
2 430 492
2 243 696
1 692 948 6192073
2 513 952
2 98 805
2 244 858
1 591 884 89458374
2 688 1000
1 107 683 72674214
2 832 894
2 640 661
1 697 1000 32943979
2 425 820
1 17 1000 18884201
2 19 957
2 293 304
2 433 977
2 437 608
2 177 317
1 240 977 38255752
2 683 862
1 643 685 67706239
2 486 752
1 229 645 71987382
2 307 574
2 453 819
2 794 965
1 450 806 76112841
1 116 221 8453298
1 570 673 18572910
2 53 129
1 599 648 35492073
2 92 356
2 180 410
2 445 924
2 259 476
1 84 308 37643618
2 550 827
1 45 531 69479299
1 440 500 23331907
2 617 946
1 98 799 92421300
1 863 887 37498538
1 335 382 18354451
2 566 799
1 540 927 38584631
2 709 838
2 220 445
1 901 983 70954277
1 597 697 74452322
2 734 790
1 224 868 66196172
2 577 997
1 284 445 81901505
1 566 770 62652009
1 262 695 32208845
1 462 589 52095529
1 38 258 25379358
2 428 912
2 81 232
1 6 832 49535542
2 380 942
1 551 727 96100563
1 454 554 20827308
1 411 909 20184623
2 322 979
2 351 518
1 8 711 17065505
2 71 853
1 147 620 92950489
2 119 359
1 1 274 44839954
1 112 825 79259919
1 348 745 43046173
1 817 879 49573356
1 591 925 31572075
2 522 804
2 16 727
1 112 441 83822282
2 467 675
2 259 422
1 699 702 50515727
2 636 921
1 200 609 54287681
2 425 766
1 238 565 26717588
2 540 863
2 152 985
1 548 626 71801278
2 681 777
2 420 927
2 387 474
2 108 633
1 73 666 140716
2 166 226
2 206 485
2 223 619
1 81 236 41884052
2 360 930
1 124 181 44188654
1 131 542 9442844
1 379 772 90555316
2 629 786
1 317 664 89144786
2 713 833
2 204 208
2 724 968
1 409 732 34791285
2 430 844
1 709 848 3766790
1 556 971 3812585
2 458 676
1 47 929 56916928
2 116 635
1 4 539 31596872
2 114 741
2 262 940
1 206 625 80007416
2 209 408
2 341 546
2 197 591
1 316 865 32172049
2 730 938
1 23 731 70361500
2 177 717
2 87 1000
1 175 990 45438353
2 228 755
1 874 1000 4984811
2 87 745
2 94 796
1 378 786 22095085
1 112 432 14945035
2 346 973
1 414 980 80938559
1 319 1000 85729410
1 106 418 82151164
2 13 504
2 186 937
1 251 820 73130032
2 780 852
2 458 700
2 688 832
1 93 979 25043232
1 696 705 27787647
1 491 643 19683548
1 49 171 23909788
2 533 564
1 202 971 60511687
2 241 453
2 429 885
1 294 321 22150837
2 68 471
2 219 769
2 31 648
1 196 286 99891440
1 866 895 66474250
2 70 325
2 331 616
1 109 945 18324889
1 710 726 61587515
1 1 306 37943730
1 248 595 24496807
1 537 577 98323228
1 70 707 64510299
1 443 736 59680286
1 147 563 38492416
1 55 646 71299620
1 749 956 59898148
1 93 459 73579325
1 52 550 88143544
1 126 366 26873244
2 174 466
2 548 699
1 270 646 57976810
2 340 864
1 3 473 48543455
2 452 579
1 46 196 83718898
1 19 536 6877894
1 538 586 60338311
1 12 19 71579507
2 257 306
1 327 643 98969231
1 522 579 18605892
1 333 334 80337993
2 671 813
2 498 506
1 320 686 93974034
2 285 805
1 147 409 5845587
2 176 855
2 1 192
1 67 159 16355707
1 122 422 6597437
2 681 873
1 71 413 80093196
2 332 445
2 852 858
1 8 956 87181495
1 95 608 15161965
1 145 835 68055529
1 412 512 63834110
1 40 450 40537784
2 448 809
1 155 160 66082107
2 253 716
1 550 803 53777325
1 614 819 40017376
2 886 932
1 381 670 32062792
2 115 277
2 186 465
2 217 521
1 126 665 2383627
2 56 757
1 347 797 33064030
2 381 744
2 16 476
2 296 974
2 29 495
2 414 1000
1 414 928 50189846
1 488 601 35505431
2 180 209
2 508 606
1 305 925 19732947
1 306 595 33082638
2 54 436
2 23 641
1 790 921 54019269
2 395 635
1 364 412 76884695
2 169 826
2 53 787
2 167 235
2 634 715
1 716 861 87282031
2 453 476
1 616 625 66377501
2 67 493
1 66 662 56564911
2 65 340
1 45 410 21290601
1 58 284 91738667
2 496 782
2 452 625
2 335 485
2 586 788
1 620 620 9160388
2 268 761
1 84 656 12388879
2 22 638
2 151 703
1 80 843 91619865
1 937 997 7219071
1 40 993 8843248
1 3 290 78969726
1 369 692 24547179
2 308 437
1 247 666 13740176
1 95 339 12595837
2 353 817
1 171 414 76342447
1 161 225 58030946
2 634 778
2 355 588
1 184 341 9746181
1 632 867 73126496
2 347 918
1 734 788 18503764
1 61 333 33978878
1 64 472 20703174
2 462 874
2 109 773
1 209 631 92744452
2 316 543
2 132 704
1 979 1000 90537875
2 847 901
2 237 784
1 514 741 92710139
2 196 971
1 193 834 92377895
1 96 799 42284658
2 2 521
1 608 649 79171422
2 827 954
2 119 688
2 542 954
2 189 786
2 679 784
2 137 993
1 727 918 59103166
2 228 434
2 146 180
1 8 207 43398670
1 843 948 42835669
1 45 786 71371478
2 429 484
2 205 445
2 146 505
1 304 630 61236217
1 843 995 14621264
2 7 85
1 798 931 85986214
2 434 935
2 154 201
2 350 626
2 436 577
2 195 491
2 358 503
1 1 215 10054256
1 318 728 70638980
2 14 398
2 91 810
1 867 905 10194174
1 157 333 50295707
2 110 195
2 663 918
1 89 358 87458104
2 668 699
2 284 622
1 580 778 68848361
2 484 697
2 374 701
1 364 553 37907219
1 86 791 11698027
1 807 862 22794459
1 397 630 18286278
1 9 199 70541344
1 427 836 54769685
1 467 777 56740089
1 101 642 91423600
2 192 619
2 307 729
2 482 566
1 683 977 40840411
2 345 936
1 137 415 58239693
1 479 658 7483383
1 203 748 47882385
1 302 517 63897375
1 41 193 55492081
1 278 540 57393677
1 17 383 1140829
2 75 137
2 126 570
2 308 999
2 233 730
1 406 774 37559722
1 190 258 64842846
1 86 179 70068302
2 420 787
2 215 881
2 71 385
2 400 771
1 495 764 32557557
1 495 959 98711642
2 121 493
1 559 839 60768713
2 218 248
2 314 371
2 59 93
2 451 645
1 187 987 10180328
2 591 851
1 136 627 18748742
2 215 961
2 593 961
1 359 917 36262918
2 267 948
1 565 782 82537214
2 229 574
1 377 447 47582086
1 588 748 97922161
2 544 887
1 167 260 58588551
2 109 136
1 90 844 25159826
2 464 916
1 623 983 835594
2 665 998
2 550 983
2 247 678
2 499 503
2 483 524
1 237 943 33722821
2 301 549
2 179 633
2 125 660
2 349 588
2 672 720
2 335 476
2 103 316
1 619 831 12527594
1 186 451 38584342
2 329 829
1 168 380 38184558
2 69 640
2 48 760
2 496 1000
1 209 663 14210658
2 301 698
1 331 948 86668901
1 920 963 5194746
1 58 262 71620782
2 585 984
1 25 446 31539371
1 433 553 46029570
2 462 705
1 535 798 27479918
1 58 797 74744298
2 477 774
1 496 654 57388026
1 221 911 72814888
2 362 873
1 98 707 6747858
1 113 504 90670449
1 284 806 58917500
1 104 987 36059005
2 483 700
2 385 581
2 817 989
1 202 898 2847751
1 589 937 76639870
1 503 588 27274500
2 108 450
2 433 669
2 32 808
2 381 690
2 151 641
1 33 827 14189188
2 882 896
1 383 808 57862591
1 353 514 55929578
1 155 163 93937197
1 331 392 27804936
1 22 1000 23838616
2 254 676
2 61 339
1 283 878 44381646
2 135 454
2 396 698
2 475 904
1 36 502 21927358
2 212 714
1 140 696 55474486
2 332 391
1 167 773 65796898
1 510 918 88453646
2 412 654
1 98 196 30898742
1 462 951 55869573
1 759 910 36650421
2 422 575
2 294 325
1 508 823 63709363
1 226 707 75544146
1 358 359 73736066
1 215 224 60266679
2 484 952
1 492 681 5866753
2 91 819
2 94 474
2 9 876
1 365 875 16851486
2 150 746
2 722 883
1 248 790 36718759
2 194 811
1 325 354 87809687
2 325 1000
1 469 622 55568364
2 206 374
2 23 395
1 129 440 70361324
2 158 317
2 291 638
2 323 652
2 448 733
1 112 509 20222276
1 413 445 23485101
1 639 804 11367550
1 354 801 52999504
1 188 448 77252909
2 110 575
2 366 720
1 201 978 59252170
2 70 867
2 351 954
2 1 739
2 42 457
2 73 656
1 553 667 88431916
2 279 303
1 475 637 10090040
1 776 843 31146531
2 181 790
1 115 259 83980445
2 131 997
1 517 949 83841495
1 338 833 39094957
1 508 681 52433115
1 28 501 76257807
1 12 139 31140442
2 815 870
1 124 987 50725
1 281 489 48210367
1 288 366 33373622
2 26 59
2 301 855
1 685 748 76911657
1 243 620 61850166
1 261 532 90753613
2 638 649
1 63 531 63285194
2 106 252
1 358 978 87407883
2 467 502
2 95 327
2 926 988
2 578 661
1 49 910 26731231
1 735 938 21267420
1 299 854 5972286
2 154 491
1 285 475 91185641
1 224 448 79853955
1 310 940 82713406
2 26 197
1 170 438 60363200
1 476 960 76052684
2 509 531
2 651 825
2 512 765
1 386 535 7863411
1 536 637 50570009
2 7 658
1 275 332 13921733
2 299 690
1 451 785 63802571
2 292 775
1 867 927 85900039
1 227 956 14196741
2 408 539
2 381 550
2 361 860
2 302 734
1 433 921 28370991
1 591 958 85802712
1 407 544 37810982
1 349 485 71991825
1 79 958 36549943
1 723 964 79033154
2 908 944
1 820 844 29852992
1 301 478 61718812
2 475 917
2 176 915
2 167 517
2 690 969
2 319 639
2 769 889
2 695 819
1 110 715 47297514
2 401 908
2 46 489
2 498 568
1 606 694 54834473
2 416 981
2 86 626
2 214 884
1 164 222 54478321
2 126 566
1 330 417 93610714
2 194 293
1 443 542 4126606
2 384 991
2 352 365
1 158 681 1386723
2 454 961
2 162 922
2 609 893
2 325 756
1 113 161 85011376
1 686 932 57200788
1 281 610 72940799
1 98 144 50728581
2 426 573
1 207 782 67215412
1 779 782 74592269
1 178 254 33817084
1 391 999 7176678
2 493 785
2 109 978
1 456 987 27646150
2 488 515
2 322 551
2 600 771
2 382 448
1 609 749 9239178
2 291 617
2 352 947
1 162 559 88481916
1 571 832 47213353
2 5 673
1 30 272 97051421
2 994 999
2 877 909
2 113 987
2 302 314
2 973 1000
2 469 898
2 584 981
1 331 420 46877652
2 516 621
2 76 500
2 457 965
2 346 761
1 626 756 65809067
2 296 766
1 114 859 15448419
2 683 773
2 287 553
2 703 797
1 549 980 21650948
2 363 555
1 239 629 3267284
2 37 780
2 715 756
2 126 444
1 250 713 71230307
1 756 798 37958717
2 166 719
1 21 548 7964872
1 547 606 30395091
1 518 769 28182641
1 293 630 66479635
1 51 783 75560146
2 642 851
2 213 775
2 333 471
1 120 204 63355101
2 322 626
1 364 925 6806514
1 607 937 12819141
2 440 914
2 638 806
2 185 512
2 557 943
1 50 804 7337188
1 193 658 75342770
1 56 390 89617436
2 15 47
1 197 286 95991030
2 368 920
2 172 431
1 220 353 92505192
2 318 793
2 580 637
2 543 552
2 751 783
1 296 585 78656335
1 651 792 97528907
1 351 721 21504576
2 84 893
1 241 999 5823276
2 248 316
1 543 716 69074122
2 570 631
2 352 769
2 21 61
1 475 661 4145969
1 404 761 53546106
1 123 310 89823260
2 40 885
1 190 837 25287679
1 102 902 56600470
1 203 925 4741446
2 424 728
1 109 719 49101568
1 97 323 21823376
2 107 991
1 680 739 47585946
1 221 971 23398205
2 245 292
1 655 871 81059220
2 210 217
1 664 964 8051715
2 61 375
1 40 354 82109518
2 299 964
2 125 530
2 53 364
1 126 222 22111033
2 343 757
2 49 942
2 458 516
2 263 803
2 461 475
2 380 551
1 320 362 39681781
2 674 784
1 514 632 72932798
2 839 863
2 754 815
1 862 947 87467149
2 447 649
2 898 999
1 332 895 37816359
1 700 915 29218281
2 523 796
1 99 742 87151292
1 577 789 7084006
1 627 989 2381964
1 278 599 1207395
2 653 967
2 251 804
1 801 858 65256099
2 522 750
1 461 658 3909124
1 446 535 47150899
1 246 385 34428823
2 139 820
1 355 479 34989060
1 33 588 61683385
2 60 92
2 239 297
1 244 949 59850297
2 476 848
2 543 838
1 252 259 74047004
1 412 647 7011248
1 438 493 5436359
1 573 976 16701589
1 124 960 38130272
1 693 810 10889907
1 101 249 32115143
1 156 743 68011054
1 318 511 59911106
1 791 906 3295949
1 57 963 88624250
1 378 574 1806204
2 223 384
2 770 781
2 816 842
2 337 496
1 409 911 34318350
2 92 222
2 106 332
1 108 319 32075299
1 90 205 78248493
1 47 590 20727254
2 437 602
1 394 580 14034705
2 190 476
2 660 906
2 71 139
2 418 476
1 142 327 95429063
2 329 492
2 240 742
2 182 677
1 284 420 44633335
2 593 749
1 89 246 40602075
1 632 992 63504909
2 511 857
1 78 419 84498222
1 1 329 86642031
2 910 945
1 412 608 95800901
2 453 981
2 315 972
1 26 945 89656321
1 149 948 50356888
1 566 650 13044777
2 344 536
1 734 757 99431673
1 854 913 77708441
1 105 896 83919113
1 21 579 84872989
2 568 852
2 752 928
1 250 890 87632249
2 110 518
1 58 772 56730300
1 5 881 40542666
1 210 602 18170885
1 102 924 48800608
1 458 692 62774686
1 491 601 88549170
1 509 966 48605814
2 569 792
2 219 998
2 493 710
1 164 576 38631130
1 151 735 67046960
2 698 773
2 215 471
1 10 563 44119929
2 26 293
2 244 681
1 234 339 74150696
2 596 946
2 309 375
1 147 645 74948471
2 555 843
2 419 488
1 671 706 79133678
2 629 850
1 35 667 58076933
1 16 691 26489455
1 159 892 31268818
1 94 699 34315894
1 54 933 45915508
2 78 647
1 279 843 25593964
