1000
963 347 23
6012 2308 687
5332 3582 3813
4362 2818 2681
7963 7912 2095
527 488 247
4530 1259 1446
9843 3633 7221
7428 112 3538
1638 87 1161
4307 757 1672
3309 2117 1771
4739 4010 3823
8454 6697 5807
6984 4090 768
8612 7665 1221
1477 1394 643
2447 975 1142
999 553 9
6277 1069 1444
3024 2571 836
2295 2032 809
7802 4386 371
9856 698 9183
7916 38 5312
3802 927 1934
5111 1618 2307
5873 134 3825
3310 114 1478
8246 4624 6960
4332 314 2088
6090 4173 4750
4028 307 3478
9065 161 3016
6776 3819 4172
3741 1764 1769
1431 952 287
2781 1817 51
4381 1425 12
6212 4877 1867
9642 9190 5984
5313 4050 3455
1666 17 954
2438 122 1062
9703 6491 4454
4416 2101 337
8720 4438 4362
4208 2495 2952
5588 2734 2416
4545 2301 3832
7079 3016 3446
5534 3155 3131
8246 8230 6544
3647 548 1400
5715 4185 3467
1478 185 548
9055 7372 2339
7786 5307 909
7791 6323 3255
9463 2444 669
1382 774 400
7471 2402 935
2600 1780 1133
336 286 227
4180 3880 506
5581 765 2219
1400 46 1061
7263 1175 480
7665 4545 2660
5375 5301 1908
5798 4737 1029
8827 4133 3626
8393 4358 4262
35 14 2
6037 5099 1984
9599 3783 3934
9897 194 5488
3931 34 1618
5904 3735 5063
4511 2441 1842
7630 6871 5829
3908 859 2213
650 319 76
6489 5446 5413
8860 3122 5241
7259 1761 2102
9514 3116 7658
8259 603 7051
9740 9002 6533
9392 4237 9281
2741 748 559
9301 3453 4000
7359 4166 525
4413 2085 1608
2747 662 2201
9630 795 9376
944 692 711
5892 1805 1814
3261 990 1828
456 319 225
8701 5521 2207
2868 2675 296
4454 3858 626
2106 886 356
5771 389 5099
3890 2516 3548
9496 6090 2637
7619 363 1176
8130 310 852
4477 415 4186
1651 111 1139
3129 3075 119
6925 1617 2368
5883 3727 4063
3057 2690 2184
9370 968 3671
6185 2694 4624
9311 5121 3351
2261 2007 1958
9208 8905 6973
5005 3005 3757
9790 2185 1785
6018 1068 2367
2616 2098 1673
9353 5202 783
8902 2915 6317
5308 4972 4431
1046 605 489
2051 1869 1210
1967 1603 714
8881 3689 6393
1284 1027 329
4966 954 525
7910 6796 1092
9996 4080 39
4391 312 3065
9800 4895 2266
9530 7553 4966
3764 1863 1698
6783 4515 5768
663 432 66
7593 981 5481
9981 5831 3693
5744 2354 3769
259 149 86
7156 6573 1772
8003 6484 5231
587 357 540
9870 60 7945
4660 3225 2571
8915 4768 156
6395 2465 3627
4966 4363 1074
4351 3330 2458
7295 4195 1735
1591 1471 565
9932 2189 257
681 333 538
4398 3503 2709
1991 1210 693
9639 6835 3379
4064 1612 1155
4176 4024 575
4243 690 2017
5657 3358 3989
4074 1007 3132
7421 1046 495
4311 682 2335
8199 3134 1983
9407 1676 5435
6795 4112 6076
9980 7505 423
4256 1478 125
7046 6812 3275
7559 3930 2645
5390 960 2309
4778 2919 3207
2258 2117 2123
7970 4343 3084
260 101 149
4652 871 4392
1817 323 1391
6449 2766 360
2633 1364 2261
5545 4622 3970
1635 113 1057
2808 640 251
7047 3804 1824
4441 4419 3319
4216 2847 614
3637 849 2078
5032 4831 3631
7570 652 327
2284 446 83
3456 171 1298
1594 695 210
2537 321 131
2685 148 292
3093 113 2020
2620 2424 634
6624 360 2416
1973 1738 1720
8913 7772 7590
4021 951 507
2371 1654 333
8049 2394 1326
2822 1496 1870
6275 1913 2029
2852 987 2351
3986 2300 1520
9286 5156 3013
386 78 56
5920 5536 5753
4580 1522 208
3261 3190 1303
9368 459 683
2692 1330 1870
5248 4857 4239
4537 2237 156
4050 2499 1473
1939 1289 71
1414 1195 256
1801 1713 112
9637 2710 8741
9263 8826 5396
4846 990 3929
4534 2886 3041
378 81 331
5702 3482 578
5879 2239 854
4882 1592 760
6738 6030 6238
3082 1573 538
3863 1281 2175
9278 859 2573
3781 2345 463
5756 193 2142
6335 1110 5219
6158 4556 3010
6499 4232 890
4331 2076 3319
3560 457 1505
5513 2272 3068
5568 4656 2139
4244 2317 1968
3164 475 3031
6610 1615 4162
4176 3662 3577
3543 2401 3093
420 203 262
4654 3113 1041
85 70 64
7447 4999 7190
7547 2148 6692
4403 1953 3898
5854 3555 2374
1904 1300 1687
9480 4012 239
9987 5419 8766
1547 851 130
9387 4925 4714
671 331 624
3226 1652 817
4925 3705 4812
8742 567 7041
1425 446 1141
8426 3797 6174
9296 2991 7241
2689 939 235
3698 1571 1299
9781 3705 213
5477 1111 1465
1230 352 106
4792 1606 1570
2536 1709 2093
6749 6148 4857
1678 435 284
8980 1814 5335
934 419 761
7549 1501 3947
1586 445 498
2174 545 56
5165 4299 4214
3125 427 962
3522 305 801
1190 532 515
6546 2870 3344
883 324 138
2611 691 770
9742 7831 5701
792 149 492
6916 2691 4985
2273 1396 237
4738 3609 1237
3983 1424 1797
8085 8043 5893
1921 913 1013
6751 4877 2352
3304 738 1631
9705 3881 7850
8511 443 4140
240 174 238
3983 1657 3026
2904 2121 276
8654 1166 5840
5257 4247 47
5590 993 2283
3232 651 501
6543 1152 5920
4910 473 2132
4851 2807 992
94 76 21
1975 1531 1770
6474 556 2610
4998 4864 4627
8442 5588 2727
5756 4966 1916
6822 1290 2872
2882 1569 2298
6509 1383 6468
7207 1797 2558
6895 5597 2153
9928 7269 8211
673 54 254
5771 1183 3619
7030 752 837
3725 1788 610
6771 6511 2547
4740 971 3256
6363 318 3172
4319 735 4079
1119 925 437
4911 3806 1025
1032 798 336
7395 944 7258
3743 448 3324
6726 6414 5975
4164 100 3176
6878 1647 2909
9304 1536 2811
5284 2966 798
5928 969 3292
6694 1874 5312
7608 2041 4638
9892 7577 4847
7733 810 1348
4628 410 4058
7497 66 7273
5503 199 516
7936 4387 265
1054 960 229
2229 2055 309
1102 732 392
2470 246 1683
350 275 1
3987 3168 3370
8669 5783 4909
7613 2303 4378
6402 6309 800
1665 165 650
9981 1287 155
4569 1408 2669
8102 2002 5977
4578 4310 933
4733 3739 4546
2507 156 1585
3449 2455 613
2921 816 430
6646 6527 6173
9293 3535 8763
4208 1019 2170
3847 2273 1516
4036 815 2327
1299 103 1215
3729 690 868
4398 360 2918
9650 8680 8455
407 378 162
9272 4348 2918
5083 389 546
5621 3217 5317
8370 2936 5557
6118 3725 4161
1076 252 204
9858 2412 9203
3223 1326 1996
219 99 172
148 2 143
9205 5995 322
7966 5925 476
1717 612 1602
8069 4711 6544
3639 903 2865
7985 6145 7956
4883 1897 4086
3829 2430 2861
4495 324 4238
6399 2555 3323
5137 558 2783
1819 1075 1441
6936 6067 613
2046 1979 1767
2854 2648 402
8099 4109 3221
6441 4702 2786
7072 3185 4027
3586 3276 2876
2946 2396 2663
8777 7439 1062
4112 899 4107
46 42 24
3494 107 1631
5006 2151 2974
3797 1379 383
9747 5612 321
658 607 652
4729 388 1398
7117 891 3775
972 139 607
5847 4105 3977
4387 3402 1728
5719 4400 983
381 35 100
872 648 52
1323 366 1117
8010 6327 7832
5461 855 3952
1556 191 943
2798 2455 1851
4396 1150 1744
992 211 911
2981 2389 1909
4171 575 3959
6266 5664 903
3671 475 3001
4685 3478 2703
6286 1851 3232
7485 1666 6345
5272 1501 1972
8619 4239 2525
6780 6122 5796
382 251 116
5681 4031 5585
4056 1093 3423
6246 2164 2312
7473 7029 1851
4636 2335 3085
2225 1616 1607
4942 3055 2114
3780 2106 565
9959 7332 4558
4606 2630 2762
8928 4887 5533
9141 6395 8608
4556 3326 652
5046 1268 1597
4653 4640 1130
1315 460 908
3220 1930 2832
6577 5647 5555
7924 6856 1883
8358 7339 2220
1558 895 1148
1674 1156 643
9642 9235 7564
5803 24 3794
8625 3149 867
4459 3420 912
7048 3202 4412
8893 7434 1299
2124 1011 809
1847 147 350
5601 4346 2557
5823 5492 1202
9523 5107 1209
1079 678 903
5725 4452 3698
1618 1139 970
2243 481 1377
62 11 3
2389 1876 1016
2655 2627 809
5021 787 3993
8644 1729 5545
3122 554 2417
7243 3786 4059
9175 6743 7518
9396 8678 3556
605 443 279
5471 1556 4339
5671 1032 2224
4172 912 3575
125 10 121
7503 919 3648
7592 3209 2373
3889 600 717
8341 2565 6862
366 219 203
8048 3909 3564
7783 2854 1062
2762 2066 1779
2703 1601 1474
4179 667 3169
9792 7308 6872
3151 691 409
6431 484 4336
6509 1607 3499
3321 1509 1680
5248 2827 1077
7242 2423 6484
9201 3830 4782
6733 1182 3359
8037 5725 6593
780 508 509
9748 1875 3600
7033 3377 1571
3693 1344 2987
6670 5232 2927
1254 360 400
317 198 5
9911 8304 9649
8164 5800 1409
8324 7551 2365
9013 8075 2527
837 420 199
5030 2452 3096
1283 806 36
2860 684 1237
4117 1326 2655
5649 91 20
1554 185 1001
356 141 4
5302 1967 5017
2261 247 2233
9933 1656 2655
9018 6087 3093
9469 9058 5024
3358 2374 76
1824 1214 463
7871 2542 3074
4979 950 4745
7889 332 1829
4949 3092 3356
7372 408 4928
8508 2219 7291
7320 7242 760
193 42 59
2284 2101 689
8711 6764 942
7208 3162 1791
157 98 28
9210 3982 4914
8372 6867 1029
895 1 643
7489 7447 5079
1207 996 728
7500 6327 7316
9437 5476 9402
6843 3120 6815
740 291 18
9032 1409 1608
638 99 170
144 105 10
4316 82 2155
5184 4859 1024
2828 2015 2275
6882 1026 3156
6747 4731 918
5074 2773 35
333 180 187
5393 5157 1765
55 5 36
5289 2101 4696
2259 2182 1101
308 266 241
1135 233 569
369 102 367
9488 3422 8640
7247 853 5119
1592 372 960
4102 3678 3977
1044 118 48
4748 2085 248
6464 1179 3549
7288 2009 979
5558 3300 3625
1244 798 774
3485 1738 3291
3104 2979 1406
5417 4323 2269
2443 1819 361
7205 3006 4942
2777 96 458
4566 3525 634
2819 127 2205
7705 50 323
9393 671 6332
1677 405 851
9122 241 996
2048 39 145
1123 1081 742
154 88 90
8613 2824 3921
7911 4917 4017
9797 2969 4405
8230 4317 1152
9212 3526 5338
4816 2173 2616
271 81 246
3622 981 2375
7468 3971 778
5161 1575 2260
901 435 471
534 302 340
1153 668 380
8785 3955 6517
5482 2336 918
7604 3407 1246
9685 5885 9025
2268 1008 191
8463 2278 1219
9737 3596 37
2521 1508 1833
2469 1014 2435
2810 142 2248
6857 6211 2368
6346 4484 1122
6363 2098 2489
5591 4326 244
5712 4250 2701
1407 498 331
2406 27 720
9809 4182 7826
599 460 439
5242 1550 5202
4472 1971 2784
4593 2299 4189
2985 2074 699
9082 1714 5163
9306 1337 6952
5426 2207 1356
2251 1013 1298
6620 870 6152
2541 2020 290
8339 4666 6922
4258 1587 3254
3323 1866 1329
5660 1030 3801
8488 5869 6006
727 89 492
3287 2637 2655
6349 2512 113
7281 3122 4857
9833 1745 8476
6805 1444 6426
9803 5966 1396
324 48 137
9238 5240 3735
9573 6393 5250
9903 4752 1705
4943 4769 1797
7054 3671 4000
7662 53 6260
8396 7048 4501
4337 1524 3816
3225 1761 1730
6950 388 6788
3400 2650 533
3811 1778 2707
7344 4605 6712
6896 6732 4010
558 376 147
7809 3361 7429
9141 132 3577
1074 1024 877
4540 19 1687
4688 1366 211
1626 905 874
9242 3143 8553
6181 3775 5975
8413 2898 3156
8948 6679 2201
542 512 387
957 120 473
3618 481 2772
5817 3644 2959
6242 2562 4494
8958 166 5568
6707 6075 5209
9618 3656 4262
7714 917 129
4123 1913 4075
3546 1109 2241
979 131 123
1662 40 658
2107 1833 654
7981 133 5382
3919 861 655
62 8 55
2919 2715 2404
8887 1835 4202
3770 3651 335
8665 8107 3039
641 96 121
8415 5018 6597
7567 3432 1194
3971 442 2892
6893 3133 4930
2540 444 554
6805 2506 5010
9250 5029 6134
8096 96 4383
5564 1064 4865
4722 2985 4367
7416 2841 6960
5350 2836 2333
12 9 8
1905 479 205
1005 311 307
2896 2352 1547
7049 5134 1320
3552 859 1500
7922 215 3132
3893 3072 3834
2974 1584 2556
6664 6573 3263
4864 4366 3592
3688 3613 2949
4759 4032 310
8893 2462 3926
6501 3221 921
4694 1737 3519
86 42 79
1844 1124 1247
5252 1382 4132
6173 3325 1188
4298 2523 2418
5175 1086 3884
7085 4361 5622
6561 1352 5008
8189 6769 7773
8733 4694 6247
7662 7038 4165
1274 218 653
2131 1984 1642
6871 4342 6126
4473 1965 1324
1627 1501 1523
5855 941 2772
4001 997 2498
6751 2149 1626
9599 5269 9546
5607 3430 4593
8466 4913 5313
9076 3821 1537
5608 1338 5241
7909 3000 4883
8739 523 1704
5840 3520 2620
8618 7827 1579
4443 1242 1195
3849 198 3187
1766 373 1375
1835 29 1819
8813 5391 2329
109 82 33
8609 8381 5954
5271 4848 3490
4497 294 2237
475 292 178
669 514 357
7495 3691 6040
6693 1335 6656
5970 2585 796
6883 3704 5498
7822 790 3977
1439 805 558
2819 816 722
5139 2603 4615
9744 283 9406
6492 1449 5871
9363 4936 8406
5449 420 910
5786 3266 3925
780 656 458
8155 4037 2058
1414 646 202
1119 609 893
2060 828 394
5477 2006 5286
4030 505 395
5621 3586 5560
4322 3289 501
6730 5214 2327
9463 766 7321
4009 2281 3955
9708 4031 7638
5564 4167 174
7980 5902 4313
733 650 438
8582 5977 5400
1933 12 328
1840 1047 425
7146 187 306
5486 5480 1779
2997 1637 1455
9321 8021 2915
9761 3323 4675
5539 843 709
9140 2906 2080
4603 3412 871
9771 1691 1153
6803 1257 3395
3101 2356 880
4123 1828 793
2867 2785 2713
6722 2962 1995
8051 3823 4699
3149 922 888
5177 3543 1262
7173 250 2968
6372 1628 597
4251 1335 1673
1826 1387 1485
8808 3952 6087
9696 9640 7006
6889 3059 6403
7310 4837 3178
4035 3831 955
4834 1210 2578
1686 76 915
7287 3836 560
5768 2285 209
4829 2820 1372
9600 2607 9244
4570 2926 2536
725 514 361
1831 129 1547
1469 1432 864
3756 594 2515
8777 4510 7775
8973 8648 1200
5643 61 2248
4387 78 3030
9784 3385 9320
119 70 101
1651 525 1025
5055 945 2209
9045 872 6543
9190 5297 4277
4416 3511 4211
5183 2035 348
8075 7648 4138
1687 383 1036
8573 7290 3835
844 665 466
2805 2533 2015
3950 2573 3208
9772 8499 2055
7141 1612 6463
486 308 150
6209 1254 3779
9921 604 614
3299 2916 2331
4618 1005 355
465 283 88
9459 4883 329
3052 2687 2898
6581 3240 2943
2280 1283 799
922 758 326
4717 1509 3999
2532 709 2234
1833 1051 326
3483 2112 1996
3609 145 2807
2527 633 501
6460 6247 6276
2331 1938 437
6443 4901 1717
406 82 236
9957 1441 8935
8813 2388 5032
6603 4953 3832
9372 5613 8291
3725 86 3266
8060 2821 3068
859 325 638
274 178 186
5641 423 2246
7795 4392 7402
1798 548 1224
1882 500 1032
3195 1010 1369
566 456 34
3971 2386 3776
9564 307 6763
2714 25 2535
4604 1403 290
6109 2723 1426
5751 591 3500
4153 2350 551
9594 9132 2203
2354 1150 453
6460 1451 5439
5106 4351 10
1085 1054 959
8895 1863 2323
2908 2411 2404
982 858 760
4773 2905 1941
7922 6199 5153
7168 6493 5056
518 195 34
6579 1840 5990
289 94 187
7383 385 6218
6966 2939 4462
9833 317 2671
6792 542 3708
1130 844 901
3750 2744 1887
4918 3226 2232
4974 2159 3186
3027 2807 1382
487 294 98
4475 4446 1275
7530 3828 2971
6366 5603 740
1638 710 1084
7647 2521 2234
6166 602 3157
8911 7940 6334
8164 6783 6081
7874 5478 3215
974 866 522
5422 862 2214
5833 728 2120
6625 1258 2468
5874 2104 3059
2105 1430 420
585 280 46
5669 2115 4052
8485 7776 10
9827 6712 7972
734 704 555
1772 1367 544
3187 1831 1479
7517 1822 6558
4386 43 731
6667 2326 4805
2669 2218 1064
4971 3090 4119
7872 4583 3672
424 8 13
4707 4651 40
4775 3047 1902
6137 1996 4293
6708 5313 669
7237 1223 6803
8345 2685 6562
4811 2435 778
7384 5066 1301
4392 2630 3877
5099 366 4018
8173 3754 620
512 322 436
1189 923 805
2000 1682 1218
7577 7253 5870
8404 4291 1000
1171 1125 1095
1686 925 732
4737 1198 3719
2961 1536 407
4294 2350 3723
9946 3784 4240
2527 984 233
2693 145 1127
8921 836 3705
3843 3287 3776
3055 506 272
7709 4030 1007
3051 2692 2546
7769 4367 4955
3943 3489 1308
7097 4275 4628
7642 1540 5406
6051 485 1393
6661 1140 356
3886 878 2600
2245 2070 452
1352 338 326
4183 2526 2645
5797 4752 4853
6949 6292 34
8737 4428 7916
6120 4178 1762
2836 2133 1936
2470 2282 1606
