5000
2 1
3 2
4 2
5 1
6 1
7 6
8 2
9 6
10 1
11 1
12 1
13 10
14 8
15 5
16 10
17 4
18 17
19 11
20 1
21 10
22 5
23 3
24 18
25 15
26 25
27 5
28 18
29 6
30 5
31 5
32 26
33 16
34 27
35 18
36 14
37 21
38 25
39 6
40 13
41 33
42 11
43 32
44 16
45 20
46 42
47 25
48 36
49 41
50 19
51 16
52 12
53 30
54 31
55 14
56 55
57 50
58 40
59 13
60 49
61 57
62 31
63 51
64 32
65 27
66 6
67 31
68 38
69 52
70 12
71 18
72 48
73 43
74 13
75 42
76 1
77 1
78 35
79 25
80 23
81 30
82 23
83 23
84 50
85 50
86 16
87 7
88 65
89 88
90 32
91 38
92 28
93 11
94 13
95 7
96 20
97 53
98 16
99 29
100 29
101 31
102 24
103 37
104 101
105 71
106 12
107 43
108 106
109 49
110 77
111 54
112 31
113 68
114 91
115 99
116 63
117 91
118 70
119 19
120 52
121 115
122 108
123 108
124 11
125 116
126 46
127 103
128 107
129 42
130 53
131 67
132 72
133 13
134 62
135 60
136 117
137 34
138 100
139 125
140 42
141 81
142 118
143 106
144 142
145 15
146 33
147 30
148 123
149 147
150 88
151 65
152 144
153 20
154 60
155 125
156 16
157 27
158 81
159 141
160 110
161 75
162 97
163 68
164 105
165 143
166 108
167 46
168 71
169 94
170 84
171 46
172 51
173 72
174 18
175 70
176 78
177 34
178 24
179 6
180 12
181 1
182 166
183 51
184 112
185 153
186 7
187 135
188 146
189 142
190 8
191 162
192 46
193 116
194 143
195 63
196 65
197 11
198 177
199 114
200 15
201 130
202 157
203 31
204 8
205 32
206 22
207 205
208 5
209 26
210 202
211 157
212 17
213 86
214 13
215 84
216 31
217 185
218 106
219 46
220 84
221 182
222 42
223 100
224 23
225 46
226 206
227 62
228 82
229 141
230 24
231 221
232 39
233 31
234 102
235 109
236 195
237 96
238 55
239 78
240 61
241 180
242 41
243 53
244 41
245 129
246 150
247 90
248 73
249 175
250 109
251 184
252 202
253 189
254 238
255 186
256 87
257 86
258 50
259 236
260 138
261 84
262 190
263 229
264 228
265 80
266 65
267 136
268 49
269 58
270 85
271 49
272 57
273 84
274 23
275 1
276 84
277 29
278 2
279 145
280 275
281 92
282 129
283 145
284 246
285 136
286 78
287 232
288 50
289 131
290 15
291 263
292 164
293 286
294 119
295 248
296 115
297 289
298 64
299 188
300 258
301 228
302 272
303 209
304 46
305 57
306 71
307 144
308 241
309 166
310 107
311 35
312 39
313 5
314 286
315 15
316 2
317 235
318 36
319 255
320 96
321 145
322 16
323 103
324 188
325 35
326 99
327 316
328 4
329 130
330 7
331 253
332 207
333 198
334 189
335 227
336 232
337 65
338 260
339 89
340 307
341 141
342 113
343 83
344 146
345 90
346 225
347 111
348 140
349 251
350 113
351 169
352 158
353 77
354 9
355 42
356 262
357 287
358 181
359 189
360 156
361 262
362 119
363 67
364 69
365 236
366 329
367 231
368 163
369 141
370 36
371 35
372 371
373 340
374 325
375 346
376 140
377 116
378 74
379 220
380 58
381 59
382 182
383 178
384 156
385 361
386 12
387 112
388 316
389 288
390 221
391 330
392 364
393 66
394 324
395 125
396 241
397 150
398 383
399 277
400 185
401 86
402 356
403 113
404 85
405 308
406 350
407 159
408 404
409 78
410 133
411 307
412 177
413 389
414 49
415 163
416 174
417 86
418 348
419 151
420 28
421 387
422 413
423 394
424 210
425 230
426 277
427 252
428 186
429 321
430 5
431 85
432 207
433 55
434 108
435 250
436 298
437 285
438 269
439 19
440 383
441 349
442 26
443 178
444 189
445 332
446 268
447 436
448 24
449 277
450 349
451 65
452 416
453 383
454 332
455 3
456 232
457 94
458 343
459 416
460 440
461 17
462 143
463 229
464 424
465 10
466 17
467 412
468 73
469 169
470 228
471 118
472 72
473 125
474 10
475 199
476 169
477 278
478 366
479 328
480 69
481 82
482 6
483 374
484 266
485 396
486 208
487 481
488 477
489 378
490 328
491 421
492 429
493 277
494 77
495 115
496 277
497 306
498 371
499 182
500 105
501 334
502 394
503 183
504 343
505 301
506 191
507 183
508 445
509 168
510 353
511 451
512 496
513 127
514 211
515 348
516 146
517 150
518 351
519 183
520 235
521 421
522 4
523 404
524 247
525 213
526 370
527 324
528 227
529 149
530 182
531 95
532 471
533 79
534 207
535 505
536 114
537 35
538 498
539 143
540 342
541 470
542 194
543 312
544 37
545 487
546 340
547 504
548 289
549 427
550 266
551 147
552 18
553 8
554 467
555 443
556 384
557 123
558 343
559 96
560 461
561 494
562 270
563 6
564 151
565 177
566 314
567 504
568 109
569 43
570 239
571 72
572 70
573 482
574 261
575 245
576 181
577 568
578 385
579 320
580 186
581 379
582 486
583 56
584 552
585 543
586 411
587 252
588 359
589 99
590 210
591 461
592 143
593 550
594 439
595 385
596 216
597 286
598 205
599 400
600 590
601 157
602 304
603 411
604 564
605 579
606 553
607 313
608 188
609 49
610 550
611 77
612 401
613 522
614 459
615 244
616 221
617 431
618 258
619 372
620 393
621 348
622 352
623 510
624 245
625 334
626 233
627 266
628 437
629 251
630 358
631 376
632 377
633 388
634 176
635 634
636 356
637 376
638 550
639 46
640 28
641 176
642 20
643 43
644 296
645 581
646 398
647 79
648 380
649 603
650 132
651 298
652 49
653 487
654 625
655 166
656 635
657 82
658 586
659 214
660 121
661 272
662 514
663 78
664 588
665 81
666 362
667 479
668 537
669 469
670 240
671 388
672 664
673 298
674 642
675 5
676 607
677 578
678 668
679 174
680 200
681 549
682 153
683 403
684 41
685 555
686 533
687 417
688 41
689 504
690 552
691 522
692 308
693 394
694 531
695 298
696 562
697 453
698 203
699 262
700 84
701 343
702 308
703 547
704 9
705 96
706 397
707 255
708 36
709 183
710 10
711 257
712 79
713 452
714 29
715 368
716 611
717 477
718 192
719 309
720 12
721 158
722 55
723 280
724 530
725 694
726 127
727 112
728 571
729 293
730 192
731 655
732 145
733 29
734 186
735 487
736 516
737 406
738 460
739 449
740 524
741 526
742 252
743 486
744 581
745 719
746 696
747 95
748 221
749 202
750 492
751 222
752 429
753 33
754 185
755 503
756 461
757 375
758 145
759 720
760 369
761 237
762 625
763 201
764 296
765 444
766 421
767 46
768 155
769 710
770 665
771 340
772 602
773 338
774 628
775 554
776 67
777 711
778 181
779 183
780 763
781 562
782 473
783 67
784 561
785 476
786 51
787 216
788 1
789 78
790 29
791 622
792 447
793 442
794 625
795 288
796 96
797 80
798 193
799 80
800 199
801 721
802 568
803 138
804 539
805 569
806 693
807 796
808 41
809 544
810 755
811 85
812 353
813 63
814 303
815 813
816 385
817 571
818 412
819 657
820 713
821 266
822 3
823 381
824 159
825 428
826 573
827 430
828 791
829 814
830 556
831 550
832 726
833 708
834 356
835 715
836 268
837 779
838 639
839 450
840 205
841 438
842 123
843 387
844 550
845 206
846 581
847 838
848 422
849 777
850 782
851 451
852 279
853 837
854 66
855 91
856 482
857 838
858 471
859 447
860 60
861 726
862 103
863 432
864 664
865 30
866 298
867 789
868 211
869 566
870 119
871 548
872 67
873 800
874 389
875 695
876 398
877 224
878 130
879 241
880 248
881 787
882 466
883 8
884 829
885 398
886 775
887 697
888 396
889 240
890 692
891 176
892 316
893 224
894 25
895 835
896 36
897 607
898 698
899 616
900 307
901 780
902 800
903 667
904 265
905 389
906 172
907 456
908 697
909 182
910 778
911 430
912 829
913 89
914 564
915 844
916 142
917 61
918 666
919 815
920 420
921 572
922 554
923 410
924 696
925 834
926 557
927 25
928 758
929 445
930 734
931 579
932 105
933 798
934 688
935 411
936 696
937 701
938 246
939 745
940 537
941 637
942 128
943 358
944 711
945 534
946 98
947 121
948 214
949 161
950 123
951 639
952 327
953 796
954 115
955 134
956 595
957 468
958 434
959 100
960 493
961 367
962 847
963 355
964 4
965 808
966 234
967 889
968 843
969 798
970 583
971 94
972 269
973 50
974 841
975 921
976 927
977 772
978 511
979 715
980 339
981 436
982 51
983 975
984 723
985 647
986 398
987 501
988 250
989 935
990 501
991 450
992 866
993 428
994 423
995 427
996 332
997 148
998 381
999 911
1000 877
1001 595
1002 134
1003 15
1004 326
1005 909
1006 224
1007 443
1008 493
1009 224
1010 1002
1011 87
1012 728
1013 941
1014 630
1015 746
1016 766
1017 243
1018 475
1019 381
1020 655
1021 962
1022 627
1023 919
1024 875
1025 77
1026 790
1027 473
1028 247
1029 976
1030 447
1031 686
1032 884
1033 753
1034 853
1035 926
1036 335
1037 895
1038 186
1039 145
1040 226
1041 892
1042 674
1043 123
1044 814
1045 336
1046 127
1047 695
1048 847
1049 200
1050 320
1051 318
1052 515
1053 626
1054 445
1055 448
1056 734
1057 170
1058 562
1059 894
1060 525
1061 69
1062 439
1063 746
1064 962
1065 600
1066 624
1067 27
1068 331
1069 686
1070 974
1071 886
1072 488
1073 770
1074 910
1075 409
1076 992
1077 394
1078 220
1079 897
1080 274
1081 606
1082 83
1083 608
1084 962
1085 918
1086 262
1087 94
1088 605
1089 565
1090 695
1091 987
1092 92
1093 15
1094 596
1095 291
1096 1050
1097 584
1098 395
1099 627
1100 881
1101 487
1102 1038
1103 501
1104 646
1105 598
1106 51
1107 1047
1108 288
1109 876
1110 1004
1111 607
1112 739
1113 604
1114 688
1115 986
1116 595
1117 177
1118 352
1119 157
1120 411
1121 989
1122 166
1123 69
1124 372
1125 616
1126 107
1127 645
1128 929
1129 322
1130 304
1131 635
1132 1049
1133 100
1134 280
1135 967
1136 949
1137 717
1138 485
1139 961
1140 783
1141 325
1142 495
1143 579
1144 329
1145 940
1146 596
1147 53
1148 541
1149 926
1150 954
1151 936
1152 1073
1153 477
1154 422
1155 192
1156 859
1157 65
1158 710
1159 209
1160 378
1161 420
1162 676
1163 608
1164 739
1165 136
1166 123
1167 1128
1168 849
1169 873
1170 428
1171 263
1172 532
1173 75
1174 189
1175 532
1176 770
1177 238
1178 1
1179 249
1180 879
1181 1162
1182 236
1183 259
1184 376
1185 731
1186 952
1187 849
1188 659
1189 385
1190 629
1191 965
1192 530
1193 299
1194 227
1195 486
1196 1062
1197 249
1198 719
1199 594
1200 678
1201 762
1202 80
1203 63
1204 608
1205 76
1206 673
1207 1074
1208 1068
1209 366
1210 80
1211 390
1212 857
1213 927
1214 268
1215 785
1216 1083
1217 108
1218 164
1219 646
1220 1085
1221 4
1222 349
1223 1061
1224 468
1225 1187
1226 51
1227 1133
1228 1112
1229 366
1230 623
1231 765
1232 527
1233 23
1234 533
1235 944
1236 1192
1237 918
1238 1077
1239 805
1240 671
1241 642
1242 89
1243 246
1244 260
1245 412
1246 383
1247 1087
1248 1167
1249 124
1250 156
1251 974
1252 730
1253 1189
1254 1029
1255 400
1256 346
1257 360
1258 1221
1259 450
1260 1194
1261 250
1262 441
1263 440
1264 862
1265 534
1266 661
1267 919
1268 209
1269 284
1270 317
1271 683
1272 299
1273 397
1274 1025
1275 158
1276 660
1277 1117
1278 944
1279 188
1280 800
1281 331
1282 845
1283 794
1284 1092
1285 373
1286 815
1287 994
1288 1233
1289 1022
1290 123
1291 638
1292 1041
1293 558
1294 1140
1295 402
1296 707
1297 713
1298 1282
1299 348
1300 717
1301 787
1302 418
1303 108
1304 686
1305 542
1306 239
1307 764
1308 1019
1309 842
1310 1176
1311 937
1312 650
1313 527
1314 840
1315 105
1316 1035
1317 497
1318 728
1319 755
1320 589
1321 352
1322 606
1323 710
1324 565
1325 1160
1326 1184
1327 615
1328 42
1329 1092
1330 312
1331 226
1332 677
1333 1298
1334 457
1335 886
1336 529
1337 150
1338 856
1339 220
1340 403
1341 496
1342 302
1343 491
1344 1102
1345 984
1346 839
1347 149
1348 281
1349 1255
1350 297
1351 45
1352 977
1353 1190
1354 373
1355 415
1356 906
1357 906
1358 1002
1359 1013
1360 61
1361 1067
1362 1039
1363 1188
1364 716
1365 1123
1366 1302
1367 763
1368 136
1369 1169
1370 852
1371 1018
1372 697
1373 605
1374 427
1375 248
1376 244
1377 1036
1378 1030
1379 813
1380 992
1381 313
1382 882
1383 968
1384 629
1385 800
1386 1003
1387 92
1388 73
1389 951
1390 71
1391 1145
1392 1106
1393 828
1394 887
1395 301
1396 1284
1397 53
1398 821
1399 194
1400 912
1401 601
1402 1147
1403 870
1404 1395
1405 386
1406 1030
1407 669
1408 626
1409 54
1410 501
1411 1197
1412 414
1413 683
1414 287
1415 1245
1416 1018
1417 12
1418 1315
1419 1016
1420 414
1421 194
1422 1228
1423 531
1424 569
1425 438
1426 937
1427 1387
1428 1190
1429 619
1430 390
1431 705
1432 93
1433 905
1434 1425
1435 204
1436 1292
1437 628
1438 418
1439 61
1440 677
1441 898
1442 600
1443 116
1444 1046
1445 96
1446 1058
1447 1311
1448 1305
1449 15
1450 258
1451 1322
1452 217
1453 1227
1454 1245
1455 520
1456 266
1457 793
1458 392
1459 242
1460 960
1461 543
1462 1020
1463 30
1464 248
1465 842
1466 205
1467 1407
1468 1015
1469 402
1470 546
1471 660
1472 658
1473 1181
1474 19
1475 1438
1476 1459
1477 1411
1478 675
1479 107
1480 1393
1481 1442
1482 420
1483 1229
1484 510
1485 766
1486 57
1487 1415
1488 316
1489 1237
1490 1429
1491 511
1492 429
1493 378
1494 416
1495 1127
1496 1163
1497 950
1498 1235
1499 879
1500 874
1501 61
1502 1157
1503 768
1504 93
1505 446
1506 1128
1507 128
1508 187
1509 246
1510 920
1511 1015
1512 680
1513 675
1514 1049
1515 223
1516 120
1517 1326
1518 461
1519 1129
1520 742
1521 614
1522 346
1523 280
1524 767
1525 1379
1526 1031
1527 738
1528 615
1529 1219
1530 194
1531 1140
1532 243
1533 466
1534 738
1535 1401
1536 833
1537 908
1538 257
1539 945
1540 349
1541 652
1542 963
1543 1319
1544 1011
1545 1009
1546 1238
1547 1399
1548 318
1549 1098
1550 343
1551 1157
1552 994
1553 1499
1554 1373
1555 537
1556 1083
1557 693
1558 1398
1559 28
1560 1210
1561 136
1562 651
1563 1388
1564 1367
1565 698
1566 507
1567 51
1568 746
1569 719
1570 457
1571 609
1572 927
1573 211
1574 251
1575 297
1576 1240
1577 969
1578 1061
1579 1336
1580 1516
1581 1019
1582 1480
1583 1076
1584 527
1585 496
1586 822
1587 815
1588 1300
1589 596
1590 207
1591 247
1592 80
1593 1287
1594 298
1595 1216
1596 1361
1597 1027
1598 661
1599 880
1600 1363
1601 252
1602 244
1603 218
1604 391
1605 1479
1606 1491
1607 471
1608 627
1609 90
1610 1105
1611 196
1612 686
1613 1503
1614 1335
1615 308
1616 199
1617 599
1618 1616
1619 1011
1620 1493
1621 534
1622 650
1623 1465
1624 844
1625 688
1626 1517
1627 519
1628 822
1629 1385
1630 87
1631 1263
1632 343
1633 1286
1634 566
1635 102
1636 1260
1637 144
1638 1112
1639 1319
1640 913
1641 169
1642 1640
1643 586
1644 1034
1645 1039
1646 729
1647 1558
1648 769
1649 300
1650 528
1651 1407
1652 487
1653 1515
1654 115
1655 11
1656 1079
1657 680
1658 203
1659 1255
1660 1535
1661 315
1662 20
1663 839
1664 230
1665 879
1666 788
1667 464
1668 678
1669 1329
1670 1414
1671 723
1672 222
1673 1399
1674 1240
1675 822
1676 905
1677 863
1678 1190
1679 114
1680 1199
1681 1446
1682 1591
1683 936
1684 459
1685 998
1686 24
1687 878
1688 1576
1689 1451
1690 484
1691 84
1692 1315
1693 1387
1694 548
1695 500
1696 1157
1697 267
1698 8
1699 1250
1700 1319
1701 1488
1702 865
1703 306
1704 587
1705 1132
1706 1314
1707 1217
1708 422
1709 485
1710 1585
1711 272
1712 720
1713 1356
1714 194
1715 1398
1716 53
1717 1504
1718 188
1719 1239
1720 1507
1721 881
1722 1402
1723 1214
1724 382
1725 500
1726 440
1727 1263
1728 708
1729 308
1730 1191
1731 974
1732 1636
1733 80
1734 140
1735 711
1736 1284
1737 1064
1738 305
1739 733
1740 1637
1741 1218
1742 1237
1743 992
1744 1025
1745 1458
1746 211
1747 567
1748 988
1749 1289
1750 906
1751 190
1752 60
1753 1392
1754 804
1755 763
1756 1647
1757 673
1758 1347
1759 1267
1760 1479
1761 1412
1762 912
1763 811
1764 1454
1765 43
1766 80
1767 71
1768 1704
1769 306
1770 1162
1771 1645
1772 1375
1773 1613
1774 1722
1775 1032
1776 967
1777 697
1778 345
1779 992
1780 1629
1781 1414
1782 1154
1783 1103
1784 472
1785 1615
1786 1542
1787 226
1788 1328
1789 374
1790 1753
1791 1668
1792 1052
1793 1720
1794 438
1795 1425
1796 1274
1797 696
1798 543
1799 262
1800 139
1801 852
1802 1661
1803 1116
1804 1622
1805 580
1806 999
1807 1627
1808 1191
1809 1188
1810 316
1811 1264
1812 919
1813 723
1814 966
1815 1362
1816 1369
1817 758
1818 1463
1819 1146
1820 925
1821 1633
1822 234
1823 105
1824 1318
1825 1558
1826 1242
1827 1681
1828 425
1829 1086
1830 1190
1831 191
1832 472
1833 647
1834 38
1835 690
1836 1040
1837 1728
1838 1078
1839 455
1840 406
1841 885
1842 669
1843 1746
1844 572
1845 843
1846 1732
1847 1680
1848 145
1849 1668
1850 1168
1851 1368
1852 616
1853 316
1854 1689
1855 1101
1856 1033
1857 614
1858 1473
1859 477
1860 245
1861 658
1862 1471
1863 1628
1864 572
1865 1415
1866 745
1867 969
1868 380
1869 720
1870 1573
1871 700
1872 1668
1873 334
1874 898
1875 930
1876 1366
1877 238
1878 1792
1879 1723
1880 1425
1881 850
1882 1029
1883 803
1884 1512
1885 488
1886 1479
1887 1779
1888 1057
1889 995
1890 1467
1891 465
1892 131
1893 856
1894 759
1895 1534
1896 855
1897 1861
1898 802
1899 584
1900 1076
1901 1887
1902 63
1903 514
1904 186
1905 1846
1906 832
1907 1822
1908 824
1909 1840
1910 745
1911 1105
1912 439
1913 1831
1914 1254
1915 1710
1916 1065
1917 1849
1918 1125
1919 306
1920 80
1921 1246
1922 1779
1923 1493
1924 167
1925 1118
1926 574
1927 1722
1928 1827
1929 406
1930 1103
1931 335
1932 1218
1933 104
1934 597
1935 85
1936 1014
1937 287
1938 862
1939 1575
1940 1448
1941 310
1942 26
1943 1763
1944 1656
1945 838
1946 1737
1947 1569
1948 1787
1949 1684
1950 667
1951 1481
1952 1074
1953 1470
1954 1747
1955 742
1956 1179
1957 858
1958 172
1959 622
1960 1155
1961 692
1962 1031
1963 1905
1964 519
1965 1375
1966 1790
1967 1299
1968 101
1969 673
1970 1954
1971 1440
1972 732
1973 1164
1974 807
1975 264
1976 354
1977 1498
1978 1562
1979 121
1980 1570
1981 1377
1982 25
1983 498
1984 12
1985 1208
1986 707
1987 1688
1988 1405
1989 23
1990 549
1991 295
1992 306
1993 1307
1994 779
1995 1567
1996 119
1997 84
1998 651
1999 1129
2000 45
2001 1973
2002 445
2003 10
2004 1702
2005 466
2006 530
2007 934
2008 976
2009 756
2010 1663
2011 305
2012 1161
2013 1148
2014 1502
2015 1946
2016 740
2017 1512
2018 420
2019 1994
2020 1801
2021 1433
2022 1901
2023 1770
2024 1631
2025 1053
2026 928
2027 1802
2028 1420
2029 1683
2030 609
2031 1565
2032 783
2033 676
2034 1678
2035 1019
2036 1340
2037 1061
2038 712
2039 746
2040 652
2041 1344
2042 1518
2043 1709
2044 1950
2045 217
2046 677
2047 286
2048 1418
2049 1632
2050 1853
2051 1351
2052 1993
2053 156
2054 1238
2055 242
2056 1473
2057 170
2058 476
2059 424
2060 1323
2061 1469
2062 1181
2063 610
2064 1667
2065 1695
2066 548
2067 1789
2068 41
2069 694
2070 162
2071 172
2072 39
2073 1442
2074 726
2075 1142
2076 1427
2077 975
2078 1734
2079 915
2080 806
2081 857
2082 598
2083 217
2084 905
2085 1721
2086 203
2087 1164
2088 1797
2089 993
2090 1010
2091 821
2092 651
2093 1175
2094 646
2095 2040
2096 1630
2097 643
2098 201
2099 69
2100 810
2101 1005
2102 738
2103 1578
2104 448
2105 685
2106 174
2107 638
2108 980
2109 1816
2110 1746
2111 1716
2112 1818
2113 880
2114 507
2115 1927
2116 1623
2117 2083
2118 883
2119 626
2120 471
2121 656
2122 1727
2123 335
2124 1494
2125 1048
2126 624
2127 1054
2128 186
2129 40
2130 2108
2131 84
2132 221
2133 1225
2134 98
2135 21
2136 855
2137 681
2138 655
2139 1569
2140 398
2141 1493
2142 1421
2143 1091
2144 670
2145 812
2146 1587
2147 281
2148 1560
2149 1405
2150 522
2151 1774
2152 1007
2153 2061
2154 269
2155 525
2156 6
2157 1218
2158 797
2159 481
2160 454
2161 405
2162 441
2163 1098
2164 1073
2165 397
2166 566
2167 465
2168 1195
2169 1351
2170 554
2171 791
2172 430
2173 1660
2174 522
2175 882
2176 923
2177 1664
2178 886
2179 2012
2180 549
2181 1842
2182 2173
2183 1294
2184 205
2185 1438
2186 1516
2187 1423
2188 1305
2189 351
2190 1602
2191 2065
2192 1379
2193 1508
2194 948
2195 409
2196 1559
2197 2163
2198 348
2199 1211
2200 1267
2201 1209
2202 1166
2203 870
2204 1166
2205 2142
2206 1313
2207 292
2208 1874
2209 2056
2210 1543
2211 2198
2212 1677
2213 1721
2214 494
2215 640
2216 806
2217 665
2218 115
2219 1737
2220 336
2221 1396
2222 707
2223 762
2224 714
2225 513
2226 776
2227 1618
2228 1391
2229 262
2230 1076
2231 1800
2232 1037
2233 997
2234 818
2235 882
2236 1722
2237 247
2238 1019
2239 973
2240 1043
2241 1272
2242 1142
2243 462
2244 1422
2245 2009
2246 977
2247 2054
2248 947
2249 1604
2250 494
2251 1084
2252 922
2253 689
2254 137
2255 22
2256 234
2257 1484
2258 2010
2259 594
2260 1401
2261 1020
2262 2043
2263 1546
2264 417
2265 1427
2266 39
2267 575
2268 1027
2269 1720
2270 1075
2271 2015
2272 883
2273 1303
2274 1051
2275 627
2276 250
2277 482
2278 1214
2279 254
2280 1054
2281 1773
2282 431
2283 1014
2284 479
2285 1211
2286 688
2287 632
2288 1293
2289 1228
2290 682
2291 1736
2292 1962
2293 1747
2294 2287
2295 2045
2296 1156
2297 1678
2298 1096
2299 1871
2300 1249
2301 1945
2302 1904
2303 1736
2304 240
2305 869
2306 2211
2307 96
2308 2277
2309 1126
2310 650
2311 2272
2312 1874
2313 1999
2314 2179
2315 180
2316 1762
2317 418
2318 1691
2319 217
2320 1641
2321 1031
2322 2143
2323 1614
2324 2103
2325 2259
2326 74
2327 1377
2328 344
2329 2139
2330 1147
2331 2184
2332 1052
2333 695
2334 175
2335 85
2336 2069
2337 1206
2338 1325
2339 1710
2340 2118
2341 1506
2342 1386
2343 1036
2344 584
2345 1126
2346 380
2347 409
2348 74
2349 1793
2350 271
2351 1035
2352 1164
2353 91
2354 601
2355 899
2356 2186
2357 781
2358 1624
2359 1688
2360 2146
2361 462
2362 206
2363 615
2364 398
2365 298
2366 617
2367 1208
2368 1431
2369 420
2370 360
2371 707
2372 61
2373 796
2374 1241
2375 1111
2376 311
2377 470
2378 1430
2379 321
2380 1718
2381 1628
2382 483
2383 2209
2384 2223
2385 1167
2386 247
2387 26
2388 467
2389 717
2390 1069
2391 24
2392 243
2393 1674
2394 2216
2395 2264
2396 1430
2397 585
2398 1048
2399 711
2400 2245
2401 1326
2402 1651
2403 1299
2404 2034
2405 1351
2406 822
2407 911
2408 639
2409 2155
2410 1923
2411 2277
2412 678
2413 2354
2414 1346
2415 2087
2416 1934
2417 1020
2418 607
2419 728
2420 2389
2421 909
2422 1325
2423 2091
2424 659
2425 838
2426 885
2427 918
2428 1219
2429 1771
2430 70
2431 635
2432 1280
2433 187
2434 2355
2435 1821
2436 138
2437 394
2438 396
2439 1344
2440 1428
2441 469
2442 2355
2443 950
2444 780
2445 469
2446 2386
2447 48
2448 609
2449 117
2450 1018
2451 1443
2452 2112
2453 1746
2454 907
2455 2268
2456 1629
2457 2224
2458 1408
2459 532
2460 703
2461 2174
2462 250
2463 627
2464 1178
2465 1362
2466 2425
2467 332
2468 147
2469 868
2470 1323
2471 860
2472 146
2473 1665
2474 2234
2475 1759
2476 18
2477 406
2478 770
2479 755
2480 635
2481 1498
2482 2454
2483 412
2484 1713
2485 1580
2486 1256
2487 1008
2488 536
2489 1870
2490 1566
2491 871
2492 1618
2493 1551
2494 2026
2495 1796
2496 1069
2497 2307
2498 1421
2499 194
2500 509
2501 288
2502 1585
2503 118
2504 1448
2505 135
2506 755
2507 2182
2508 2154
2509 457
2510 10
2511 1958
2512 1761
2513 422
2514 70
2515 837
2516 1976
2517 1007
2518 620
2519 700
2520 976
2521 946
2522 1968
2523 617
2524 1834
2525 1797
2526 421
2527 1406
2528 901
2529 1534
2530 1638
2531 474
2532 512
2533 856
2534 807
2535 2523
2536 2518
2537 2137
2538 2113
2539 1644
2540 2510
2541 1810
2542 2218
2543 2155
2544 2208
2545 2323
2546 2475
2547 597
2548 1834
2549 2071
2550 1606
2551 1493
2552 1940
2553 406
2554 91
2555 2269
2556 1527
2557 592
2558 1313
2559 620
2560 2546
2561 692
2562 656
2563 318
2564 1226
2565 1801
2566 1230
2567 2406
2568 2379
2569 1185
2570 2481
2571 2361
2572 2225
2573 495
2574 13
2575 2227
2576 244
2577 274
2578 992
2579 1054
2580 960
2581 2213
2582 1620
2583 657
2584 128
2585 2154
2586 1433
2587 2029
2588 1438
2589 778
2590 1339
2591 2251
2592 507
2593 2574
2594 491
2595 1698
2596 2437
2597 2377
2598 1058
2599 1173
2600 958
2601 396
2602 2547
2603 159
2604 162
2605 897
2606 557
2607 2037
2608 391
2609 2087
2610 2243
2611 1365
2612 193
2613 2593
2614 516
2615 1700
2616 1338
2617 2193
2618 574
2619 2012
2620 949
2621 767
2622 35
2623 377
2624 1525
2625 1415
2626 1527
2627 1228
2628 1415
2629 309
2630 2496
2631 1133
2632 76
2633 838
2634 1120
2635 699
2636 1828
2637 2470
2638 707
2639 2114
2640 137
2641 2091
2642 520
2643 1467
2644 303
2645 888
2646 832
2647 696
2648 768
2649 1529
2650 1676
2651 451
2652 2397
2653 2483
2654 2436
2655 2158
2656 768
2657 1264
2658 1818
2659 1253
2660 1496
2661 292
2662 1284
2663 1484
2664 2061
2665 2006
2666 2351
2667 772
2668 514
2669 481
2670 649
2671 825
2672 1903
2673 2071
2674 1408
2675 169
2676 55
2677 1200
2678 1426
2679 1195
2680 1697
2681 1297
2682 404
2683 1531
2684 1323
2685 1192
2686 410
2687 2492
2688 1624
2689 2143
2690 507
2691 934
2692 192
2693 1695
2694 416
2695 1691
2696 1949
2697 1548
2698 1479
2699 1239
2700 2430
2701 156
2702 707
2703 241
2704 1079
2705 2109
2706 667
2707 2599
2708 190
2709 2700
2710 1887
2711 2538
2712 68
2713 938
2714 2511
2715 947
2716 874
2717 1006
2718 2069
2719 1526
2720 1801
2721 1724
2722 5
2723 1904
2724 1172
2725 2634
2726 1214
2727 1949
2728 30
2729 2246
2730 947
2731 772
2732 1470
2733 397
2734 293
2735 654
2736 2677
2737 2457
2738 1100
2739 1505
2740 2292
2741 1334
2742 1521
2743 1514
2744 3
2745 2537
2746 1038
2747 1025
2748 679
2749 337
2750 2615
2751 2531
2752 81
2753 1697
2754 490
2755 1042
2756 1273
2757 1325
2758 276
2759 1347
2760 2090
2761 2754
2762 1644
2763 1794
2764 2739
2765 2562
2766 415
2767 420
2768 90
2769 959
2770 404
2771 124
2772 871
2773 2547
2774 2551
2775 2131
2776 1786
2777 1476
2778 1649
2779 2468
2780 757
2781 2501
2782 2550
2783 2176
2784 10
2785 359
2786 1636
2787 1510
2788 1218
2789 1822
2790 2285
2791 126
2792 889
2793 2594
2794 1818
2795 68
2796 999
2797 48
2798 112
2799 878
2800 2225
2801 1027
2802 1724
2803 1464
2804 588
2805 1955
2806 1843
2807 682
2808 2358
2809 1891
2810 1014
2811 2191
2812 2275
2813 2190
2814 2032
2815 512
2816 2100
2817 2587
2818 931
2819 923
2820 1409
2821 1654
2822 1983
2823 2571
2824 2646
2825 1553
2826 2477
2827 2213
2828 434
2829 1846
2830 791
2831 1748
2832 908
2833 983
2834 332
2835 1624
2836 1200
2837 710
2838 1853
2839 2508
2840 2377
2841 1425
2842 130
2843 1505
2844 1514
2845 2547
2846 323
2847 2381
2848 354
2849 1599
2850 826
2851 1506
2852 2502
2853 1421
2854 1585
2855 465
2856 2852
2857 2690
2858 246
2859 1866
2860 565
2861 1865
2862 1652
2863 1539
2864 1009
2865 1857
2866 426
2867 308
2868 81
2869 2789
2870 227
2871 1191
2872 1752
2873 679
2874 1973
2875 2049
2876 836
2877 2143
2878 2789
2879 1503
2880 1027
2881 451
2882 691
2883 681
2884 1703
2885 2770
2886 2116
2887 1087
2888 2601
2889 725
2890 2176
2891 9
2892 766
2893 2375
2894 1128
2895 2813
2896 642
2897 1637
2898 1925
2899 1184
2900 2543
2901 1992
2902 2354
2903 354
2904 1188
2905 1086
2906 606
2907 2405
2908 975
2909 1455
2910 1319
2911 1295
2912 353
2913 908
2914 822
2915 1617
2916 1607
2917 1168
2918 1528
2919 2156
2920 2388
2921 1867
2922 1862
2923 1861
2924 1520
2925 2600
2926 1899
2927 2849
2928 1002
2929 2744
2930 264
2931 726
2932 2136
2933 1718
2934 2496
2935 326
2936 2840
2937 1572
2938 66
2939 1293
2940 1253
2941 1767
2942 1413
2943 1918
2944 348
2945 1543
2946 304
2947 2883
2948 113
2949 2382
2950 2270
2951 792
2952 2061
2953 442
2954 1472
2955 2141
2956 2495
2957 1350
2958 1700
2959 850
2960 1669
2961 254
2962 1506
2963 2623
2964 1265
2965 1515
2966 2877
2967 772
2968 1771
2969 1794
2970 1929
2971 243
2972 555
2973 2533
2974 2294
2975 947
2976 305
2977 1841
2978 2305
2979 1867
2980 498
2981 2686
2982 1247
2983 903
2984 417
2985 429
2986 2204
2987 1382
2988 2190
2989 2645
2990 1460
2991 321
2992 1435
2993 889
2994 1192
2995 2644
2996 1711
2997 1901
2998 432
2999 2540
3000 1432
3001 853
3002 2604
3003 2440
3004 1761
3005 2274
3006 2220
3007 655
3008 864
3009 1623
3010 1446
3011 1265
3012 2454
3013 949
3014 1306
3015 534
3016 2600
3017 2063
3018 2670
3019 2116
3020 898
3021 2229
3022 2363
3023 2498
3024 922
3025 390
3026 978
3027 641
3028 1221
3029 1297
3030 886
3031 524
3032 2776
3033 94
3034 614
3035 2399
3036 2389
3037 1981
3038 2190
3039 308
3040 2416
3041 3014
3042 145
3043 2174
3044 971
3045 461
3046 2905
3047 1054
3048 1501
3049 2160
3050 2711
3051 1071
3052 2044
3053 11
3054 2949
3055 962
3056 2007
3057 2398
3058 2722
3059 2765
3060 1483
3061 1332
3062 1412
3063 1700
3064 1986
3065 395
3066 1506
3067 2956
3068 165
3069 1177
3070 1086
3071 1980
3072 1471
3073 1135
3074 1166
3075 795
3076 1466
3077 820
3078 453
3079 2190
3080 1648
3081 528
3082 1412
3083 189
3084 2475
3085 978
3086 1713
3087 2204
3088 1917
3089 2527
3090 1019
3091 2362
3092 645
3093 2139
3094 2945
3095 2412
3096 2244
3097 146
3098 805
3099 1088
3100 106
3101 938
3102 1559
3103 2207
3104 525
3105 3030
3106 144
3107 1092
3108 1230
3109 1308
3110 1958
3111 1897
3112 1542
3113 731
3114 2144
3115 531
3116 2853
3117 443
3118 230
3119 294
3120 2243
3121 2923
3122 519
3123 2523
3124 2908
3125 1830
3126 1609
3127 393
3128 2264
3129 1796
3130 1195
3131 223
3132 96
3133 2844
3134 31
3135 1126
3136 2789
3137 1517
3138 1139
3139 731
3140 1634
3141 991
3142 1210
3143 2265
3144 1734
3145 2294
3146 1582
3147 3117
3148 424
3149 2950
3150 167
3151 182
3152 1739
3153 1255
3154 667
3155 2783
3156 902
3157 149
3158 1353
3159 869
3160 886
3161 2102
3162 1190
3163 1764
3164 971
3165 420
3166 88
3167 1451
3168 1673
3169 385
3170 420
3171 1267
3172 1244
3173 1253
3174 439
3175 1878
3176 899
3177 3138
3178 2030
3179 2836
3180 1563
3181 2798
3182 2483
3183 1026
3184 1672
3185 1555
3186 874
3187 1425
3188 390
3189 2614
3190 1727
3191 1600
3192 2773
3193 2868
3194 2007
3195 2124
3196 637
3197 1197
3198 2330
3199 1229
3200 2930
3201 823
3202 261
3203 2708
3204 2958
3205 499
3206 2991
3207 2919
3208 2978
3209 2641
3210 17
3211 591
3212 2639
3213 2745
3214 124
3215 328
3216 2571
3217 2946
3218 715
3219 1773
3220 3154
3221 992
3222 825
3223 1951
3224 892
3225 1767
3226 1545
3227 465
3228 2099
3229 446
3230 2645
3231 546
3232 1157
3233 3210
3234 482
3235 1497
3236 1586
3237 1150
3238 1977
3239 963
3240 2204
3241 1119
3242 36
3243 1386
3244 341
3245 1033
3246 1206
3247 490
3248 819
3249 218
3250 3159
3251 1745
3252 2539
3253 2656
3254 2755
3255 1065
3256 3115
3257 1820
3258 155
3259 2277
3260 2211
3261 2011
3262 2521
3263 3175
3264 2500
3265 1110
3266 2271
3267 72
3268 2467
3269 474
3270 1984
3271 347
3272 2795
3273 2430
3274 1969
3275 1394
3276 1848
3277 3203
3278 1039
3279 210
3280 1031
3281 1072
3282 2254
3283 2439
3284 520
3285 1658
3286 2539
3287 965
3288 445
3289 311
3290 2365
3291 2496
3292 1311
3293 1666
3294 14
3295 2700
3296 1997
3297 3069
3298 1741
3299 2319
3300 2210
3301 2802
3302 2611
3303 1903
3304 1297
3305 829
3306 1122
3307 1773
3308 2452
3309 294
3310 1379
3311 2023
3312 836
3313 1012
3314 1997
3315 899
3316 1926
3317 305
3318 3102
3319 2932
3320 3219
3321 1932
3322 662
3323 970
3324 731
3325 2471
3326 1533
3327 1035
3328 1416
3329 2330
3330 296
3331 705
3332 1811
3333 1
3334 1467
3335 227
3336 1055
3337 1965
3338 22
3339 1319
3340 1968
3341 2686
3342 1547
3343 3274
3344 3288
3345 1049
3346 3209
3347 1359
3348 252
3349 1771
3350 1611
3351 145
3352 3345
3353 2525
3354 2669
3355 3075
3356 2806
3357 127
3358 1776
3359 737
3360 2749
3361 841
3362 2841
3363 2668
3364 2825
3365 215
3366 725
3367 569
3368 465
3369 2410
3370 2834
3371 1351
3372 1434
3373 81
3374 3212
3375 756
3376 1936
3377 988
3378 791
3379 2993
3380 734
3381 2338
3382 253
3383 2373
3384 2970
3385 2999
3386 2614
3387 2328
3388 3357
3389 231
3390 1490
3391 871
3392 1798
3393 1607
3394 774
3395 1001
3396 2586
3397 2406
3398 1602
3399 771
3400 2966
3401 1305
3402 3022
3403 309
3404 552
3405 232
3406 2035
3407 2329
3408 2396
3409 377
3410 1362
3411 1227
3412 2413
3413 1816
3414 1660
3415 1041
3416 3320
3417 2482
3418 2215
3419 2806
3420 3001
3421 1109
3422 908
3423 3197
3424 802
3425 2048
3426 546
3427 1600
3428 2569
3429 1984
3430 1616
3431 2841
3432 3332
3433 3364
3434 612
3435 2922
3436 1559
3437 192
3438 1446
3439 1010
3440 2160
3441 24
3442 3113
3443 1390
3444 212
3445 1675
3446 886
3447 468
3448 1474
3449 789
3450 636
3451 476
3452 2126
3453 2495
3454 2505
3455 3440
3456 50
3457 665
3458 3020
3459 1579
3460 2505
3461 2673
3462 3079
3463 332
3464 2070
3465 236
3466 2432
3467 2148
3468 208
3469 1453
3470 178
3471 3126
3472 461
3473 3057
3474 3387
3475 56
3476 1886
3477 2695
3478 717
3479 263
3480 2990
3481 1123
3482 484
3483 1537
3484 2090
3485 2243
3486 3373
3487 1978
3488 659
3489 2944
3490 2551
3491 2935
3492 775
3493 2216
3494 1533
3495 390
3496 2758
3497 11
3498 125
3499 287
3500 934
3501 1092
3502 906
3503 2979
3504 1557
3505 2448
3506 1085
3507 3348
3508 1999
3509 1432
3510 2586
3511 124
3512 2285
3513 3377
3514 1
3515 3362
3516 1594
3517 358
3518 2145
3519 848
3520 2270
3521 3118
3522 1300
3523 831
3524 1889
3525 1961
3526 2111
3527 1422
3528 947
3529 3289
3530 1982
3531 1706
3532 1528
3533 2622
3534 1805
3535 990
3536 2639
3537 2746
3538 2162
3539 1929
3540 839
3541 2591
3542 745
3543 1951
3544 1305
3545 3139
3546 1513
3547 1490
3548 3357
3549 172
3550 1800
3551 2147
3552 1089
3553 3085
3554 1673
3555 1626
3556 1578
3557 2544
3558 175
3559 1968
3560 1421
3561 321
3562 3514
3563 906
3564 958
3565 3166
3566 130
3567 2378
3568 2267
3569 1071
3570 3439
3571 2245
3572 72
3573 1699
3574 1022
3575 2859
3576 1056
3577 1993
3578 2677
3579 2143
3580 3538
3581 1073
3582 974
3583 3403
3584 2246
3585 998
3586 2326
3587 1482
3588 1406
3589 1502
3590 3588
3591 1155
3592 2892
3593 2054
3594 2416
3595 1628
3596 598
3597 544
3598 748
3599 2247
3600 775
3601 1225
3602 73
3603 608
3604 2090
3605 450
3606 248
3607 1601
3608 1308
3609 2786
3610 3388
3611 2070
3612 1418
3613 1922
3614 2940
3615 3295
3616 1259
3617 1819
3618 2534
3619 78
3620 1102
3621 2181
3622 3485
3623 3610
3624 3034
3625 2859
3626 2692
3627 2117
3628 448
3629 1727
3630 3381
3631 3183
3632 2171
3633 1449
3634 136
3635 1418
3636 1091
3637 1126
3638 2451
3639 1584
3640 2360
3641 1543
3642 2534
3643 2955
3644 575
3645 988
3646 594
3647 2377
3648 1990
3649 2606
3650 303
3651 2644
3652 1391
3653 680
3654 2215
3655 1480
3656 395
3657 2926
3658 1042
3659 2927
3660 2408
3661 1698
3662 2413
3663 3123
3664 3559
3665 1284
3666 1111
3667 1751
3668 2779
3669 720
3670 2872
3671 3012
3672 1769
3673 3266
3674 3363
3675 1401
3676 926
3677 891
3678 3474
3679 283
3680 1170
3681 1831
3682 3665
3683 3165
3684 820
3685 1378
3686 3395
3687 2444
3688 2056
3689 2810
3690 1066
3691 2458
3692 3521
3693 1869
3694 1670
3695 364
3696 3578
3697 3677
3698 2736
3699 3603
3700 1635
3701 2126
3702 1369
3703 369
3704 1416
3705 2665
3706 3650
3707 778
3708 1154
3709 231
3710 1184
3711 981
3712 1522
3713 3689
3714 2874
3715 2684
3716 2622
3717 2144
3718 2274
3719 181
3720 1310
3721 3327
3722 2608
3723 278
3724 1428
3725 299
3726 3013
3727 2345
3728 1039
3729 2173
3730 2262
3731 3652
3732 1763
3733 1396
3734 357
3735 2367
3736 297
3737 2704
3738 2977
3739 2438
3740 994
3741 2279
3742 1578
3743 428
3744 1412
3745 3628
3746 2006
3747 1899
3748 2806
3749 1880
3750 3129
3751 3608
3752 2619
3753 269
3754 305
3755 1713
3756 1617
3757 1428
3758 3203
3759 3591
3760 1257
3761 1347
3762 22
3763 2948
3764 2710
3765 1599
3766 819
3767 1191
3768 2290
3769 1967
3770 2529
3771 41
3772 3462
3773 2522
3774 2326
3775 3471
3776 3590
3777 3137
3778 550
3779 3778
3780 1332
3781 3168
3782 3635
3783 2709
3784 3392
3785 1192
3786 2157
3787 1569
3788 2640
3789 2535
3790 1739
3791 1735
3792 1193
3793 1239
3794 225
3795 3789
3796 593
3797 3510
3798 637
3799 1855
3800 349
3801 1821
3802 883
3803 3427
3804 3052
3805 1452
3806 2491
3807 3076
3808 281
3809 1105
3810 2606
3811 2134
3812 788
3813 3500
3814 3252
3815 1979
3816 923
3817 2683
3818 3350
3819 866
3820 2650
3821 1265
3822 371
3823 2127
3824 2264
3825 3715
3826 1894
3827 548
3828 3605
3829 634
3830 272
3831 2066
3832 187
3833 3377
3834 2925
3835 1346
3836 3325
3837 3217
3838 1245
3839 2266
3840 580
3841 926
3842 2880
3843 3553
3844 3708
3845 2638
3846 2033
3847 270
3848 688
3849 1734
3850 2519
3851 3210
3852 3120
3853 35
3854 3653
3855 723
3856 66
3857 759
3858 2429
3859 88
3860 2646
3861 997
3862 2664
3863 2743
3864 366
3865 2005
3866 2724
3867 3457
3868 3520
3869 1487
3870 2304
3871 2188
3872 1028
3873 723
3874 2678
3875 883
3876 2720
3877 3566
3878 3272
3879 979
3880 3854
3881 971
3882 3849
3883 3079
3884 452
3885 1547
3886 2055
3887 2733
3888 2492
3889 955
3890 1001
3891 2528
3892 2254
3893 3496
3894 864
3895 3194
3896 2295
3897 3704
3898 252
3899 1309
3900 644
3901 3005
3902 1332
3903 3293
3904 317
3905 3430
3906 930
3907 3389
3908 1363
3909 2989
3910 642
3911 888
3912 3575
3913 1399
3914 542
3915 2138
3916 2355
3917 603
3918 252
3919 2603
3920 3704
3921 3392
3922 1649
3923 36
3924 100
3925 3685
3926 2475
3927 2265
3928 3767
3929 2411
3930 3406
3931 1430
3932 2724
3933 2762
3934 1642
3935 3522
3936 2079
3937 2646
3938 2974
3939 863
3940 3384
3941 1389
3942 1193
3943 2420
3944 2129
3945 3238
3946 1987
3947 3225
3948 2869
3949 118
3950 2426
3951 1215
3952 3945
3953 3292
3954 591
3955 2306
3956 715
3957 2061
3958 2779
3959 2566
3960 3304
3961 2348
3962 3004
3963 3718
3964 1979
3965 2283
3966 1497
3967 1045
3968 3297
3969 216
3970 3744
3971 2407
3972 88
3973 2204
3974 3760
3975 1965
3976 3675
3977 3709
3978 1113
3979 3204
3980 3259
3981 2849
3982 724
3983 159
3984 141
3985 2831
3986 1298
3987 3735
3988 3425
3989 366
3990 2170
3991 228
3992 1781
3993 594
3994 2164
3995 196
3996 3184
3997 3410
3998 3336
3999 2258
4000 278
4001 1078
4002 1124
4003 3916
4004 3162
4005 2499
4006 3713
4007 1721
4008 3583
4009 3889
4010 2647
4011 2566
4012 3387
4013 2721
4014 1458
4015 1899
4016 1600
4017 550
4018 1737
4019 1052
4020 1287
4021 530
4022 3614
4023 1355
4024 2512
4025 329
4026 1898
4027 2938
4028 3597
4029 1009
4030 397
4031 287
4032 153
4033 2041
4034 2410
4035 477
4036 2501
4037 3668
4038 3105
4039 2708
4040 2174
4041 1540
4042 1195
4043 3497
4044 2069
4045 2342
4046 3749
4047 982
4048 3731
4049 2993
4050 2665
4051 3591
4052 2065
4053 365
4054 956
4055 2455
4056 2615
4057 3783
4058 3442
4059 1714
4060 2383
4061 2247
4062 1020
4063 293
4064 510
4065 2824
4066 2191
4067 15
4068 3580
4069 1058
4070 2085
4071 1240
4072 1830
4073 3282
4074 1869
4075 1920
4076 3922
4077 3069
4078 1999
4079 3556
4080 3429
4081 3815
4082 1215
4083 1347
4084 4024
4085 17
4086 3422
4087 2446
4088 320
4089 2340
4090 3535
4091 1821
4092 3931
4093 890
4094 3355
4095 1220
4096 3837
4097 2165
4098 1747
4099 4092
4100 1148
4101 3304
4102 3708
4103 3698
4104 3703
4105 2631
4106 1644
4107 1441
4108 1341
4109 1133
4110 1481
4111 3239
4112 3073
4113 3932
4114 1032
4115 3345
4116 2437
4117 118
4118 2350
4119 1776
4120 3239
4121 1816
4122 1111
4123 1304
4124 2666
4125 4122
4126 2142
4127 1041
4128 3195
4129 843
4130 3994
4131 703
4132 2710
4133 3335
4134 2734
4135 3821
4136 2186
4137 3997
4138 989
4139 3201
4140 1404
4141 1016
4142 1425
4143 2244
4144 825
4145 2470
4146 1540
4147 1596
4148 3533
4149 2329
4150 830
4151 1162
4152 3673
4153 854
4154 1986
4155 1330
4156 3523
4157 988
4158 1455
4159 1680
4160 3322
4161 101
4162 1379
4163 19
4164 2489
4165 3155
4166 737
4167 3965
4168 3778
4169 3256
4170 2043
4171 3751
4172 1719
4173 1991
4174 1409
4175 2511
4176 1201
4177 682
4178 232
4179 3795
4180 2379
4181 1369
4182 3611
4183 1303
4184 2487
4185 3693
4186 31
4187 281
4188 2886
4189 2420
4190 1154
4191 679
4192 3858
4193 2835
4194 2176
4195 2203
4196 1424
4197 3018
4198 1790
4199 2644
4200 2710
4201 59
4202 3810
4203 3158
4204 1635
4205 635
4206 2815
4207 3012
4208 3019
4209 2199
4210 364
4211 1501
4212 938
4213 3494
4214 593
4215 1963
4216 103
4217 1495
4218 724
4219 2749
4220 2420
4221 1143
4222 759
4223 3800
4224 675
4225 759
4226 3272
4227 2928
4228 900
4229 2624
4230 3423
4231 2602
4232 3647
4233 3696
4234 240
4235 510
4236 3203
4237 4003
4238 3401
4239 3571
4240 1675
4241 709
4242 1512
4243 2566
4244 4178
4245 720
4246 1339
4247 2568
4248 3213
4249 3624
4250 2840
4251 1124
4252 3282
4253 2574
4254 3304
4255 3046
4256 2589
4257 847
4258 1011
4259 3050
4260 1293
4261 2665
4262 377
4263 576
4264 2242
4265 1197
4266 2762
4267 1268
4268 2819
4269 1280
4270 90
4271 449
4272 2134
4273 1711
4274 2275
4275 3078
4276 1979
4277 2758
4278 3112
4279 3051
4280 1384
4281 1750
4282 283
4283 1262
4284 14
4285 3289
4286 3358
4287 787
4288 1562
4289 3280
4290 33
4291 472
4292 59
4293 4168
4294 2290
4295 3029
4296 1705
4297 479
4298 3663
4299 1181
4300 2202
4301 4247
4302 2949
4303 4251
4304 1956
4305 1072
4306 4220
4307 2776
4308 4110
4309 4274
4310 3172
4311 1847
4312 2233
4313 726
4314 2846
4315 3371
4316 1886
4317 408
4318 208
4319 75
4320 1870
4321 1298
4322 3298
4323 277
4324 54
4325 2589
4326 3100
4327 2522
4328 2678
4329 536
4330 1460
4331 1843
4332 830
4333 2652
4334 2173
4335 2078
4336 2493
4337 3374
4338 3826
4339 4265
4340 637
4341 1041
4342 2194
4343 2892
4344 3775
4345 832
4346 4168
4347 1945
4348 3246
4349 296
4350 2592
4351 4237
4352 1953
4353 412
4354 2236
4355 1920
4356 2915
4357 3555
4358 1153
4359 3079
4360 2996
4361 1480
4362 398
4363 2657
4364 1811
4365 3303
4366 3459
4367 3685
4368 1410
4369 2625
4370 3894
4371 4101
4372 3449
4373 3277
4374 3087
4375 4254
4376 2027
4377 270
4378 3139
4379 2066
4380 555
4381 2472
4382 758
4383 776
4384 3305
4385 3821
4386 3599
4387 673
4388 2613
4389 3522
4390 3438
4391 2420
4392 930
4393 1332
4394 4005
4395 230
4396 210
4397 2462
4398 847
4399 85
4400 1529
4401 2044
4402 2570
4403 2953
4404 705
4405 1292
4406 2079
4407 3714
4408 97
4409 3455
4410 1760
4411 874
4412 343
4413 4107
4414 595
4415 1573
4416 3957
4417 2178
4418 2143
4419 1900
4420 3135
4421 3992
4422 1855
4423 1289
4424 2667
4425 2472
4426 3785
4427 1301
4428 1078
4429 2629
4430 1745
4431 1644
4432 3444
4433 3734
4434 2822
4435 1476
4436 3517
4437 1313
4438 3985
4439 2627
4440 3956
4441 76
4442 695
4443 2842
4444 4113
4445 3275
4446 998
4447 4096
4448 2855
4449 2056
4450 2730
4451 2389
4452 2808
4453 1507
4454 3741
4455 2020
4456 3336
4457 1420
4458 209
4459 3499
4460 445
4461 3300
4462 3289
4463 1024
4464 2878
4465 3829
4466 3487
4467 3437
4468 1417
4469 2538
4470 2832
4471 3532
4472 4021
4473 4058
4474 3624
4475 3492
4476 1006
4477 1580
4478 3585
4479 1380
4480 1831
4481 3376
4482 1492
4483 3804
4484 1028
4485 1161
4486 1459
4487 1021
4488 413
4489 780
4490 2753
4491 2471
4492 1780
4493 1518
4494 2433
4495 1132
4496 3510
4497 179
4498 154
4499 3786
4500 1035
4501 3491
4502 947
4503 3456
4504 2130
4505 74
4506 4168
4507 3827
4508 4137
4509 3304
4510 2152
4511 2462
4512 94
4513 3203
4514 3767
4515 3880
4516 2839
4517 4122
4518 2006
4519 4113
4520 3755
4521 2730
4522 2715
4523 2012
4524 1719
4525 1808
4526 3073
4527 4042
4528 363
4529 1237
4530 2895
4531 304
4532 3939
4533 3302
4534 3154
4535 178
4536 317
4537 2932
4538 2198
4539 3652
4540 3237
4541 2807
4542 2535
4543 2530
4544 1600
4545 2396
4546 1040
4547 1456
4548 1287
4549 1
4550 1983
4551 3266
4552 3608
4553 2035
4554 2711
4555 2275
4556 3106
4557 3882
4558 451
4559 3181
4560 855
4561 3322
4562 2692
4563 2283
4564 2000
4565 672
4566 4370
4567 135
4568 1197
4569 555
4570 256
4571 4105
4572 1870
4573 3417
4574 3243
4575 3171
4576 3801
4577 4312
4578 694
4579 374
4580 1640
4581 1376
4582 3934
4583 1835
4584 3047
4585 33
4586 1554
4587 1767
4588 918
4589 864
4590 936
4591 2047
4592 2088
4593 922
4594 2818
4595 726
4596 1724
4597 2256
4598 3913
4599 4243
4600 4134
4601 2457
4602 822
4603 2406
4604 3862
4605 4017
4606 4395
4607 3947
4608 2155
4609 3122
4610 575
4611 4458
4612 375
4613 420
4614 3427
4615 1762
4616 4297
4617 1973
4618 312
4619 2687
4620 1775
4621 3796
4622 2825
4623 2662
4624 1608
4625 2315
4626 3149
4627 3988
4628 1950
4629 770
4630 4081
4631 1432
4632 175
4633 4431
4634 2913
4635 3609
4636 4526
4637 1058
4638 2854
4639 2370
4640 460
4641 3864
4642 55
4643 3285
4644 875
4645 255
4646 2656
4647 2999
4648 2493
4649 252
4650 4556
4651 862
4652 3866
4653 4638
4654 3894
4655 1685
4656 2876
4657 4400
4658 2539
4659 86
4660 4034
4661 2859
4662 3745
4663 3588
4664 314
4665 3849
4666 4104
4667 3422
4668 398
4669 2867
4670 3960
4671 302
4672 1183
4673 2718
4674 2314
4675 702
4676 2390
4677 1975
4678 178
4679 1314
4680 3108
4681 1227
4682 3387
4683 3096
4684 2497
4685 3201
4686 2557
4687 2423
4688 3666
4689 3377
4690 725
4691 2144
4692 1065
4693 2727
4694 1138
4695 1820
4696 3840
4697 4649
4698 2740
4699 277
4700 4632
4701 3172
4702 1648
4703 1771
4704 1636
4705 1393
4706 1238
4707 4494
4708 3557
4709 4630
4710 3575
4711 2826
4712 290
4713 60
4714 2408
4715 3930
4716 4545
4717 438
4718 522
4719 3169
4720 4643
4721 560
4722 1366
4723 168
4724 1797
4725 4193
4726 2804
4727 2898
4728 1787
4729 768
4730 1521
4731 1238
4732 3681
4733 2176
4734 2149
4735 3172
4736 3072
4737 3566
4738 1494
4739 3681
4740 2459
4741 1600
4742 3326
4743 1317
4744 4058
4745 3547
4746 2564
4747 3993
4748 2544
4749 2318
4750 1015
4751 1476
4752 4143
4753 4064
4754 274
4755 4710
4756 1871
4757 3069
4758 2003
4759 222
4760 4509
4761 4698
4762 4405
4763 1874
4764 3210
4765 4708
4766 1146
4767 1666
4768 1408
4769 125
4770 4562
4771 2906
4772 580
4773 1741
4774 1433
4775 370
4776 99
4777 907
4778 2375
4779 3687
4780 48
4781 1393
4782 2064
4783 4328
4784 3552
4785 2259
4786 2771
4787 2977
4788 1732
4789 4651
4790 3392
4791 408
4792 3690
4793 1769
4794 680
4795 3279
4796 3807
4797 1300
4798 720
4799 2470
4800 3119
4801 4130
4802 490
4803 3074
4804 4697
4805 1341
4806 4569
4807 446
4808 4089
4809 2928
4810 475
4811 2373
4812 3946
4813 322
4814 2488
4815 1212
4816 605
4817 3331
4818 4166
4819 2782
4820 3264
4821 752
4822 4381
4823 4605
4824 2182
4825 2591
4826 4068
4827 1711
4828 3641
4829 4359
4830 2674
4831 1109
4832 4085
4833 4156
4834 2101
4835 2901
4836 2444
4837 1506
4838 1856
4839 3281
4840 2144
4841 3663
4842 1235
4843 555
4844 500
4845 4543
4846 364
4847 2215
4848 1359
4849 1258
4850 1049
4851 592
4852 713
4853 4069
4854 41
4855 763
4856 3499
4857 2107
4858 1337
4859 562
4860 214
4861 176
4862 1034
4863 1347
4864 1197
4865 4839
4866 4817
4867 3052
4868 1058
4869 865
4870 4286
4871 902
4872 4451
4873 2240
4874 2315
4875 2666
4876 2510
4877 216
4878 3145
4879 749
4880 548
4881 3178
4882 4638
4883 4738
4884 2219
4885 119
4886 4442
4887 2339
4888 1153
4889 4310
4890 3290
4891 1280
4892 3573
4893 3325
4894 4800
4895 2401
4896 329
4897 4725
4898 2210
4899 1796
4900 4859
4901 1938
4902 3543
4903 2875
4904 3153
4905 3314
4906 3197
4907 3183
4908 2323
4909 4013
4910 1684
4911 3873
4912 2504
4913 2118
4914 2786
4915 4104
4916 4844
4917 2099
4918 2572
4919 2695
4920 2645
4921 2434
4922 489
4923 1582
4924 3784
4925 4752
4926 268
4927 445
4928 4633
4929 1338
4930 3572
4931 132
4932 4627
4933 2642
4934 1942
4935 735
4936 2481
4937 3616
4938 4629
4939 2530
4940 107
4941 3114
4942 692
4943 2351
4944 4404
4945 4349
4946 1103
4947 1062
4948 1009
4949 1642
4950 2038
4951 434
4952 1788
4953 4065
4954 4921
4955 3089
4956 2312
4957 4771
4958 3092
4959 536
4960 281
4961 452
4962 3461
4963 3527
4964 956
4965 407
4966 3539
4967 4882
4968 776
4969 3129
4970 510
4971 3199
4972 3127
4973 917
4974 4096
4975 4856
4976 2425
4977 2901
4978 2273
4979 1918
4980 3486
4981 3962
4982 483
4983 1959
4984 1595
4985 2326
4986 274
4987 588
4988 3727
4989 1606
4990 2823
4991 2641
4992 805
4993 3568
4994 1539
4995 1557
4996 779
4997 2469
4998 1668
4999 702
5000 2154
