6594622
6721716
9748753
858354
6776
3177546
3607100
1328775314535777339
6863066
3201242
18332
11343810
8920410
5359766
304381
19672086
12330172
9195734
913856
928471798853163101
3146321
3968405
4095824
1222680
13914
15287306
1148344
2574970
51995
1154865
221376
1636371
1773954
10771002
106812
94969
7020
571061
8980
3120306
14082374
9218336
1524726
2084686
5693190
347704
274824
8139944
1791496
60
120
3168959
10339637
11388872
790
702869
12952324
372
588
1751155
3256
3746400
1307345942608971230
3469956
2883014
2250239
94969
9242031
2695757
4491170
214568
1273588964671642584
687141073591372406
3046615
1298227348867473941
1606456
38220
127730
1097756
2
1056474
6455029
2235772
993129167894798884
10780
5822745
134481
3741894
155260
3702381
14974905
34410
5536481
1285940
467161
276206
2297678
14
807101264417626144
329716
725851386533453006
597069
1127388544732189484
78374
92806
10167996
6039920
12448244
771186
950
