5
467
()))))(()))())(()())))((()((())))((((((((((((((((((((((((((((((((((((((((((())())()()()()())()((()((()())())()))((())))))))))))))))((((((((((((((((((((((((((((((((((((((((()())))((((())))))()()(((())))((()))(((()))(()((()())()))))()))))))))))))))))))))))))))(())))))())((((()))()()))))))))))))(()()(())))(())(()((()))())((((()())))((((((((()))(())())(((((((((((((((((((((((((((((((((((((((((((()(()()()()))()))))((())(()))((((()((()((()))((()))()))((()((((())((((((((
471
))()()())()))()())()))))()((()(()))))))(((()))()()))))(()))))))(()((())()))(()))()()))))(((((((((((((((((((((((((((((((((((()))((()(((()(()()())(())))()))(())()())(())))()))())()(((((((((((((((((((((((((((()())())))))()))((((())))(())(()))))()()))())())))((()((((((((()()))))(()))()())))))))))))))))))((()))(()()((()))(()(()())())()(()((())))))))))())(()))))))))))))))))))))))))))))))())(((()))(()())))(()((((())(((()()(()()((()()()())(((()(()()())(()(()()()(((((())()(()
467
()())((()(((((())))())))))(())))()())())()())))(())(())((())()(()((((())(()()(()(((())(()()()(()))()(((((()(()))((()())()((())))()))))))))))))))))())((()((())))()()(((())()()))))))))))((()))(())(()()())))))))))))))))))))(()((((((()()(((((()()()))(()(()()()((())(()))(())))))(()())()()((((()())())))))))))))))))))))))))))))))))))))))))))))))))))))()()())())))(()(()))(()()))())()))())()((()()((()()())())))))))))))))))))))))))))))))))))))))))))))()()()))(()(())(())())
467
()())))((()())())))(())(()))))))))))))))))))))(((()))((())(((((((((((((()(()()()((()))(())())(()()()()()((()(((((((((((((((((((((((()()(((((((((((((((((((()((()()))))))(())(())))())()))(((((((()())))()((()(()))))((()(((())))))((()(((())()(()))()((())(((()())())))))()()))())()((((((((((((((((((((((((((((((((((((((((((((((((((((((((((()))(()(()))(()()()()(((())(()))((())()(())())())()((((())))()))()())))((()()))))((()((((((((((((((((((((((((((())))))())()()))())()(
128
)())(())(()))((()))))()((((()(()))))()))()((())((()))()(()((((())(()()()()()()))()))(()))))))))))))()())())(((())((((())()()()))
