24640
12105
1335
31032
3725
10292
5370
84609
7315
9401
5612
15251
8626
1027
425
1499598526867
57526
1395
32487
32340
89426
210
80157
3151
17442
40098
20827
24257
2380
1498994668505
10045
4455
92380
36426
12376
53487
9322
69876
145
1247
14553
1470758417935
1498662798151
23375
22143
40262
1001
55200
28497
37683
24384
5192
49232
925
1499955500330
1499874502625
24512
47437
79005
17334
70742
35497
19780
260
315
40755
45327
50876
83426
3015
92380
37367
26
1499548533975
1499474546025
35
1498535857460
3151
14850
36895
32340
45153
876
64170
24003
87242
14162
30745
1820
44807
52922
1499429554245
18426
60300
7740
1890
36738
77180
2752
27405
61105
3725
45501
24257
2882
27812
3015
10458
74705
9640
