19970444
1333277334116996346
12794200
5410240
1435820
2303960
2362041
16435111
1
15596035
1331550128878711434
877975
5881204
428536
1333039354941470604
1333123344357807080
1331929826079342049
4192244
20584249
220
1332047746737692156
4636304
2391444
11480
816
295240
7583156
5309116
1823471
2731135
5259030
10116344
428536
15086400
14587990
20584249
877975
12614424
56
16215
4
19368964
5721300
134044
15803060
142880
14004539
6435689
1331815909341125880
12172369
176851
7583156
428536
17637224
1332517499785680516
10586800
7775940
988260
1656360
1823471
8789000
2300
2081156
8930376
1287969747411635760
2421090
1143135
121485
12794200
19368964
19250136
15086400
7207200
14197260
6435689
1089836
14190
1949476
16222590
12884725
969
2481115
204156
12172369
9810580
6378736
2300
1038220
2667126
240464
2481115
5456
12794200
13908836
8510740
109736
152096
5616324
246905
477191
6435689
19608085
1333300
4499950
1610564
15907256
8104460
5456
1332945370967783135
908600
