17441237
3440
5306421
165
23443
1543487
23626
5471842
1213131
446684
1161894
5113904
472189
8745715
3329009
7207560
818293
6676619
1758655
119336
10642692
968994
14702344
534185
224373
8152156
1199925
6324803
79227
61103
3251650
5809855
36985
863075
852268
5988627
14979675
8935021
582642
6296929
270
2777145
1319799444390243
17357895
8172341
1315514552066984
4777
278544
192754
3781942
5077533
2061313
615792
749973
13178312
124292
3269140
452351
1797473
659967
13531733
1459848
182439
7776
7570417
1331174287307525
6861567
2085870
12530490
2891149
9827792
38464
2370480
144970
3805075
14578934
179646
1585590
1146682
105
2812338
19847746
3838181
10482370
2284148
65613
19167726
936125375394104
257802
994838
6726151
13446949
1322153663547945
616574
2668904
326739
6102464
13135774
15949500
1572290
2940
6689695
5628293
5527581
3747067
