304728
782975
2099
2701193
36882
559465
109384
21719482006875
11404
28140756495073
5244791
542265
1639309
321671
299343
337357
562510
358
853622
566194
1842164
1164026
666999
140282
26035279180892
2087
1353462
255672
133845
4170471
408492
513809
68033
139344
843144
1298945
179367
5265292
2032718
12797
2822481
1480473
1778916
4283
100138
1186288
1879382
592401
147241
8098
233779
52331
5027639
291381
425
60925
449463
27562244275643
108380
9088
1198888
2848216
74785
27795
182104
117504
264363
254949
14049
1083617
757556
1802186
917022
3392
1539964
60770
2383921
218813
1517372
2793412
2655221
1113251
72754
635183
1922710
71
6078
43752
164440
903440
5746
1388298
1063535
78052
44962
33783
38898
261433
1368610
300142
1101835
36969295606926
7395401
4860605
133
