2000
-483181 -135362
120902 24064
-412531 -99494
248281 7808
391568 85654
-434900 -137287
186379 -16165
-237918 -5538
-178979 -39463
116383 11996
118455 7143
-119819 2177
39381 -8652
286531 117200
-515476 -155072
433170 139776
-686268 -197130
113483 -803
-625355 -175486
618652 160760
-629133 -179889
77252 -25061
-113616 -23583
577063 150098
81833 75541
-193523 19676
-548088 -147333
48113 2485
-193090 -42185
-437873 -134374
34983 42366
-540097 -147542
141499 49574
-254551 -40334
-356757 -131262
268575 20529
191680 6227
431584 118094
196460 50953
-216526 -80003
217730 -14099
610583 155815
344760 40896
-99912 31230
-9295 33601
-103413 13980
92188 -11290
95975 45478
-230057 -48022
350882 28363
-606527 -159727
65856 9144
323281 86933
-543974 -156907
-393910 -108494
-320219 -48169
-111685 -77852
-541099 -166709
-546427 -137723
-234926 -26971
-417126 -106992
182849 75799
280562 33076
269371 108827
-254835 -32610
-184321 -91232
-240379 -101711
-312323 -63655
544573 143714
-244207 -41771
295408 111365
78324 -43236
278192 68446
-341729 -90529
-390573 -116718
-517516 -132929
16416 -39063
622614 169419
211286 83266
-670608 -188400
199564 31730
-59484 -42216
582184 172280
104328 20577
452410 76805
583233 146433
263313 72981
405289 84488
-196843 3961
-88540 17185
-341520 -119598
385407 122235
-74051 -69160
170762 21391
253342 92789
269176 3431
359709 39039
-229050 -87108
589952 149710
-135441 -86463
-458418 -125187
-598700 -159952
-159160 18913
-502715 -150484
528635 139012
-434340 -94647
456274 79352
221103 20640
177197 31297
126875 -3569
143317 55544
281746 82019
3032 -40250
-366584 -97711
527892 129285
375827 66604
-211283 -64105
465097 95873
588303 168129
-300611 -60853
-377154 -45585
-352898 -84637
-45272 -25000
-6751 -11096
-505756 -156794
-237761 -3580
303769 42431
411220 127661
293090 80362
360001 82589
446671 120776
252496 103043
208141 54476
-9900 -46014
-268413 -29076
251397 93009
-36406 -58871
-14305 -32231
118282 20429
-476459 -124660
-364941 -127620
-59401 -70976
-124667 -29671
-207651 -91923
-235317 -26922
-182954 5465
454601 148993
283388 100915
146284 75482
-577812 -173355
-111307 -66893
419030 103864
-239067 -4164
353350 67199
-149837 -10786
46497 -23190
-329624 -44428
361149 118263
-308164 -8753
-134887 -12914
-92730 -53211
244376 68308
-39379 -5036
-220061 -38497
-236479 -104579
-48890 45095
291853 17720
-534336 -120243
469154 107002
-596880 -157782
-167204 -47326
472633 149804
109153 69434
-13133 51395
144521 68215
594418 168512
133666 6401
344828 100537
-46934 26477
185174 42124
151358 68302
576282 173295
434065 146807
-9361 15340
-418644 -68721
-486798 -142650
260416 1574
292552 49475
290957 58723
-202871 -9646
-67807 -22721
357091 83705
-477658 -127838
-605003 -173974
375215 67756
-77031 -31221
495249 102462
-282755 -87283
389576 133378
541908 146379
140249 54523
-138623 -34486
-124191 -23934
245403 70059
-267504 -44163
146306 65485
206595 46890
263014 55388
-49109 -16243
323185 68201
-229818 -11805
-259265 -100984
-33514 -40958
314979 10869
-160905 -45495
-8925 -26097
-278860 -55676
-251457 -66207
17450 49096
128031 39531
189364 45785
-131835 15552
-2359 -17618
117304 45035
78578 25780
-599338 -160040
-298970 -114658
44569 19535
-79494 -48852
-211580 -31279
-164442 -60669
-268658 -61294
-1662 55680
-118167 -15240
360447 104718
-290822 -57979
437796 115797
-594414 -165612
-430432 -109154
272527 1820
473006 109666
-554468 -141571
228588 56439
357529 78893
-265723 -77963
231669 40143
237246 12522
265303 74714
-375140 -120040
110028 -237
-232118 -89923
-592384 -170177
501878 107677
353946 71382
426273 109932
-443403 -99882
348212 123286
-301587 -113070
-231859 -38726
391984 60518
351406 55466
-155149 -44324
397278 79014
109004 53836
-250414 -48377
291981 43347
-883 19750
157756 16898
359843 104887
-400436 -78283
-22886 14975
-222798 -35844
189310 -5248
-233966 -6844
-196959 -68376
-357742 -128129
-7082 -44893
26255 44815
-293909 -76639
216477 71349
305902 14465
196255 -9088
-153307 -2612
415497 130332
16993 -28066
48838 -22228
-91683 -19449
-391956 -46365
662666 190072
-161940 -8529
-336833 -29467
-150223 -41030
498963 158922
-213614 -19789
-257305 -18275
205399 36227
330832 118106
-527955 -137631
641819 181207
-186796 -24248
-104281 11569
101447 43942
299995 60953
460902 151704
-218280 -69879
116564 -32936
-49631 42902
169215 19854
149419 6434
-159002 -39919
175862 47239
-577018 -144581
-583555 -166880
-492252 -149415
401541 94020
-195462 -52806
500636 126196
-147858 3867
493496 115342
88293 57390
-542575 -127853
185253 56715
-185120 -42025
-48783 -3204
-299639 -39307
14251 -46975
-160115 -67702
-442552 -135014
-96887 37046
248787 23388
-89013 924
-84427 8584
308085 26199
334316 56254
648583 182138
-89702 -11356
-486360 -132114
-81034 40021
-251746 -52526
397597 130712
36587 52486
-666034 -184676
40654 40268
153911 17656
-8992 53281
223907 67606
272750 2323
-88256 -44692
347779 52520
-107133 -40008
-403139 -132811
168575 33514
504545 152617
553784 145831
279875 11431
278885 55936
-349035 -75051
103178 35752
327800 47902
322382 87379
141945 33207
346068 128163
3283 24773
-118110 12141
334866 109308
-198174 -2544
-389882 -88051
427095 116526
667594 187934
590993 152116
-514798 -148340
-299992 -54611
-143678 -78172
367485 68328
1623 1113
233721 51060
-165496 -55904
-146951 -70711
141920 32326
346695 128328
321785 16267
183949 -14809
275834 89434
-548764 -155021
322567 84437
71750 -36836
-499428 -117840
348637 89117
-540737 -140980
450290 134524
133525 53729
-307959 -11655
496581 144555
310905 47919
194011 -9463
583705 152180
325965 120843
30643 -7513
306365 51778
545061 161220
-469150 -150188
401648 132820
191027 33694
269410 102515
-20157 31902
544390 128600
273156 64335
-317438 -85498
-2618 -25240
372374 95284
-317411 -109909
283396 29555
-131505 2013
553042 145724
-206902 9496
-331332 -36834
-608848 -174806
-286204 -76448
549396 152169
292421 29140
190509 -12009
369855 104262
-62940 20994
-329749 -20015
-374301 -129303
377270 64663
-163990 -33392
202576 16289
438925 80762
-114864 -70695
-245330 -7132
-408520 -140330
34423 30182
18381 41058
-346 -36077
174024 18621
-342064 -126458
246738 76707
-268585 -36287
114480 78849
-416128 -111911
162067 29294
-94670 -29671
53917 -28231
178797 49722
130546 53243
-344910 -68067
-76046 41891
-482431 -95615
136191 70302
14230 23600
267979 52151
-121703 -80650
298192 80351
154396 78155
-489779 -109969
80570 7510
554153 159697
-221021 -50098
180633 67200
174382 1148
-318182 -120412
-198579 -95721
-74335 42640
224930 83182
82159 6914
-127431 -55209
-322376 -83596
-333972 -38874
-461351 -113656
376837 119903
-290296 -96059
256286 -6254
500453 153394
185663 55420
-540728 -158836
-307946 -44992
9338 24562
-33247 49570
195569 -8900
197085 89193
-270411 -66540
-155955 27066
422853 122247
-245651 -21052
-39874 -52658
-569390 -137365
320514 65934
-592959 -172053
-657170 -187795
494282 116584
-164063 -61180
-324732 -87309
412444 74657
-205612 -23375
-320664 -39309
-197450 -10276
-223974 -50262
-197820 -18483
422425 105287
-396795 -101925
44923 56615
-13558 -9755
182577 63666
344438 48688
583790 151609
-17995 -42431
-94342 18223
185009 3898
-545798 -156997
-92084 19424
-189162 -79026
-455860 -100304
-9575 -30433
-434314 -113285
62268 -45456
32742 -29346
623603 174565
269376 69639
135370 22175
409418 70630
89307 38766
208619 22891
582211 144017
-213581 15263
70968 -25350
307101 43419
426073 117029
169935 30006
438480 115497
-289323 -73134
-371122 -68276
388198 121394
114390 9165
-136540 21364
-283507 -97529
440511 131256
-123009 -26970
389307 103173
-239692 6052
239438 34663
168629 85180
285470 41650
-523352 -134521
350566 101285
-616824 -170616
427258 103379
588819 151335
83883 11802
385513 65783
-231239 -86584
-401145 -83784
68620 -29917
-359503 -113480
177727 79415
-175529 -10288
-25251 41346
518289 142740
-64053 -40986
-313760 -56809
176428 32582
-116531 -68059
4135 -3517
-93355 40228
209902 956
-69872 45191
21000 -31470
331699 21302
476237 154612
-67577 40373
206302 16130
-558401 -156622
581934 156021
142372 -30532
274542 5424
199023 58872
-319022 -28723
374153 47287
-338108 -118828
-27984 -14808
136679 23347
-623859 -171246
100281 45183
29023 23777
317449 72071
-369306 -121725
258611 93379
84954 4431
-274222 -2558
503730 149610
-40706 -12910
434903 100837
-22116 -60030
182026 14333
19083 13875
624902 177229
-30887 25715
537706 120077
190999 38411
-202744 17653
337239 28785
-556504 -163910
128114 -4673
190160 60298
-24873 -50259
-56300 30533
-214926 -65352
253247 28186
-178710 7482
-130585 -84497
272954 -3395
582480 151806
498993 121263
466236 148749
337771 41765
-72240 -66729
-159589 13585
236689 9284
-322323 -13272
-430442 -113188
-331596 -86067
308276 116113
32176 -31396
-504075 -107961
-300153 -84525
-76449 9525
-264619 -86495
-549397 -129011
442111 146321
322797 79578
-17373 987
437974 144782
502610 123877
247247 47218
-466164 -111600
-336887 -110905
212420 65650
-199894 -23078
358655 29800
-105570 -29862
562790 139243
-142395 -57438
-358700 -36313
-85781 12566
398197 65852
73545 34656
373529 51904
-45582 -52173
-490442 -149704
185505 91548
348161 100396
-401589 -128649
84998 69652
-553076 -141805
-233565 -38199
-43287 -34068
-295876 -95192
-232162 -22898
-250349 -98377
-206287 -58013
-361917 -103227
-462773 -122788
278359 65102
-233288 -27859
351230 33409
-420346 -111023
451640 146719
236152 30857
-531692 -138703
62314 -34060
94839 67830
429918 76083
333932 116119
-378729 -63621
-325265 -46963
223036 78401
347282 87679
-313980 -93426
-203936 -20662
-232681 -30668
-436641 -143649
78527 32605
236399 45541
-348197 -31234
97725 -26526
430321 128405
578895 143568
-36945 -21249
71343 -33147
440976 130536
-358594 -71639
-93370 36331
-419375 -131005
-411691 -80414
-362191 -38726
265604 87211
-65897 11087
291150 16230
515972 155041
-308672 -77650
329873 40576
-391788 -124149
-573301 -162743
-333209 -123958
-56341 41065
354682 86903
-374585 -94639
295087 42389
-481744 -143150
466342 125357
-38151 -40779
-54837 47361
668011 184457
-170259 -14700
-223302 -91086
-316825 -80234
-140027 5189
-604151 -156838
274866 11247
77843 -17024
292537 56306
-352123 -104297
75917 45904
-174997 -60083
440374 83507
-215444 -30028
620954 166429
423359 86791
291109 18341
528493 158759
-158736 -25896
33304 -15109
-286265 -47329
165430 17381
37739 33853
-481189 -97997
-261495 -60840
-342489 -106689
344328 94929
5371 31583
-106249 -14012
21767 31474
-399682 -68663
-159522 -29649
524624 116362
-343224 -124320
-375782 -100690
-160590 -50145
-316672 -98564
-417385 -98882
-313239 -62133
99940 30773
-237926 -26962
366055 127880
-331191 -111750
367860 132009
351080 117568
-195056 -26473
-511 5146
341846 51304
-15570 -33321
-13942 55438
323725 35387
-666260 -191149
-294480 -96438
349093 54728
-288681 -14781
-285486 -93759
-191582 5267
-346570 -68138
256897 80108
223889 74047
222527 11233
-109149 -16152
-212728 -20498
-15328 -20600
-126251 -18661
660290 187399
-581067 -167994
58715 35533
213686 92707
75769 69668
-49307 11318
586668 170367
101660 -32621
-369306 -61083
-206879 -78952
-255666 -58248
-135933 -11187
132502 42032
-178307 -14149
-79940 -19369
279448 113708
-86032 14485
375556 118217
430292 137350
-27071 -32053
291169 48209
-582458 -143293
-275980 -17324
74477 10954
298318 1898
88701 64419
-157276 -66803
-558977 -132058
156590 17515
488427 109104
538653 148563
-439830 -102696
79162 49370
-51727 -24659
522150 135168
-358206 -106101
207456 39804
279339 61791
-221039 -62302
-592631 -154768
-498115 -110075
246573 66453
-400137 -64905
-40515 35718
-411688 -120719
-317521 -50336
-443807 -132775
-380685 -53301
72957 46716
-356086 -45173
539738 140533
209456 92113
306375 76716
159093 56823
-148265 -68101
184407 81822
165545 3652
-69762 -68304
-493355 -129265
-122961 -13185
-134354 32912
-330840 -59526
-17102 -17692
538005 146811
-293928 -69849
200337 84993
-7212 42258
188059 74141
-25071 49704
411613 115001
-393809 -91936
-596518 -176564
306134 20458
-343566 -47700
-555749 -171013
-600543 -156675
-246363 6435
516867 142476
-124417 -60485
-208685 11276
-632122 -180923
688 -29794
132121 -7687
-81955 8008
-393489 -46938
305474 8032
-225158 -101416
137539 47297
180399 81669
27445 45146
263006 65446
-163938 -33069
-212738 -74086
-196629 14133
664374 187701
95768 5290
-107860 36715
270254 70336
-222841 -70106
-261659 -107434
-16322 -31195
-293363 -62749
-279279 -68325
-586081 -157736
-399371 -62239
-79625 -71572
-133930 -21152
-258634 -53978
-481082 -141580
-372845 -74836
-189215 -37672
137560 -6739
546853 166310
-11610 37509
-34005 -27720
73107 64800
-187101 -38358
272613 41340
-439306 -125330
198474 -1269
-543154 -157610
620598 167904
-568194 -162600
-533818 -126344
275324 5239
469193 85222
64188 9534
-307170 -35610
-143962 19012
346466 26266
72466 38363
212685 31764
-507355 -146699
-351698 -27136
321187 105593
262900 80747
-488366 -134440
-192309 -39009
265255 83231
232485 11079
448052 74884
-106439 36206
367819 79310
40996 11150
-386972 -80998
285968 51526
4332 35409
-54881 -13585
180358 66983
-434451 -80127
201614 5905
635464 169262
-371098 -61289
27737 -16787
-241421 -58633
386425 57974
494268 114198
276756 97392
-203724 -78222
486474 126786
256119 82584
-541371 -141492
-144409 -87353
-228466 -51320
28058 -18290
493953 156972
124306 9551
-36756 35775
496973 105046
354585 46311
-110510 19496
-349118 -102472
-683441 -193249
230811 92577
206644 46580
183305 -6293
-95547 -62154
-383233 -79034
-163722 14139
-587196 -144405
220097 53806
353953 76190
-530295 -165738
59619 21516
-272846 -40210
541698 167841
-273412 -52127
-225435 -62835
213742 24416
-36485 -55435
-488173 -134561
344007 83805
256106 53254
363868 90191
439966 70130
209324 79003
-222417 -56460
293559 66582
-13350 20574
222372 96717
301422 93252
288136 50795
34419 -35184
-15514 -41597
-310086 -22554
-420857 -65659
-62600 47267
63805 809
-536759 -135919
269427 2769
385616 61084
135227 59152
119277 64734
314543 19564
-346230 -79272
246536 11164
80709 50328
191538 -11109
388614 45648
-177234 -16899
396710 132472
-381587 -104644
411442 58862
127771 -26368
-265017 -32427
350189 57382
387610 69218
342362 71677
445642 86720
-578711 -141070
15917 -16112
-300235 -32150
-78269 6962
387558 122571
229160 62152
123598 46826
192956 54250
-93021 -57759
-332160 -103773
53872 49865
-142848 -12300
-370862 -39793
55257 30177
-568916 -156451
-247960 -4601
258447 18411
158042 47146
210027 28782
411549 136767
157558 41450
-215842 -67382
-59560 3172
-93343 -62816
-53857 -66155
-182435 -39556
-259904 -52039
414819 65943
483751 149978
320642 42796
352088 46150
-142523 -73864
431277 135168
460368 118338
345836 116881
-253142 8357
-279942 -94503
300253 19511
-51431 20966
151428 -1569
-523251 -147738
-114503 -79660
271156 100403
-95952 22593
422845 138410
-508485 -127785
-250919 -102607
286740 100728
478732 134033
370935 104583
348232 125510
293736 15453
165989 57556
123618 22764
105697 -15127
202429 92660
597002 161002
-239306 -3967
570156 141735
279176 92620
22555 3224
-160705 -60911
443956 95294
293581 110462
-7889 -44125
506665 127517
469523 107986
-402310 -129278
-148835 6284
-310593 -13920
179290 88766
-408987 -85353
-216219 -88023
-522616 -138566
44202 40128
109317 79059
-571289 -140020
-175316 6677
15922 -38767
-266787 -11397
337792 28646
254178 71880
463667 86131
510207 116601
311917 109856
91764 29031
-253883 -71578
476981 113236
-213602 -48694
-450747 -111474
-44244 -23751
-351468 -106302
-430907 -141607
-142515 9690
10354 12608
-164159 -89338
-26317 -3596
397425 127242
264920 -842
221287 85973
74289 31611
-252930 -50661
331511 44797
493382 101539
-288111 -74109
-285507 -47520
54194 64393
508708 138650
143630 47584
210156 74475
313918 120524
194855 57820
-418658 -108598
488893 100520
-101714 -44785
-233918 -97915
81951 68520
424637 76024
31606 59087
250278 27201
366775 70649
-105878 13583
-569809 -139733
-185526 -58269
-548219 -143866
-243151 -84614
136380 10935
-183426 -52374
260358 44928
332008 68597
-177767 -24106
-348322 -62627
304937 27775
382588 80708
-378633 -81450
220641 81696
615661 159548
-509499 -148578
-151268 -82390
-181980 -70587
545980 167552
-168592 -8375
12170 -11204
-34330 -55274
174388 62108
-231490 -103265
-406467 -118362
-412301 -66886
467983 103742
-338038 -119135
305743 48785
255486 45321
45112 -30424
255211 5591
447619 129137
-224505 -9156
-270500 -83011
-341771 -68044
-445901 -127708
310592 82057
379010 88273
184006 13478
89645 -9011
461077 89738
75706 -43297
475492 100466
64878 5706
-419905 -93335
402245 123169
-76490 7967
194607 81711
-234715 -87455
-394699 -81107
-69342 12495
294145 109700
270448 72314
-167600 -15187
126722 15589
-676953 -188961
-435279 -109848
-236208 2922
-31498 -39257
362835 102777
-289259 -103456
363545 121150
316441 17435
-228270 -102234
-679378 -190877
-589287 -176058
565222 142499
-253484 -98926
117877 10145
-379286 -62806
141606 49848
244426 33146
201254 60310
243550 23825
256799 92734
150936 28527
515668 162590
33621 -36423
310244 11887
157889 -8738
144208 3941
22155 -55191
-72701 6914
103976 68830
-62898 -63249
-130856 17324
-150460 20569
-167268 -56592
-625912 -175295
432025 115790
-512641 -129986
323423 121084
-323158 -75467
-632152 -177104
333469 40277
134506 14927
-370483 -110864
294341 74452
-308732 -5908
-207072 -76986
284912 19450
462174 122796
95993 12826
-271900 -9437
34659 -6084
341261 28786
-261393 -58761
-401813 -138943
-400284 -72513
-97595 -73582
220599 71058
109008 62304
-276361 -37103
-324094 -59222
409171 128690
548 36541
236021 -10877
-79249 3886
-213701 -60223
-474950 -133690
383372 67630
72842 2485
-133571 -24814
-174612 -19833
418329 122499
-20011 22189
-695789 -198127
155823 33618
313109 53569
-337458 -111078
-558128 -167785
136826 40669
-483624 -96486
422756 80626
578766 145638
217675 56015
660204 184890
-182614 -79154
121390 70679
229635 43071
121465 64262
389805 133767
-169716 900
372939 101010
264302 40327
43459 63740
262316 99586
-416301 -117771
-97223 -18022
-160656 -42144
563328 133350
-216683 11180
-61071 -2907
556940 160831
190860 -13869
-279320 -36310
-518076 -149469
-263446 -12182
209393 93826
345405 37779
366550 34751
408577 121973
-178249 -23321
307828 80915
-262818 5013
-56043 16320
126982 74900
-508468 -149480
156541 27092
-133695 6084
26853 28161
295133 82849
222827 47854
-229267 -99290
31718 35152
131459 9562
-91403 -32617
110328 -34944
117625 32540
146449 60350
-22256 -51994
326850 102390
488032 154010
362456 71029
-284605 -86210
179253 14703
-455758 -123503
-207823 -6473
-208666 -52964
-489537 -114261
327212 100174
39777 -20478
-137536 -18974
-54141 32364
-218548 -100331
-3984 7290
332959 27032
-163819 -82979
40563 -33708
300624 65508
284807 31621
404238 139560
122163 26382
15643 54068
-257606 -17266
514706 137821
-231552 -22620
-45428 -1210
70986 26646
-340940 -45997
143494 -18091
-518124 -123264
371298 133782
264089 54337
566927 166351
64234 -26527
335413 108251
404875 114044
-345531 -61830
-116130 -7110
-557195 -145048
-167970 -34221
-55849 17821
242336 50029
-119626 -55061
-178388 -8602
-228716 -97879
206498 56272
-28495 33496
-151062 -37764
235216 49394
1224 -16485
320570 17797
-426233 -134524
-130285 -62744
120793 47861
145046 30889
276465 3240
-635231 -181555
39948 40218
-333671 -118540
-302642 -49219
-27251 -38557
225482 43690
108551 73195
-405729 -72540
152350 -22813
-114846 -79671
-355822 -75656
-107595 -53523
-343143 -80940
-73897 -52181
-110836 -944
-266904 -25398
103727 45463
446876 91897
17423 44626
148431 29124
-523070 -112342
-476650 -92975
354175 77258
-24602 53378
-211930 -79391
430564 144311
-561376 -158936
318038 123097
52141 -14182
91006 47996
-193567 -23780
173092 64250
-328331 -69094
-336882 -51138
-201718 -7511
-137023 -50057
-389897 -48061
401808 98094
321885 101217
-30601 -3938
117079 21887
-426130 -74885
-402016 -60005
169904 994
-398262 -109053
334817 72604
203291 98107
-467880 -90399
28533 54147
-146084 25451
-120844 -42461
99747 -31809
501237 108162
434456 94225
-266351 -30193
242926 37601
-541980 -162477
-69931 -71267
-481938 -156339
-218752 -73490
-450864 -136521
-140187 -68394
-211880 -7273
-176833 -40847
-151934 -62359
-101332 -7055
-372076 -98345
-576510 -157269
522052 122969
320424 56502
169335 657
-281480 -68245
-253072 -38729
428624 130141
-195624 -75546
-136318 -329
-180342 -37431
123465 -8514
116093 71305
-75964 -35315
83622 -43269
310373 54445
-142750 -35720
324878 89311
682086 195312
-406876 -109397
-86187 -73878
272462 65335
-268740 -25650
-178151 4259
159219 71652
158457 20064
-301143 -62367
-225777 -46863
44914 33839
-232271 -63145
378493 49277
-97345 19444
-198241 -91133
453491 87046
-65245 46027
-397696 -105338
-107307 -9762
194635 -17182
116085 60333
245239 39221
435107 120283
-529927 -152597
-399903 -97626
288943 81188
157383 -24324
168641 63352
-159094 -74651
378833 84859
-26522 -58444
-83127 -72543
2668 11474
64035 52359
-147910 -69182
-146633 -9007
-149601 -60717
456995 149899
-293380 -17405
254802 71985
93433 50432
-179003 -5806
459549 107160
113633 -24173
296176 108341
-198228 -19362
294631 33707
74395 55766
-63145 9964
168422 -4967
-148467 -38769
-311943 -89460
165030 92154
36649 40109
-491462 -141061
-476283 -102978
-367369 -104375
-608082 -171351
231311 88348
-30408 -20286
200209 -4645
139228 47297
543135 150018
-456282 -148725
-16098 3915
-396569 -101677
285999 115194
-34316 28322
493480 151268
-367025 -82711
232252 72206
-453435 -79305
338852 119347
-31779 14508
-141145 4570
-229889 -48211
-371494 -96194
-59723 -2380
36095 27061
124766 61219
-533331 -119043
91652 32575
234774 59064
-7169 -15355
-488411 -151384
-196112 -79831
477349 139217
-18053 7166
111228 48756
402926 74641
-107034 21042
579260 152623
-209381 10208
143610 -19671
528700 118571
58555 20885
185908 -19711
222433 -11512
131775 42288
-337439 -39130
71945 -9347
494719 153986
-439515 -142341
-126185 -56044
-65572 16690
-79068 -71457
422943 118788
588129 148770
-318074 -97468
-386409 -54492
-428717 -87274
-538881 -121668
-94270 -70925
197163 -14379
49387 6755
-80778 -38514
173639 58435
-397125 -129978
-171935 -81766
-353921 -90649
-109930 19042
-273541 -86483
-103557 -6342
115018 53057
232020 28764
-396880 -108275
-82821 -48447
157290 86697
213342 39765
-66274 -66533
-360142 -44300
-392851 -127664
-130761 -51777
221851 103397
-348938 -90889
-394638 -104025
-144447 -19692
-161283 -48252
-434197 -130277
245467 8279
-517821 -156000
-317300 -97903
110849 61840
156722 89701
-213974 -46093
-209912 -31099
519133 145286
76062 -31797
193361 79660
-218501 -1
366840 70836
112427 23371
-68011 11926
16 -10723
220952 101098
584622 155550
466088 139336
-494398 -140588
243666 21711
-183161 -76984
344707 41429
-405918 -113679
667440 187587
-242402 -9670
372307 104642
-290535 72
-21152 -6403
213452 79894
454359 120453
544244 127900
546153 125145
50662 33467
-445038 -105330
-543256 -125894
59787 44469
-355341 -46467
-412605 -106518
309586 52610
189571 25586
393613 121142
-213297 -17232
-61457 -53878
-248738 -93868
-362623 -47750
156812 65704
-323853 -99981
-147800 16319
-400642 -123794
109745 75547
138481 66968
-524409 -158286
90168 -11865
311498 85540
393196 127802
288373 3419
-475538 -148522
-408324 -128130
304060 37244
-523579 -155951
-219174 -98286
-479598 -96420
-158467 -84260
72513 24450
1762 31505
285189 39204
-390286 -78719
-15607 -37757
-201285 -55401
168341 -18971
-176376 -40050
476687 104791
473851 112454
309293 69733
176649 78561
31697 -49388
-71480 -40624
-168243 -55386
67304 -28085
-416561 -87313
-202461 -11055
-262938 -36018
-240861 -34200
349687 92876
363955 90197
-252847 -52781
319516 109580
412106 86824
68065 -13006
-385706 -43249
634869 172848
351857 129709
-255402 -75579
188801 69139
-309323 -111088
121996 74201
-455205 -100455
284886 14085
-378345 -57645
-546114 -127005
-348087 -46470
-135707 27737
-17171 17618
490935 135735
-405891 -60111
256404 55389
-184467 -62871
-593759 -150844
6575 15670
43591 -40414
147271 34424
-108479 25733
-73068 -21474
-308003 -112171
-181737 3651
399544 67646
-184939 16918
557724 137199
60933 64344
-299628 -21861
-299889 -88569
158165 75244
304737 115053
228286 81470
-537577 -162449
-523578 -127095
601223 160732
426016 84911
150111 -11520
-339887 -74137
-300623 -74461
-463155 -122085
-64786 34573
-269260 -9530
122041 23831
-434506 -130892
101145 55389
100798 -3925
-399806 -74794
-301084 -81659
-179587 8590
-52890 -32976
-434594 -99631
-544636 -133070
413771 73066
501198 116520
6024 -58242
-346357 -102083
-76061 -71251
7403 21616
-289833 -59058
-20612 -60034
192932 46867
213640 -7444
58986 14160
-373826 -60661
243075 47499
443215 115352
-321542 -70171
195927 37968
-173842 -13373
504677 160642
-250866 -3216
-385363 -82256
-210463 -45374
-507010 -138239
-174193 -23633
-374172 -79905
21011 21592
-380335 -86402
202716 56685
182435 83425
140275 -1129
297621 11337
-44770 -63719
177187 35825
577483 142040
-248822 -89110
110715 -12081
-407072 -83698
-76170 1746
343725 82464
303755 29794
-428625 -101865
159330 -13053
98297 -5555
-322671 -87096
-395747 -54835
93600 8301
-37506 23079
-14109 23415
-264551 1934
-403324 -110615
-358964 -61981
-307761 -103785
-453054 -82920
-162956 -8668
-199280 -39379
199339 72746
-251327 -59074
378070 42479
64352 72232
-564482 -158848
397876 61454
158674 53510
-117026 -34786
-89663 -23854
71004 222
254594 9412
-301433 -4564
-162239 3407
-523941 -114333
-1157 -9823
111565 20906
678396 189270
187900 -21172
395193 130884
113033 -25322
-130880 -32311
442055 122950
-326202 -46044
327810 55722
631308 174102
372698 60487
270344 80029
259364 -7097
366449 97204
106569 47028
618607 183023
-509497 -122651
82646 48847
161429 -22883
178178 33274
120151 21662
82108 74531
517958 121306
-304373 -17470
2245 -50452
181044 -19296
464923 89216
301619 57694
-377194 -43967
-369181 -103538
384818 69445
-185534 -18151
530155 127112
170267 72643
-270424 -4151
-644163 -173154
70181 37789
-452155 -129881
-379283 -83227
-407388 -61647
35019 6714
287280 20652
229678 38345
-169441 -72923
20627 -34745
-134713 -60791
589579 172832
-625762 -179132
27118 -18877
145446 9954
159893 71512
-279742 -100958
-679932 -195156
-78962 -57520
171631 90062
-19691 -1000
-484713 -94317
-149986 -17282
-205279 -79793
-328612 -120146
194772 61317
-243845 -673
-487906 -113510
339572 99778
-126966 25401
335452 32048
305907 85377
-72317 -73063
-226694 -26344
-274205 -102049
277870 37649
112582 57419
-220544 2504
157470 86538
541826 140584
-134624 -74761
-241822 -102572
-20473 -14165
-409423 -70733
-73722 43980
491822 98212
-35988 14466
-37933 18001
-465985 -148310
77740 14765
-136565 -68698
315573 71553
4775 -34310
-225737 -84382
476268 144186
-95249 4007
-200449 16495
-123165 -55092
-95886 -32040
-179946 -34281
-62565 -42195
-344521 -48968
395087 128329
50291 -27509
387044 80245
-532502 -143398
435039 108849
133311 -10800
-357888 -92538
-137420 -16624
-237284 -16162
-174763 -10289
-288895 -41756
463212 148380
243420 23901
-22631 -48787
-278587 -14864
312012 6777
252214 60602
510134 136489
-323141 -80098
-214333 -87524
-199141 -44069
14168 2350
237931 64175
-56699 -667
-557403 -164964
-59686 7765
-352350 -119910
231198 76236
54374 -2594
385712 92476
-324351 -98025
-322549 -42545
201672 10947
-174240 -52326
238189 38078
-363077 -60916
-214085 -88480
-433022 -111433
573690 152394
-242638 -7919
438320 145684
-87746 1742
378808 121958
-57810 -2601
-654516 -179973
88874 43609
320735 46474
-508437 -120285
110881 77351
161292 70299
-91357 -69986
-34900 -23519
-181174 -10481
-207141 -56601
205293 78684
322796 65437
-20751 54030
-143078 26648
-253646 -52240
-49852 39127
-87749 15041
6389 -22484
537272 155890
-87964 41713
-158324 -69571
-329621 -123073
509666 156910
256890 90561
-397324 -55790
344560 45356
296772 13086
-498158 -152524
265791 35124
291062 60451
285740 107164
230091 10443
552990 139095
8765 -857
492926 136906
-27980 -44644
-108012 -43974
-195207 -48984
-403523 -87361
50417 -22247
405396 109842
-13656 -50715
249953 84241
123595 461
10841 -33170
27375 -32475
-561080 -138025
-268101 -65019
424795 99266
-71009 -34129
102923 -14195
-290488 -45095
-169106 -71221
70294 -42211
-83738 -70276
-24314 -22018
