1
500
1 1
1 1
1 2
2 3 296597209
1 4
1 1
1 3
1 4
2 1 212982581
2 1 529806955
1 5
1 3
2 2 33010050
2 1 623780037
1 4
1 5
2 1 80582757
2 3 268057574
2 11 582886155
2 8 40062921
2 2 72188927
2 3 183036235
2 12 110140691
1 5
1 2
2 1 961901269
2 9 379589592
2 8 727659053
1 11
1 8
2 1 465211133
2 13 253300365
2 6 561971163
1 10
1 2
1 9
2 13 584801902
1 6
2 5 927954648
1 18
2 19 239847326
1 7
1 15
1 3
2 23 689155372
2 16 890776154
1 10
2 14 464800842
1 19
1 9
2 8 472121962
1 18
1 3
1 28
2 26 46308091
2 27 662892678
1 4
1 3
1 17
2 15 552272004
1 31
1 28
2 31 52973899
1 26
2 3 561099243
2 22 466464359
2 25 571990705
1 32
1 28
1 23
1 27
1 20
2 27 486441611
1 10
2 18 903124055
2 32 200671702
1 27
2 40 450975695
2 15 774082633
1 27
2 35 638432464
2 30 84257498
1 8
2 25 652429691
2 5 486839843
1 43
2 15 691565862
2 25 777835662
2 25 287241428
2 14 988598750
1 17
1 36
2 7 666950304
2 48 46087886
2 18 69276949
2 33 365843354
1 45
2 6 596502414
1 31
1 38
2 44 261052146
2 1 813936080
1 20
1 52
2 32 764479725
2 28 557586093
2 4 139385340
2 21 176972973
2 52 682600284
2 17 131587948
1 2
1 41
2 34 756524326
1 32
2 27 977341861
2 36 135178725
1 35
1 40
2 29 33308027
2 44 577787465
1 21
2 50 279559612
1 41
1 19
1 20
1 9
1 36
1 31
2 42 64877472
1 35
2 31 229528095
2 8 563846736
2 26 646119045
1 50
1 30
1 18
2 30 522119416
1 62
1 42
2 51 841896323
2 33 781275754
1 33
2 68 778304007
2 30 922253273
2 13 850802242
2 12 539926747
1 39
2 36 447454584
2 19 467099069
1 73
1 69
1 14
2 52 242672495
2 68 360976506
1 28
1 69
2 12 207836619
1 21
1 11
2 72 905869224
2 63 123434671
2 8 161438774
2 80 258426465
1 55
2 49 804374436
2 79 177654641
2 38 41280929
2 29 273087183
2 38 138504303
1 56
1 26
1 3
2 74 178884927
1 49
1 9
2 73 571797323
2 72 80875708
2 9 523769363
2 80 843237163
2 40 331039896
2 41 376000840
2 27 543277218
2 41 151463576
2 9 140250083
1 2
2 55 383007899
1 33
2 65 819599872
2 30 908124726
1 73
1 78
1 72
2 62 693674045
1 21
2 21 591540691
2 2 273822076
2 82 479126073
2 53 642290086
2 88 831200026
2 28 251571196
2 23 268241584
2 48 648100573
2 65 534370551
2 53 340201937
1 9
2 31 773735688
1 85
2 2 276103434
1 10
1 4
2 49 376878976
2 18 89633158
1 19
2 76 151607099
2 12 82859708
2 28 108568543
2 17 197374983
2 11 808995770
2 33 233341118
2 71 780901958
2 85 616527488
2 93 450694454
1 46
2 15 763002180
1 56
1 28
2 57 880424825
1 21
2 8 727989585
1 32
2 70 327289283
1 23
1 58
1 9
2 71 451981632
1 17
1 12
1 38
2 23 197761778
2 80 5326616
1 94
2 104 227865661
1 32
2 59 953684361
1 6
1 97
1 9
2 109 769625013
1 18
2 27 36981723
1 73
1 39
2 103 243839146
1 11
1 107
2 34 380740961
1 21
1 16
1 14
2 4 181513986
1 2
2 30 811274496
2 34 672645785
1 39
1 22
1 81
2 102 127219164
2 8 10369402
1 51
2 65 119079080
1 4
1 104
2 45 883629267
1 103
1 89
2 3 856831550
2 15 305650724
2 68 491886451
1 51
1 113
1 1
2 45 289751217
1 15
2 25 163602054
2 130 110957977
2 27 479683114
2 103 214915447
2 79 632950161
1 3
1 34
1 46
2 69 519394614
2 103 155480108
1 101
1 134
2 27 904767313
2 21 79521488
2 17 941452174
1 66
2 78 858810354
2 73 457390480
2 35 166640469
2 86 363074373
1 8
1 96
1 106
2 3 882248676
1 24
2 6 904679149
1 34
2 102 202244182
1 49
1 90
1 132
2 95 910029609
1 147
2 52 717736088
1 28
1 20
1 145
1 43
2 46 339853609
1 49
1 139
2 143 470497591
1 79
1 150
2 80 589128906
2 136 214584973
1 114
2 48 963019210
1 6
2 156 82784634
1 9
2 138 272555286
2 62 221043323
1 55
1 156
2 153 943811330
2 63 574851544
1 39
2 123 886661554
1 80
1 102
2 100 190475542
2 14 109292672
2 48 980474251
2 93 524470543
1 97
1 94
2 102 943812573
1 108
1 157
1 135
1 65
1 21
1 51
1 15
2 1 322189408
1 57
2 160 802434047
2 26 414894893
2 77 987241234
1 29
1 136
2 11 241904724
2 73 118383211
2 37 383618875
2 73 219296595
2 144 863083843
1 50
1 172
2 86 650990867
2 83 684869918
2 10 412413233
1 166
2 180 392510463
1 108
1 71
2 25 418169543
1 169
1 13
2 28 916443334
2 137 334247985
2 107 837967477
2 138 835966469
2 116 191846442
1 165
1 123
1 3
2 62 50253053
1 169
1 11
2 29 522188634
2 86 482971916
2 9 385436596
2 150 929683819
2 72 927146798
1 183
1 75
1 86
2 124 839652050
1 102
2 108 461282623
1 70
2 43 290211761
2 183 480922149
1 27
1 65
1 135
1 109
1 118
1 196
2 140 477198537
2 114 984714707
1 109
1 29
1 45
2 171 166792093
2 71 613734434
1 138
1 83
1 191
1 82
1 11
1 13
2 177 497144014
1 96
1 186
2 33 174860371
1 77
1 20
1 12
1 145
2 59 906849796
2 207 132745665
2 49 322318963
1 34
2 216 657779443
1 53
2 170 872067291
1 168
2 147 323282401
2 63 11841327
2 156 566780472
2 218 735570567
2 112 146562257
2 203 136878809
2 87 828553266
2 51 251486580
2 128 248141295
1 126
2 207 926152158
1 169
2 205 685338974
1 192
2 139 830554197
2 97 249408105
2 204 93156621
1 167
2 131 93100025
2 110 243099410
2 207 741123279
2 51 484430504
1 159
1 32
2 61 179357714
2 211 839149632
2 64 972240052
2 171 472204523
1 137
2 203 673656859
1 164
1 137
2 7 293334038
2 223 133816824
2 181 410693395
2 58 244767815
2 204 303647593
2 51 304558615
2 191 272429274
1 104
1 13
2 127 173591851
2 81 762580052
1 80
2 152 403251133
2 165 110278874
2 210 210418646
1 80
1 114
1 205
1 88
2 39 799362870
2 27 495753831
2 16 244124044
2 114 110145646
2 45 921846027
1 217
2 131 778091350
