1
5000
2 1 391929296
1 1
2 1 270926039
2 2 723892817
2 1 218797799
2 1 686884810
2 1 825056497
2 1 143726153
1 1
1 3
1 1
2 4 915781431
1 4
1 1
1 4
2 7 231156006
2 1 306040005
2 5 139704690
1 1
1 6
1 10
1 6
2 8 900844550
1 9
1 5
1 2
2 9 103276505
1 5
2 9 915618024
2 6 976241871
2 13 83299172
2 11 29945283
1 13
1 12
2 13 287217243
2 1 276755883
1 5
2 6 468227950
2 9 828904517
1 4
1 12
1 19
2 13 285748596
1 19
1 6
2 19 235995372
2 4 29014914
2 4 205066771
2 6 594179739
1 5
2 11 546505071
1 11
2 13 525853415
2 24 477957550
1 5
2 3 476374490
2 19 107148205
2 23 407596900
2 21 530406468
1 22
2 3 74923232
2 26 817555023
1 15
2 7 861989008
1 2
1 28
2 20 612572846
1 14
2 30 39622253
1 2
2 31 507529004
1 2
2 8 408324766
2 8 183033102
2 19 12991536
2 27 744605391
1 11
2 28 699547980
1 28
1 15
2 7 109211991
2 26 620554960
2 2 940346473
2 28 698412790
2 18 720187996
2 24 236455007
2 7 623586168
2 17 27956283
2 29 479131150
2 8 849526124
1 10
1 36
2 6 292961359
2 29 47946292
1 21
1 25
1 25
2 14 659287849
1 9
1 2
2 8 741834467
2 34 213237979
1 29
2 21 1270861
2 11 501441453
2 29 375590589
1 21
1 28
2 44 769681386
1 13
1 12
2 47 586549046
1 29
1 45
1 37
2 4 233582646
2 19 12078374
1 44
2 26 490655474
2 16 243693434
2 17 566085948
2 14 823422942
2 42 377299301
1 36
1 50
1 30
1 17
2 34 603043761
1 25
2 20 823848667
2 12 862013474
2 46 502748007
2 54 347815891
2 38 604678279
2 12 75811242
2 36 847008549
2 35 433589956
2 47 381841637
1 45
2 26 596328362
1 19
2 44 716588329
2 49 274524742
2 18 606766450
2 17 728508134
2 35 921053538
2 17 137550536
2 21 763483143
2 45 632896296
2 27 351086661
1 32
1 20
1 4
2 33 836453390
2 3 78963548
2 54 573136940
2 5 447684942
1 54
1 22
1 38
2 33 826012699
1 35
1 30
2 40 31323235
1 18
1 39
2 23 102787017
1 37
1 16
1 22
2 7 812363347
2 3 334087304
2 50 942099911
1 10
1 1
1 16
1 38
2 71 451306137
1 65
1 50
2 48 159682515
1 17
2 73 311519672
1 50
1 50
2 68 564736399
1 37
2 79 896458867
1 54
2 18 190165981
1 78
2 6 548845081
2 25 525778887
2 61 741474232
1 53
2 50 822768255
1 30
1 19
2 68 715448051
2 22 695878986
2 78 691601145
1 23
1 46
1 63
2 67 601435573
2 20 821124923
1 32
1 12
1 36
2 2 786348342
1 94
2 43 262604557
1 7
2 19 416685468
1 29
2 40 572577334
2 89 544859566
1 75
1 82
2 19 492837729
1 74
2 100 439193946
2 47 47179240
1 9
1 27
1 59
2 36 448376201
2 71 37918530
2 23 726362042
2 86 87970255
2 15 950767048
1 34
1 30
2 30 830017343
2 91 628130198
2 1 936612120
2 90 134218678
1 4
2 5 634366862
1 21
1 52
2 1 646829941
2 23 952495107
1 101
1 78
1 72
2 66 186852844
2 61 813673143
1 34
1 8
2 73 6959116
2 85 457255595
1 9
2 10 773965037
2 65 661730359
2 11 788374883
2 5 151249015
2 96 178063499
1 61
2 110 192413311
1 96
1 86
1 19
2 103 461707358
1 56
2 50 882032056
2 62 517226642
2 66 512232593
1 67
2 71 323342138
1 75
2 68 74010781
2 88 542846197
1 120
1 111
2 63 548313802
2 25 216921896
1 7
1 26
2 32 943635491
2 51 187685908
2 51 629934025
2 88 347036670
1 8
1 38
2 12 802777888
1 110
1 47
2 42 839340547
2 91 251536899
2 77 867835339
2 27 987890607
2 123 931328859
2 46 76674391
2 63 438388225
2 115 276856507
1 19
1 127
2 23 163066367
1 57
2 80 182496264
1 116
1 91
2 87 696641508
2 61 831278369
1 13
2 51 721574410
1 30
2 18 204254545
2 7 212567315
1 89
2 58 290970135
1 8
2 133 296476983
2 134 781177347
1 66
1 84
1 27
2 53 81224101
2 103 228349258
2 25 950228622
1 36
1 129
1 108
1 94
2 116 829737590
2 130 531050892
1 31
1 123
2 9 234625046
2 129 5661858
1 71
2 96 257323243
2 33 959823423
1 146
2 142 441324413
2 28 125016826
2 36 364707912
2 25 301148783
1 14
2 81 614512212
2 24 49142263
2 46 61727975
1 56
1 83
1 69
2 49 291796295
2 112 58593774
2 91 666391781
1 30
2 48 952791373
2 107 267309744
2 33 848477372
1 136
2 71 899844347
1 101
1 151
1 132
1 158
2 71 836644922
2 122 3329843
1 8
1 71
1 22
2 142 129046216
1 25
1 163
2 12 367017871
1 158
1 22
1 125
1 46
1 116
1 164
1 169
2 151 29957306
1 100
2 24 391250983
1 167
2 93 644589781
1 67
2 44 809170875
2 20 321159393
2 143 109464371
1 20
1 3
2 155 777556272
1 85
1 164
2 43 738117157
1 96
1 94
2 29 791552624
2 146 2522714
1 72
2 60 902652283
2 26 638895698
1 105
2 28 364821665
2 171 750919899
2 158 639818868
1 99
1 133
1 95
2 129 703910825
1 22
1 58
2 45 479646697
2 40 333611821
2 174 634133999
1 96
2 133 624358457
1 67
2 169 92017789
2 116 588317812
2 3 518101241
2 111 240305420
2 123 360553182
2 4 379724048
1 134
1 64
1 104
2 59 50303201
1 75
1 59
2 92 640975788
2 161 997885343
1 9
1 155
2 106 474031963
2 190 840782859
2 36 525939793
1 175
2 23 119750325
2 135 95933921
2 78 207826226
2 87 5795670
2 23 463912408
2 49 861140849
1 134
1 101
2 139 647663769
1 122
1 62
1 58
1 148
2 6 857775450
2 16 372796054
1 137
1 132
2 45 511087558
2 172 468941341
2 164 103736754
1 68
1 188
1 78
1 133
1 175
2 88 930632070
2 200 400456447
1 10
1 83
2 18 657232253
1 33
1 136
2 94 277034312
1 205
1 140
2 130 605168399
1 29
2 40 265223078
1 119
1 158
2 161 546287960
2 73 688315898
1 11
2 1 441804063
1 87
2 89 774002170
2 136 1783695
1 13
1 97
2 144 454191108
2 20 825960377
2 187 475383144
1 157
2 210 97510436
2 91 569472954
1 217
2 20 183119071
2 32 180358810
1 57
1 37
2 142 925589632
2 143 723576656
2 88 183997879
2 54 115282729
1 77
2 51 178473164
2 182 890541058
2 223 420641617
1 142
2 169 247083691
2 111 186717283
2 4 861138925
1 60
1 71
1 191
1 177
2 85 124089343
1 140
2 79 916794040
2 132 118881592
1 86
2 87 846730576
2 142 117012114
2 228 342776977
2 49 932258262
1 80
2 127 174201560
1 191
1 178
1 84
1 35
1 53
2 163 641869321
2 31 693593875
1 142
1 239
1 4
2 42 80788887
1 80
2 147 138892369
2 145 831262951
1 41
2 134 431135371
1 221
2 72 94445281
2 209 17150126
2 221 940487069
2 202 737663510
2 182 948875643
2 118 883128824
2 140 903127053
2 171 971719650
2 170 943051741
2 213 197213014
1 159
2 74 566956156
2 198 725991989
2 138 122213233
1 137
2 126 595967641
2 193 672493690
2 223 774473575
2 229 242510239
1 43
1 6
1 198
2 239 37714952
2 220 655396966
2 197 631713321
1 146
2 153 932906278
2 30 457755217
2 36 429699561
2 233 502939727
2 248 620834547
2 146 699343097
1 86
2 254 869897750
1 121
1 18
2 77 380765942
2 195 90531810
1 194
1 223
2 12 95075979
2 242 780179427
2 83 165078827
2 214 682634030
2 12 655333929
1 2
2 55 267376629
1 41
2 68 474813438
2 70 619886236
1 10
1 67
2 135 821886864
1 230
1 55
2 108 112793600
2 70 235983665
2 244 275800754
2 4 816286251
1 89
2 2 458070351
1 162
1 243
1 144
2 133 110129749
2 73 446604939
2 2 608932016
2 78 584328992
2 5 888913213
2 90 863530672
2 202 695017129
1 38
1 116
1 133
1 62
1 241
2 256 288173171
1 143
2 220 257618271
2 50 441558223
2 91 770583808
2 40 706087915
1 105
2 155 966161716
2 5 455485973
1 257
2 9 8005471
1 201
1 110
2 225 539649764
2 227 805421458
1 148
2 241 290184999
1 96
2 262 810002645
1 240
2 240 640770840
2 136 115653500
1 71
1 207
2 87 314542495
2 21 780040621
2 23 944905650
2 31 866670553
2 144 537012237
2 256 143814484
1 177
1 143
1 256
2 53 984110383
1 132
2 249 723935823
1 217
2 6 44825506
1 288
1 177
1 13
1 166
1 1
2 24 703702698
1 41
1 28
2 274 888415580
1 47
2 254 147148451
1 9
2 118 320670971
2 289 986104262
2 151 463874277
1 267
2 282 639906456
2 156 731226148
1 225
2 38 513466785
1 222
1 179
1 149
1 301
2 174 370782989
1 285
1 223
1 155
1 114
2 6 499503523
1 112
1 126
1 145
2 79 257661902
1 149
1 82
2 5 383392512
2 108 858515357
1 126
1 112
2 53 169575519
1 277
1 175
1 310
1 283
2 130 796833450
1 310
1 166
2 124 41007971
2 4 871323320
2 269 252610953
1 96
1 79
2 234 891582413
1 153
1 56
1 218
1 62
1 149
2 194 34795286
2 101 905925539
1 320
2 268 664126171
2 109 759698173
1 275
1 45
2 157 541225084
1 12
1 329
2 102 497735651
1 62
1 205
1 128
1 188
1 307
1 80
2 235 516610362
1 85
2 293 863024332
1 329
1 189
1 101
2 196 713251840
1 26
2 332 767183023
2 39 904580780
2 70 57476854
2 116 864114627
1 168
2 122 242868235
2 43 509280992
2 44 372968242
2 119 98660798
1 99
1 105
1 30
1 174
1 330
2 109 781473256
1 146
2 41 749570686
2 236 189881593
2 326 127540868
2 341 733875821
1 8
2 304 220824873
1 283
1 51
2 156 980867454
1 184
1 48
1 43
1 85
2 86 284807465
2 283 255134388
1 4
1 350
1 125
2 348 664608320
1 220
2 123 84086378
1 123
1 56
2 131 64566034
1 238
2 318 68286090
2 328 465172871
2 360 38225517
2 257 567720588
2 258 518394070
2 28 352344842
1 39
2 340 235604216
1 97
1 48
1 154
1 114
2 195 127903878
2 276 970656395
1 212
1 363
1 287
1 100
2 212 645585449
1 327
1 152
1 59
2 6 677084904
2 199 598162106
2 337 443331350
2 50 342097676
1 319
2 217 769555488
1 2
1 34
2 104 229603968
2 247 360369241
2 56 506064945
1 166
2 56 571022353
1 230
1 245
2 37 64901420
2 275 109089270
2 195 115520258
1 339
1 183
2 308 211273611
2 140 658263305
2 11 475514755
2 184 420467820
2 322 791644247
2 152 311250906
1 104
1 258
2 345 103781826
1 226
2 250 737266568
2 55 13627414
1 242
2 239 720272889
2 259 497076092
1 108
1 225
1 217
2 367 870939709
2 278 764282004
2 29 628784589
1 112
2 243 523835811
2 367 198604221
2 3 77168017
1 277
2 384 83985429
2 340 219241514
2 84 563142970
2 127 78150819
2 159 781746472
1 185
2 332 372188989
1 245
1 241
1 201
1 162
1 290
1 87
1 304
2 29 167264503
2 360 875239329
2 270 736968498
1 46
2 396 260376140
1 46
2 110 125549393
2 66 844881579
1 341
1 330
1 150
2 61 13324951
1 52
2 70 754987831
1 371
1 152
2 284 301542365
2 256 67200370
1 186
2 365 304660882
2 217 702470549
1 26
2 117 380094187
1 307
1 15
1 1
2 60 203118986
2 20 207370788
1 319
1 178
1 241
1 319
2 78 133335789
1 284
1 334
2 112 78595518
2 195 208123078
2 89 630058333
2 79 387737896
1 184
2 312 924581444
2 420 170343773
2 13 82915281
2 129 807143376
2 177 568124382
1 231
2 344 903836871
2 319 561478645
2 404 278346684
2 85 438752592
2 283 376635690
1 323
2 323 137135976
1 60
2 323 500850734
1 280
1 229
1 3
1 415
2 327 513213934
2 337 326872038
2 164 741427667
1 33
1 307
1 7
2 317 980712310
1 52
2 394 20275091
2 329 370152581
1 420
1 349
2 198 473323533
1 429
2 425 225477677
1 131
2 364 66845992
1 314
1 215
1 401
2 400 250682948
2 275 838267439
2 219 794172799
2 307 707216202
1 64
2 45 711995896
2 46 404277647
1 91
2 368 479963807
1 398
2 319 252242983
1 265
1 418
2 95 841359202
1 66
1 375
2 20 601674658
2 43 884943160
1 312
2 264 620307738
1 362
2 48 285133968
2 436 601323360
1 369
2 339 669042745
2 34 777117601
2 252 19988865
1 276
1 138
1 86
2 233 961320487
1 20
2 276 315539630
1 67
1 229
1 297
2 448 264027687
1 269
1 260
2 34 361757298
1 115
1 174
1 446
1 363
2 193 133473910
1 315
1 29
1 225
2 392 110140637
1 230
1 93
1 87
1 108
1 303
2 84 271454056
1 159
2 198 896850938
1 184
1 276
2 254 493634785
2 74 225237009
1 151
2 190 155544940
2 366 9893035
2 141 437268715
2 272 941726655
2 60 404804895
1 89
1 80
1 185
1 26
1 301
2 205 726256999
2 8 210873738
2 131 909510758
1 160
2 337 222903628
1 421
2 28 355774350
2 452 550326403
2 99 187381076
2 441 727871704
1 135
1 164
1 458
2 108 665700655
1 176
2 268 81263259
2 415 936654248
2 16 201344790
2 57 814384696
2 82 550431289
1 388
2 296 932431711
2 272 650544888
2 48 75714299
1 398
1 157
2 163 205859921
2 150 787423424
1 243
1 238
2 35 806157348
2 315 917130539
1 469
1 243
2 149 820431676
1 317
2 181 33971782
1 443
2 131 954669117
1 104
2 328 813500088
1 456
2 192 494739247
2 130 755609183
1 299
1 374
1 336
2 46 884989126
1 324
2 122 770464890
2 363 568503326
1 268
2 40 524635357
2 412 157843364
2 270 368848108
1 266
2 71 564508672
1 305
1 284
2 88 993339886
2 37 344736077
1 9
1 415
1 63
1 278
1 461
2 407 55719742
2 117 810627678
1 238
2 102 304310660
1 166
1 462
2 211 169231239
1 258
1 407
1 293
1 437
1 196
1 212
2 514 123089352
2 411 215265228
1 78
2 204 793130722
2 264 365306630
2 342 98164052
1 322
2 378 900889994
2 346 549848345
2 128 640879269
2 109 326751481
1 506
2 234 103586823
1 65
1 366
1 290
1 313
2 65 795842537
2 425 664803060
2 153 108281594
1 112
1 177
2 101 48608602
2 248 78263293
2 13 483402360
2 174 306012274
2 312 839269898
2 418 697801842
2 186 134117199
1 31
2 230 463079854
2 392 690888910
1 247
1 243
2 504 375095411
2 452 996176805
2 80 858524494
1 332
1 97
2 149 588911196
1 479
2 356 681618448
1 157
2 66 220426486
2 460 792876340
2 133 652525236
1 104
1 492
1 23
1 228
2 268 355459379
1 57
1 299
1 227
2 455 736122665
2 364 814273748
2 267 98644868
2 316 231149527
1 175
1 199
1 394
2 116 798953762
1 315
1 481
2 353 645175885
1 307
2 524 647499793
2 85 940062392
1 93
1 275
1 341
2 114 191294208
1 291
2 394 323980474
2 25 620340005
2 364 126393423
2 515 15977024
2 247 940127499
1 458
2 387 389647472
1 313
1 483
1 181
2 478 957361589
1 269
2 386 213890551
2 358 285462339
2 341 685912070
2 403 288049434
2 496 438700078
2 58 531495771
2 90 59129876
2 172 551183711
1 345
1 101
2 287 71967479
1 294
1 297
2 397 179036012
1 508
1 56
1 441
2 53 786431165
1 89
1 335
2 377 950304075
1 251
1 449
2 20 179301862
2 209 378038343
2 436 389530751
2 430 442540620
2 105 715839498
1 406
1 422
2 349 828390391
1 433
1 307
1 468
2 500 487584115
1 336
2 217 959958019
1 123
1 429
2 43 439759158
2 297 491701566
2 189 672830289
1 256
2 402 544199170
2 112 224333233
1 219
2 313 340928424
1 433
2 544 412497627
2 419 465155272
1 224
1 565
1 97
1 400
1 57
1 494
1 487
2 201 530550583
2 46 140550030
2 267 689500761
1 452
2 78 240652708
1 80
2 535 670995740
2 470 613566494
1 562
2 556 310624500
2 413 172225216
2 140 739771494
2 227 289108289
1 426
1 134
2 148 63224481
1 245
1 547
2 473 369046304
2 26 172198794
1 370
1 219
1 145
1 553
2 349 900789993
1 335
1 15
1 576
2 239 458073147
1 361
2 449 158767071
2 597 391016001
1 189
1 48
1 215
2 25 744874308
1 312
1 382
1 175
1 594
2 568 986695860
1 219
1 442
1 198
2 541 882560279
2 180 965967310
2 81 727972525
2 268 167756804
1 588
2 450 697023143
1 455
2 82 989492072
2 432 900693232
1 171
1 173
2 580 984404244
1 183
2 599 102116146
2 233 103713301
2 354 224359150
1 192
2 255 774716257
1 578
2 297 754405237
1 483
2 146 933294305
2 245 108982592
1 556
2 445 355551474
1 480
1 494
2 350 991749654
1 531
2 574 608195867
2 514 270710747
2 89 57828712
1 116
1 443
1 274
2 262 194868334
1 478
2 296 231630094
2 444 10606945
2 410 531477138
1 193
1 236
1 361
1 138
2 311 888750280
1 147
1 320
2 465 430613015
1 262
1 243
1 204
1 285
1 384
2 347 269948554
1 186
1 590
2 624 131820466
2 580 590357215
1 385
1 161
1 432
1 66
1 210
1 624
1 185
1 267
2 487 824628061
1 468
1 550
2 502 326320062
2 507 198969706
1 451
1 128
1 427
1 542
1 334
2 407 783446580
2 95 52372342
1 348
2 604 222266681
2 350 576090820
1 587
1 39
1 236
2 403 641541040
2 199 330677573
2 479 527296262
2 10 761176421
1 44
1 138
2 506 304950348
1 291
1 223
2 13 48198388
1 290
2 202 119679157
2 610 1188095
2 362 445970079
2 567 575917375
1 403
1 132
1 56
2 64 157898412
1 296
1 422
1 456
1 220
1 634
2 286 879707872
2 344 597176342
2 334 727719019
2 233 596851310
2 110 760488002
2 8 634517632
2 569 870982039
2 154 548076188
2 214 273139738
2 562 88134928
2 284 574491712
2 392 69523800
2 666 734714657
1 273
2 78 730169542
1 91
1 603
2 530 959864639
1 52
1 612
2 484 935566830
1 381
2 341 525487133
1 596
2 404 167598432
2 306 340463253
1 397
1 568
1 32
1 334
1 345
2 326 47400639
2 229 504167928
2 112 359174976
2 547 794301574
1 236
1 71
1 174
2 69 443896081
1 474
1 85
1 566
1 530
2 322 542278471
1 132
2 151 428633055
1 245
1 225
1 380
1 693
1 650
2 467 707672287
1 471
2 331 476914948
1 499
2 389 794853580
1 455
2 570 104139556
2 323 543106632
2 99 594124158
1 487
2 95 476609765
2 15 433455990
2 367 889536316
2 75 996323590
1 268
2 124 393541322
1 563
1 6
1 303
2 560 679038890
2 259 920644590
1 151
2 296 233406079
2 670 70815892
1 558
2 44 807585723
1 111
2 254 206299003
1 357
2 459 964700747
1 322
2 634 975755963
2 479 412503744
1 434
2 435 941996403
1 693
1 331
1 539
2 659 767567043
1 224
1 50
1 298
2 402 963053605
1 338
2 237 972082739
1 179
1 12
2 664 640070370
2 355 901437430
2 180 256837797
1 217
1 145
1 86
1 464
2 7 286684776
1 454
1 364
1 410
2 116 377175303
2 605 773790053
1 682
2 22 748523085
1 643
2 600 421214272
1 325
1 355
1 262
1 656
1 36
1 180
2 410 875572008
2 415 557040654
2 303 98760573
2 623 996140774
1 14
1 347
2 441 785852204
2 115 819554190
2 458 789289217
2 456 391131437
2 608 175845910
2 268 41621242
2 476 397654712
2 561 879370466
2 682 320177323
2 2 318236024
1 265
2 63 474710618
2 228 129926042
2 310 23077109
2 303 850095270
2 22 283559743
2 91 691712202
1 410
1 68
2 544 428827665
2 6 983229249
2 161 946931739
1 230
1 359
2 702 644971439
1 638
2 275 284014708
2 227 581716243
1 415
2 154 402223235
2 324 910433748
2 641 752335565
1 381
1 180
1 654
1 404
2 293 266351775
2 740 340478316
1 51
1 34
1 369
1 347
2 545 125103310
2 178 639686211
1 136
1 54
1 327
1 534
2 215 793838554
1 372
2 1 243304698
1 340
1 179
1 574
1 109
2 197 956645623
1 397
2 303 312919181
2 433 396355369
1 483
2 132 418963682
1 338
2 641 229666265
2 27 851801521
1 20
1 511
1 691
2 391 192736951
2 339 232470662
1 652
2 68 108080219
2 22 197024761
2 283 118640204
2 516 902831834
2 56 962963306
1 730
2 583 881488814
1 559
1 570
1 554
2 664 254524025
1 765
2 631 503334190
1 574
2 583 246874424
2 580 26494264
2 144 285886739
1 276
1 260
1 255
1 727
2 724 860038314
1 214
2 498 600069474
1 715
1 48
2 561 936975803
2 722 426805445
1 332
1 663
1 541
2 51 877857795
2 641 239665655
1 624
1 582
1 270
1 279
2 741 161090195
1 624
1 343
2 567 332454972
2 366 884707565
2 273 954301110
2 744 307787772
2 207 74252710
1 123
2 24 666713884
2 287 337689412
1 474
2 104 499484703
1 213
1 420
1 696
1 527
1 552
1 372
1 615
2 222 788348809
2 493 703990399
2 725 142411777
1 609
2 642 124246877
2 698 225477650
2 74 649958964
1 528
2 659 948633174
2 339 469249137
2 48 247874493
1 113
2 363 148913246
1 275
1 210
1 210
1 548
2 429 208935393
1 275
1 153
2 364 33521291
1 46
2 412 878942123
2 310 133356587
1 80
2 102 169662004
1 767
2 472 739199338
2 44 134013410
2 695 809341365
1 329
2 186 340231233
2 170 43625424
1 233
1 226
1 364
2 163 355330456
1 344
1 103
1 238
1 767
1 162
1 545
2 104 809130149
1 442
2 477 740189852
2 297 281147413
2 282 669327077
2 40 776822899
1 355
1 206
2 595 545046190
1 681
2 230 402087328
2 564 154726307
1 388
1 399
2 252 440365547
1 207
2 226 947123882
1 444
2 605 44258535
2 422 824691779
1 425
2 418 594905175
2 369 888669163
2 435 620836441
1 252
1 173
1 187
1 360
1 490
1 471
2 592 40306368
2 500 132767247
1 513
1 111
2 495 966012323
1 440
1 298
2 379 480634731
2 584 923167145
2 36 172051453
1 725
2 667 214992323
2 198 957901406
2 820 219610535
1 293
2 403 484567591
2 605 901874986
2 61 172537762
2 546 921936914
1 636
2 372 704461971
1 651
1 506
1 537
1 138
1 550
1 384
2 808 161496168
2 248 777918832
2 404 458104299
2 307 387060733
2 80 794077217
2 612 466580244
1 589
2 685 148190198
2 836 885274970
2 548 218560307
1 539
1 759
1 464
1 275
1 414
1 183
1 281
2 338 82487034
1 145
2 727 287395384
2 417 983848998
1 850
2 260 323105946
1 202
1 340
1 324
1 538
2 303 684679037
1 767
1 141
1 643
2 424 143562187
2 141 169828
2 697 293784255
1 632
1 592
2 636 247474136
1 595
2 822 208689271
1 552
1 46
1 176
1 180
1 700
2 354 666796423
1 146
2 247 788137654
1 413
2 33 651792195
2 600 439305156
1 146
1 823
1 60
2 26 988808347
2 469 213832994
2 149 804137956
1 364
2 820 687663499
1 67
1 423
1 297
2 259 816117820
2 537 230218587
1 27
2 438 20355855
1 713
2 75 154129478
2 426 304756304
2 349 532821530
1 95
1 617
1 601
1 461
1 306
2 164 364173008
2 232 886340990
1 599
1 3
2 883 787341776
1 847
1 491
1 656
1 497
2 585 648360022
2 36 245526594
1 766
1 285
2 512 815677291
1 183
1 53
2 808 910742338
2 165 117220832
2 597 775450583
1 366
2 192 998757496
2 610 557322571
1 865
1 185
2 442 999281844
1 121
2 3 191677115
1 843
1 654
1 74
2 223 333188782
2 14 45557758
2 643 709875253
2 304 745210595
2 232 620180470
2 663 638707468
2 287 162368792
1 654
1 859
2 58 860404855
1 105
2 110 615598680
1 702
1 213
2 649 574753632
1 154
1 499
2 645 225050411
1 695
1 707
2 70 166581522
2 434 481083639
2 777 428850304
2 430 496399421
2 680 415306658
1 710
1 850
2 557 478235179
2 825 20286307
2 186 498655478
2 585 202575713
1 724
1 822
2 483 267841291
2 268 285684361
2 204 207170177
2 495 839392296
1 54
2 220 133830147
2 147 197026897
2 214 808567474
1 293
2 267 35365454
1 759
2 381 281385206
2 289 508000700
2 115 94636590
2 36 840531359
1 13
1 794
1 261
1 158
2 837 857687326
1 435
1 813
1 190
2 427 567392274
2 461 754415028
2 600 393352549
1 638
1 929
1 174
1 159
1 272
1 917
1 82
1 56
1 183
2 805 133839118
2 787 600437390
2 899 408940926
1 420
1 338
2 750 30702881
2 754 616487930
2 90 45710385
1 118
1 796
2 621 181114584
1 837
1 391
1 514
1 488
1 890
2 820 936376989
2 444 399024006
2 699 796465596
2 532 114840226
2 915 992409725
2 810 10919626
2 21 59199356
2 513 269209319
2 276 163743502
1 302
1 819
1 12
1 945
2 602 304436812
2 345 299733278
1 103
1 815
2 82 735928386
1 104
1 636
2 34 974530637
2 21 86328733
2 678 610220016
1 94
1 253
1 420
2 674 800096319
2 419 766425492
2 334 89361762
2 794 860254135
1 724
2 753 212076402
1 264
1 666
2 514 237028432
1 718
1 825
2 870 544745095
1 266
1 805
2 905 589751738
2 659 160245953
2 639 175354489
2 325 555707442
1 692
2 13 581116157
2 718 874649910
2 49 784364561
1 937
2 815 560392867
1 738
1 763
2 856 580210827
1 828
1 36
1 51
2 175 552402176
1 495
2 767 925409127
1 658
2 801 464883324
2 756 138585015
1 367
2 203 837804740
1 487
1 169
2 13 960154274
2 569 503440351
2 172 211656509
2 972 74766836
2 223 530827814
2 669 114014270
2 624 110831925
2 413 639022562
1 868
1 403
2 426 765046875
1 654
1 49
2 667 67945663
2 675 888544538
1 958
2 5 211526099
2 118 955593691
1 237
2 594 661548141
1 466
2 692 537456810
2 486 198459719
2 603 388647801
2 40 374938738
1 358
1 637
1 138
2 514 510058493
2 480 996659242
1 343
2 956 807226526
1 297
1 888
1 579
2 643 181503204
1 960
1 150
1 859
1 756
1 351
2 637 396657881
1 811
2 660 611825484
2 955 791849267
2 572 944946655
2 49 380780835
2 964 470288215
2 581 744047635
2 649 373561315
1 527
2 667 556796149
1 112
1 91
1 364
1 292
1 91
2 458 298951457
1 187
2 26 888924156
2 118 25025679
2 903 780026822
1 598
2 107 556549114
1 377
1 272
2 795 178783048
1 21
1 940
2 661 372612134
1 865
2 640 569942365
2 629 906125904
1 820
1 887
2 988 163770526
2 674 594175260
2 583 445845233
1 553
1 388
2 641 145596378
2 170 265391650
2 787 195649806
1 550
2 211 121092349
1 290
1 676
2 981 505722723
2 197 2763220
1 627
2 704 153322626
2 168 381284313
2 830 821933091
2 63 118271188
1 679
2 196 829777599
2 405 258418210
1 586
2 589 707293088
2 336 780083218
1 659
2 744 153501147
2 583 208449538
2 788 177384280
2 987 141253589
2 50 196752435
2 978 592515730
2 737 106186932
2 818 94420741
2 252 841283292
1 745
1 946
2 502 709086936
2 194 754730428
2 570 110676013
2 669 150550295
2 155 940539596
2 491 782813501
2 512 95753082
2 805 566027759
1 554
2 109 28782814
1 196
1 224
1 248
2 220 367447004
2 571 115688893
1 840
1 95
2 629 703730818
1 429
2 824 59824424
1 748
1 433
1 689
2 555 372147191
2 766 347915718
1 1007
1 804
1 667
1 279
1 370
2 634 207655391
1 991
1 707
1 867
2 462 658221388
2 366 459057349
2 492 823394554
1 624
2 377 176024612
2 176 599247595
1 200
1 379
1 535
2 75 41930731
1 586
2 727 37064719
2 670 829630588
1 332
1 626
2 105 615150793
1 848
2 42 501847969
2 906 279744468
2 756 936695373
2 163 52767787
2 412 232057500
1 969
2 714 116212428
2 870 274355448
1 434
2 961 260761701
1 744
1 826
2 290 626756626
2 698 254089770
1 385
1 864
2 225 968440308
2 263 512191391
1 372
1 663
1 565
2 277 355663192
2 210 120211528
1 974
1 477
2 32 624592054
2 944 527714781
1 599
2 497 233557879
1 805
2 273 153716962
2 723 644493198
1 797
1 236
1 933
2 872 667249646
2 820 787471762
2 341 972327288
2 16 425363833
2 717 49541050
2 643 141900970
1 282
1 609
1 41
1 680
2 185 914756614
1 116
2 723 146386139
1 731
2 729 823399352
1 144
1 430
2 964 77755442
1 877
1 710
2 962 439973573
1 999
2 542 554702279
2 1009 391884736
2 797 76161657
2 6 570895363
2 416 518282070
2 862 997171462
2 49 748043095
1 335
1 451
1 156
2 185 128958019
2 438 435982596
2 1054 325599822
2 1066 903811873
1 971
2 379 97964816
1 472
1 7
2 13 846707524
1 949
1 110
2 399 254186546
1 282
1 230
1 218
2 901 530723488
2 907 638012442
1 709
2 265 540475828
2 722 939302837
2 104 921743602
2 418 95218684
2 650 364160147
2 1013 274226008
1 767
1 596
1 992
1 359
1 437
2 560 933532045
2 1089 944487201
1 357
1 321
2 261 900805173
2 706 344869497
2 77 838333072
2 946 802989000
1 203
1 1056
1 157
2 757 234690041
2 165 107504800
1 982
2 665 115772923
1 677
1 836
1 1066
1 130
1 552
1 888
2 987 398609559
2 174 911843844
1 546
1 638
2 1042 525958799
2 464 215835607
1 166
1 941
2 529 673371782
2 666 418077363
1 732
2 750 275305949
2 1034 260029400
1 100
1 257
1 753
2 897 428013231
2 1046 427251816
1 642
2 865 639301531
2 571 22140020
1 563
1 351
2 823 395236354
2 293 739300552
1 864
2 785 387594219
1 151
2 171 279128549
2 844 835597891
2 745 56080444
1 892
2 432 200600247
2 982 252656505
2 964 673291738
2 1077 434608696
2 345 845840628
1 494
1 667
2 503 471252520
1 954
2 228 428412801
2 982 225784245
2 1025 635902687
1 413
1 157
1 416
2 160 102012790
2 722 976986818
2 739 586365704
2 957 427780452
2 532 449217131
1 118
1 15
2 265 36006747
1 411
2 715 534688121
2 238 141967541
1 1097
1 169
2 93 583532043
2 589 825280449
2 165 173463763
2 380 310517800
2 221 297492103
1 300
2 658 52520845
1 590
2 841 106225080
2 922 256825634
1 413
1 1016
1 165
2 943 945192831
1 227
2 18 534969801
1 511
2 852 63720792
2 480 648520945
1 24
2 1035 808498330
2 603 414558255
2 563 451049460
2 666 767447743
2 794 966626116
1 1001
1 878
2 147 540254140
2 239 120223177
2 484 528905445
2 438 230053070
1 534
1 626
1 757
1 17
1 892
1 4
1 138
2 165 551486323
2 664 823634369
1 438
1 1068
2 1099 902701356
2 702 903106856
1 662
2 984 314857643
1 244
1 1076
2 916 593735421
1 455
1 989
1 968
2 832 103779101
2 627 27146165
1 617
2 1153 178989100
2 774 850800058
2 460 404474860
2 699 935680812
1 337
1 204
1 1030
1 892
2 366 932642371
2 1091 365435271
1 289
1 242
2 332 906807701
2 392 18456488
1 1055
2 1002 802272698
1 256
1 382
2 1046 321464528
1 920
1 1166
1 462
2 864 831159630
2 732 174163882
2 132 434078077
2 69 763893876
2 673 499266764
1 530
2 457 321749075
1 766
2 764 866041092
1 707
1 1133
2 303 654923696
2 301 402699472
2 806 168954648
1 687
2 591 358111393
1 243
2 522 849070709
1 569
1 14
2 964 209333718
2 1097 644975115
1 836
1 1103
1 724
2 730 441372237
1 532
1 780
2 1001 386982105
1 1029
2 418 740873590
2 361 259270330
2 528 65350479
1 741
1 411
1 379
1 172
2 1086 414407908
1 215
1 678
2 878 366293580
2 191 839642397
2 887 560865721
2 589 56997869
1 1116
2 475 915244818
1 516
1 194
2 228 205780343
1 839
1 716
1 315
1 285
1 402
2 651 46092343
2 185 511047082
2 463 57470457
1 735
2 58 390255724
1 219
2 979 703652069
2 433 376266786
1 308
1 2
1 694
1 607
2 587 208282891
1 521
2 510 34247176
1 148
2 835 635504861
2 623 936984169
1 635
2 886 505670758
2 492 703062275
2 928 997155625
1 91
1 555
2 758 751619398
2 415 657209472
2 319 88930988
2 537 263909169
2 143 616072618
1 546
2 696 792313232
1 920
2 545 597713382
1 340
1 200
2 1052 943921107
2 592 95907130
2 174 580629772
2 616 213398472
1 1116
1 7
2 358 796777147
2 179 355618540
1 445
1 1210
1 572
1 232
1 180
1 510
1 472
1 41
1 670
1 384
2 1018 579084532
2 1035 329319051
2 729 92207195
2 793 172869377
2 796 897934783
1 654
2 1123 848492476
1 851
1 1134
1 612
1 682
2 508 19435739
2 229 198807048
1 1053
1 816
2 204 226644442
2 359 125748997
2 1139 320880626
2 1011 714676371
2 606 601017952
1 593
2 972 657156001
1 82
2 715 987204746
1 708
1 962
2 849 824370270
1 1084
2 521 411936119
1 702
2 96 893176302
1 1052
1 426
2 923 707933768
2 532 789604568
2 558 879082362
1 408
2 544 456226699
2 493 903853012
2 266 956227976
1 872
2 72 744372163
2 549 237459342
1 854
2 525 497332822
1 841
1 452
2 558 748888015
1 480
2 167 213756513
2 672 199571139
1 348
2 657 840347990
2 586 874403831
2 457 971491837
1 773
2 309 193790262
1 847
2 1231 43355613
1 582
1 1127
1 343
1 264
2 532 847152533
2 721 659927403
2 249 28913218
1 1219
2 1081 320032881
1 1038
1 898
2 1137 28140122
1 957
1 50
2 140 279358082
2 1198 942520397
1 981
2 798 452796300
1 1087
1 418
1 286
1 58
1 117
1 781
1 345
1 173
2 544 61720776
2 487 567173497
2 360 454452235
1 848
2 613 928249324
1 485
1 643
2 830 65935766
2 1054 797262513
1 849
1 595
1 801
1 990
2 182 818127611
2 339 990252064
2 1091 347810218
1 1015
2 462 842280932
2 965 445287152
1 1059
1 1038
1 790
2 834 676776680
1 92
2 121 629876065
1 17
2 1077 168499490
1 483
1 711
1 970
2 329 86047093
1 250
2 318 263528239
1 923
1 591
1 393
1 307
1 250
2 713 307563660
1 626
1 881
2 639 166953864
2 402 72397811
2 546 243512606
1 1208
1 930
2 704 351884326
2 563 527312134
2 977 308029826
2 24 279312172
1 816
1 968
1 326
1 55
2 1231 279894505
2 75 435667217
1 943
2 42 81522427
2 437 273895131
1 601
2 1208 51585906
2 497 710309574
2 46 579788851
1 336
1 1188
1 1124
2 889 106813275
1 97
1 859
2 17 172994733
2 686 507033754
2 964 13396682
1 1217
2 55 252399181
2 877 161921363
1 103
1 5
1 1302
2 247 48447351
2 1107 849034275
1 764
2 314 502826350
1 631
2 1199 660447890
2 158 706954054
1 457
1 394
1 1134
1 330
1 599
2 745 128509985
2 1137 463133911
1 966
2 1082 409063135
1 378
1 1000
2 990 50678662
2 785 644848705
2 589 185210875
1 703
1 709
2 493 107625147
2 1069 502281519
1 1146
2 108 196338475
2 445 517754910
1 574
2 686 77443885
1 702
2 648 745785243
2 609 403397016
1 98
2 729 49929949
1 633
2 597 785295765
1 465
1 306
2 1079 403248198
1 666
2 951 752153360
1 932
2 963 915103730
1 544
2 217 417755757
1 461
2 1078 390119153
1 264
1 188
1 106
1 1270
1 900
2 636 72601232
1 1167
2 656 107558695
1 46
1 578
2 622 731006397
2 145 601917864
1 1189
2 1318 849926169
1 603
2 269 454390391
1 1094
2 457 884132670
1 218
1 1030
2 153 237672373
2 572 492378792
1 71
1 1144
1 370
1 1290
1 1200
1 904
2 117 785868107
2 688 608421807
2 1074 603850624
1 1268
1 605
1 1113
2 1094 902552622
1 1242
1 1154
1 541
2 498 180502773
1 1101
1 988
2 371 783905118
2 1164 5469215
2 1092 781775193
1 1194
2 683 617959843
1 1189
1 1327
2 1306 610172932
1 542
1 622
1 514
2 212 713061900
1 687
2 157 96042699
2 1107 114561219
1 681
2 382 986030541
2 117 107012079
2 386 213094858
2 1223 348023099
2 1363 159716448
1 783
1 240
1 997
1 696
2 653 562314196
2 1350 204465722
2 1013 794232275
2 388 893947009
2 1144 670677933
2 916 803251171
1 802
1 1073
2 866 431549219
1 64
1 608
2 1357 685713232
1 964
2 252 830482765
2 388 656257304
2 380 448904598
2 1123 265363326
1 122
2 592 946345432
2 374 322350576
2 356 253503948
2 1321 370350856
1 545
1 709
2 614 256410784
2 539 245182724
2 543 775369147
1 1332
2 478 571910380
1 1011
1 1367
2 281 719700067
1 1088
1 1339
2 706 590993841
1 1355
2 254 758349039
1 154
1 373
2 1045 858631651
1 709
2 1022 233339251
1 58
1 568
1 1255
2 122 622546562
2 136 217294287
1 1314
2 67 711179121
2 802 150052036
2 356 488129382
1 506
2 913 796897385
2 494 690048494
1 57
1 983
2 613 735550789
2 1058 7129120
1 83
2 83 708757951
2 314 332323488
1 123
2 1011 665673077
1 936
2 10 205286912
1 6
2 933 717164733
2 1136 439746043
2 1067 606708282
1 1056
2 1229 888568947
1 228
1 569
1 174
2 444 133546011
2 1166 346106084
2 1284 6877145
2 1299 879344607
2 302 667702917
2 984 516494748
2 1070 806456286
1 240
1 1244
2 792 777488527
2 256 27159611
2 1345 613634885
2 447 192814838
1 1029
2 780 23307667
1 1035
1 345
2 827 431043124
1 881
2 443 420942833
2 26 46041063
2 1118 698072705
1 296
1 591
2 791 977264942
2 783 922105989
1 1314
1 309
1 621
1 398
2 852 266865079
2 1290 466379609
1 1078
2 636 684635833
2 306 835614412
1 1304
1 1330
1 871
1 499
2 571 386515387
2 1120 372283216
2 246 758481894
2 90 266330229
2 151 285869651
2 954 58255918
1 77
2 1262 774311926
2 1361 522040519
2 293 759133339
2 1407 602549002
2 1119 272493731
1 833
1 1261
2 46 528181214
2 901 856747085
2 1019 888105388
2 482 911841607
1 417
2 350 32954671
2 364 914592708
2 746 914015725
1 187
1 265
1 95
1 546
1 887
1 1063
2 1385 913842956
1 965
1 1047
2 199 556213849
1 545
2 827 619787514
1 1156
2 945 952031444
1 323
2 907 22244361
1 340
2 1207 291724096
1 953
1 1273
2 1354 527184237
2 1130 21748806
2 833 769168403
1 5
1 644
1 1397
1 1067
2 279 248457133
2 1409 451679605
1 581
2 7 457897193
1 482
1 1097
1 313
2 246 873172202
2 231 190695966
1 1433
2 1316 951333208
1 916
2 365 134085924
1 512
1 231
2 1017 698398275
1 962
1 807
2 1376 975658400
2 980 383829581
1 649
2 875 418929482
1 969
2 428 841303838
2 616 677736292
2 11 238744701
1 938
1 505
2 1108 591698188
2 1440 838183875
2 513 246724740
1 1142
1 1341
1 149
1 1438
1 982
2 567 973728410
1 917
2 1121 989261620
2 985 373515425
2 911 353561155
2 435 203003049
2 61 174604316
1 400
2 404 74572916
2 975 400212553
2 936 955653526
2 1245 45937600
2 559 248491277
1 381
1 451
1 253
1 1127
2 1004 176958206
2 106 759028961
1 403
1 1124
1 638
1 754
1 373
2 1142 65955270
2 12 316358736
2 667 558501208
1 635
2 1193 37214231
2 1447 115455530
2 955 630704990
2 329 621162527
1 1004
2 18 185116966
1 44
2 873 744884308
1 457
1 232
1 1236
2 539 50296022
2 263 241308910
1 475
1 1066
2 946 288636850
2 127 435570869
2 513 170164652
1 979
2 1196 915094882
1 962
1 545
2 1032 618167287
2 1461 669170913
1 1247
2 84 822440158
2 151 132312461
2 968 458491397
2 733 179510996
1 636
1 1312
1 375
2 1454 473083909
1 1157
2 362 839135088
2 737 254810827
1 1001
1 1280
1 1270
1 716
2 1318 668016334
2 1465 157334422
2 130 146564456
1 635
2 75 868748908
1 934
2 972 290776677
1 1346
1 1080
2 1258 774820275
2 1438 32424991
1 62
2 1297 781447406
2 568 372316262
2 750 224059472
1 1342
1 126
2 893 27085751
2 639 415912353
2 941 569746948
2 472 304302753
1 52
2 1469 391322518
2 965 435931684
2 1149 907250641
2 1339 970818220
2 144 779280543
1 1354
1 690
2 1128 977819965
1 1288
2 604 561295135
1 763
2 1442 743834393
2 1181 616273854
2 285 598671478
2 1332 472727216
2 1426 115532185
1 180
1 1360
2 998 557660709
1 335
2 383 339299888
1 512
1 555
1 530
1 1388
2 1490 318017294
1 856
2 567 462297144
1 1022
2 71 656752982
1 459
2 446 364829244
2 925 361904255
1 657
2 1131 622054338
2 441 815942249
1 683
2 325 59211058
1 869
2 1021 780802224
2 1488 97898772
1 1405
2 1075 365223277
1 1479
1 1348
2 1280 611611939
2 1073 241355858
2 1050 850100048
1 941
1 1378
2 1258 351108859
1 92
2 1286 367536714
2 306 635415753
1 674
1 1169
1 130
2 1400 90625019
1 975
2 580 988322449
1 1078
2 168 255547603
1 125
2 1316 988222575
2 533 259015552
2 1266 718801371
2 943 650190170
1 1100
2 176 568050648
1 1339
2 367 665468107
1 594
2 804 827990228
2 676 103953744
2 808 247435474
2 436 454124472
1 1072
1 683
2 1306 45484587
2 941 14277695
1 208
2 1161 144842219
2 572 838179732
1 1382
1 204
1 1435
1 950
2 957 409608078
1 1056
1 1334
2 961 445460050
1 1253
2 1527 252168821
2 95 36268685
2 1141 565672000
2 842 776292541
1 309
1 944
2 561 885681110
2 1308 752145674
1 222
2 1342 305474107
1 663
2 630 57829262
2 461 230610992
1 960
1 1371
1 270
1 560
1 1471
1 799
2 704 546570095
2 183 942788292
2 973 746220994
2 689 291562110
2 1192 313497713
2 90 989528905
1 599
1 70
2 1193 678860489
2 47 149946559
2 1024 641133380
2 1124 335519890
2 1006 558077232
1 1310
1 118
1 333
2 774 452646966
2 213 824971661
2 353 156566077
2 63 118632538
1 5
1 1020
1 85
1 1034
2 995 420644641
2 589 462026171
2 1349 414780067
2 455 174119411
1 1123
2 304 735163847
1 1418
1 1402
2 1375 809611521
1 534
1 1500
2 889 401518378
2 750 1068321
1 1418
1 1249
2 1183 353887611
1 398
2 1048 227993550
2 1045 726347707
2 1112 442173464
1 120
2 1257 937585019
1 1055
2 664 462281646
1 103
1 912
2 593 238712338
1 171
2 753 257408195
2 1540 750213894
1 1079
2 1443 245940525
1 60
1 956
2 1501 974317719
1 820
1 535
1 406
2 813 394821042
2 861 822508985
1 445
1 1199
1 1535
2 249 193413481
1 606
1 1395
2 20 123078570
1 51
2 716 619479816
2 431 48703693
1 613
1 264
2 1054 206993438
1 1425
2 1010 597681138
2 417 350904410
2 62 385902230
1 74
2 246 387431097
1 984
1 1248
2 1372 379518602
2 1390 349350729
2 6 595672752
1 1084
2 239 788416793
2 1279 601541274
1 129
2 802 420626853
1 196
1 916
1 683
1 638
1 356
1 698
2 1127 906460480
2 1502 272370235
1 1381
1 385
1 1376
2 574 762623755
2 467 296633191
2 627 287282315
2 1428 407237489
2 936 607074393
2 1211 594740905
2 1351 981354655
2 185 661502755
2 83 215908551
1 1119
1 362
2 270 816344490
1 1401
1 1440
2 1020 158215564
2 1424 856391126
1 753
1 1453
1 876
2 1038 204594745
1 1108
2 1532 311475494
1 1487
2 1050 698309405
2 469 122660024
1 393
1 622
2 1421 857923966
1 217
1 1162
1 121
1 351
2 870 936583080
2 899 284319809
1 349
2 722 78827207
1 1503
1 1017
1 800
2 1423 366503546
1 58
2 1541 965232723
1 795
2 577 52002307
1 385
1 65
1 970
1 1309
1 1342
1 678
2 338 955059074
2 563 512820639
2 1088 347947116
1 1399
2 1106 514215470
2 508 2207296
1 1111
1 450
1 1048
1 1286
2 515 836078360
1 914
1 244
2 825 708015463
2 975 528931526
1 656
2 903 23856934
2 238 85174268
1 1207
2 929 490895474
1 367
2 865 234509326
2 70 31546609
1 1396
1 1123
1 911
1 181
2 1383 722859592
2 697 704057020
1 1024
1 1546
1 1605
2 1114 376857379
2 287 286906299
2 532 667340794
1 1509
2 225 915894261
1 337
1 195
2 1365 559029998
1 271
2 1328 316814038
1 416
2 1336 199379612
1 309
2 1580 829127507
2 1349 801817761
2 135 792998845
2 1464 579638588
2 736 759199890
1 1625
1 113
2 81 855197023
2 1171 708684990
2 188 115517949
2 629 253348090
1 518
2 1586 852319934
1 796
1 1551
2 379 850875250
2 383 294129780
1 235
1 1574
2 798 634610450
1 588
1 314
2 148 88062910
1 1481
2 1379 922327911
1 830
1 583
1 1137
2 910 78025110
1 750
1 443
2 534 392654743
1 113
1 482
2 1170 200317466
1 1559
2 837 675371453
2 753 308611649
2 664 178295951
2 1004 275626157
1 1283
1 929
2 568 757412162
1 1418
1 1309
1 615
1 1149
1 1036
2 255 91758085
1 1607
1 1033
2 902 962569777
2 12 396821183
2 525 927387994
2 242 523376912
1 513
2 386 607549938
2 931 474155213
2 120 489370097
1 623
2 1209 110836906
1 839
2 427 962402727
2 205 742581599
2 1245 847037415
2 1266 853383722
1 1614
1 862
2 550 72908090
2 1029 22423615
2 438 826858490
2 1082 512007388
2 1233 662888355
1 952
2 239 842380020
2 642 38100425
2 1431 974655941
1 1025
2 191 380967318
1 532
2 109 228745756
2 332 292823028
1 319
2 591 567569378
2 1370 327887407
1 1193
1 1573
2 657 610202963
2 1522 220459866
2 684 216776554
1 663
2 1562 843026326
2 575 4516598
2 434 528815599
1 777
2 237 145934660
1 1401
2 241 598649319
2 775 78610811
1 331
1 498
1 101
2 369 886772335
2 1050 592474800
1 639
2 26 986559831
2 49 729158689
1 1073
1 1199
1 1594
2 1284 105308239
1 1150
1 273
2 437 460598290
1 102
1 1431
1 1531
2 1079 646164750
1 1259
2 1487 209392077
1 1637
2 1296 504130631
1 439
1 599
1 597
2 244 841618608
2 1404 280908589
2 1096 147467241
1 448
1 31
2 9 856928069
2 1556 282000899
1 594
2 1537 447315661
1 1604
1 1336
1 933
1 1698
2 1611 431758982
2 1486 129938499
1 439
1 1278
1 1323
1 1453
2 986 753742797
2 73 841276695
1 1387
2 1365 637300986
2 284 457707749
1 471
2 53 177810990
1 1458
1 658
2 353 187034850
2 890 699353616
1 399
1 272
2 1237 656824815
2 1398 168074630
1 1106
2 1497 466221450
1 702
2 74 768193129
1 1089
1 232
1 1202
2 812 527707170
2 1287 174191588
1 1115
2 1643 657362312
1 180
2 77 864184681
2 612 842148899
1 247
2 1366 374173138
2 706 945848219
2 521 259281828
1 15
1 1592
1 1356
1 603
1 1101
1 1145
2 1534 934037083
2 218 65864700
2 1302 59518827
1 967
1 1195
1 785
1 163
1 1528
1 99
2 1515 590516182
2 1400 286640795
1 1586
2 630 551196005
2 666 720673162
2 1175 599526479
2 343 97552031
2 1016 371670898
2 1133 673538725
2 102 289897475
2 291 887251121
2 357 187653488
1 1337
2 430 169774702
2 834 980390064
2 686 526492793
2 77 162232946
1 1263
2 1186 38755538
1 1502
2 802 238968068
2 988 435447607
1 1444
1 432
2 218 719603471
2 86 56180411
1 1138
1 253
2 1458 345502663
2 787 296508622
2 1278 147089289
2 1741 170866026
1 119
2 1743 256368210
1 1508
1 682
2 309 771711772
1 1505
2 728 50636550
2 1446 465393344
2 1076 217978404
2 1320 730028024
2 1650 817157934
2 616 399866807
1 1472
2 905 136097826
1 778
2 1535 759974747
1 334
1 1445
1 1059
2 1604 582728659
2 247 350393659
1 735
1 1604
2 566 542901311
2 40 511069938
1 612
2 120 821276320
1 1149
1 135
2 559 666245930
2 1385 370119634
2 500 671046028
2 541 622527878
1 862
1 714
2 349 194509691
2 451 945655262
1 713
1 1076
2 611 140949206
2 1494 582959593
2 1079 49794134
2 635 27451937
1 661
1 78
2 498 570719536
1 1227
2 1691 507522033
1 1509
1 549
1 420
2 106 288410610
2 246 470334838
1 4
2 254 258857313
1 654
1 1282
1 1
2 149 397488859
1 1110
2 1742 658461574
1 1519
1 768
1 878
1 828
1 352
1 647
1 730
2 648 592889808
2 902 781560381
2 993 376224501
2 927 406569903
1 1217
2 1057 291560327
1 612
2 779 807451878
2 1076 3883324
2 1337 20008885
1 5
1 1683
2 318 623683834
2 1254 186529109
1 40
1 685
1 1008
2 22 185407000
1 206
2 691 72150226
1 1098
2 1324 582228444
2 547 686735365
1 744
2 419 675656482
2 225 436616380
2 1218 655321478
1 1201
2 1632 164915219
2 1497 120344610
1 407
2 247 180836053
1 726
1 289
2 1039 897416074
2 1520 737806842
2 918 619215102
1 266
2 1502 141913226
1 803
2 2 800814633
2 1721 325488577
1 800
1 1499
1 1302
1 432
1 1013
2 819 890951043
1 338
1 48
2 1093 685376867
2 627 516069068
1 1346
1 742
2 370 855810183
1 726
2 138 693054576
2 1088 139161291
2 834 720423149
1 847
2 773 167456662
1 1088
1 1625
1 1254
1 153
1 969
1 1137
1 1124
2 1660 337732284
2 830 200749778
1 699
1 1429
1 1793
2 1186 463173189
1 290
2 424 684978987
2 1671 672375781
1 241
2 634 507233421
2 448 31113472
1 414
1 1666
1 816
2 1352 129319206
1 519
1 626
2 942 578094633
2 855 220529768
1 77
1 895
2 397 973631858
2 611 32932893
2 819 753802620
1 725
2 896 924066907
2 521 781409370
2 542 436603264
2 1258 843534414
2 247 864280481
2 302 497446728
2 1439 405805213
2 126 137059027
2 235 416547901
1 276
2 255 873749623
2 618 807665988
1 708
1 1620
2 135 112687031
2 600 465096304
1 803
1 278
1 687
1 969
2 1363 667875484
2 1078 133442256
2 878 791684454
1 630
2 892 249112734
2 996 635386994
1 732
2 832 10968939
2 1168 976902835
1 40
2 1140 691164772
2 1255 682121893
1 149
2 1347 750494273
1 1826
1 1255
2 1805 954492118
2 1811 403300441
2 755 16608411
2 21 394432973
1 611
1 749
2 1643 997155565
2 1447 693684882
2 282 239959513
1 498
2 726 465113492
2 101 163828711
2 493 972473841
2 1233 493725697
1 1163
2 326 753037354
2 1336 259536215
2 546 520357148
2 1396 592340679
1 933
1 882
1 1560
2 900 367744118
2 1 90077887
2 680 486128573
2 1567 645806276
1 1737
1 277
1 457
1 680
1 441
2 1076 611488156
2 1218 676866615
2 693 786413101
1 541
2 1453 228270583
2 1765 819330693
1 1246
1 1554
2 1115 28118895
1 1476
2 791 660186796
2 956 680775050
1 1844
2 16 892480227
1 1348
2 400 790360722
1 1494
2 1217 733184338
2 1652 1287744
2 710 737465504
1 244
2 376 995031567
1 77
2 710 815561916
2 1347 490591564
2 322 253506215
1 944
1 950
2 427 976189897
1 1358
1 816
2 1822 272759870
2 1709 289519735
1 1228
1 1296
1 1355
1 1451
2 295 569369696
2 1854 540740356
1 5
1 1346
1 1452
1 1073
1 810
2 72 176753493
2 65 106729996
2 963 730392686
1 1277
2 420 246192002
1 1556
1 1517
2 916 822745636
2 68 404650853
1 1720
1 1733
2 1323 958013263
1 1841
2 215 221512417
1 295
1 1628
1 610
2 1861 954747577
1 901
2 1533 690857667
2 887 975442336
1 1591
2 1389 812750535
2 1857 151988117
2 1729 369423020
1 454
1 191
1 114
2 1536 274998355
1 94
1 1438
2 1459 630962140
2 1267 934295339
1 584
1 71
1 210
2 443 262603533
1 858
2 1446 598678247
2 885 697012925
2 1413 455083048
1 404
1 1037
1 1088
2 1742 983428845
1 450
2 1520 250233579
2 406 352657654
1 980
1 1674
1 1410
1 585
1 1654
1 1627
1 459
1 60
2 1245 78791243
1 176
2 665 83647887
1 1117
1 1706
1 985
1 1652
1 1900
1 1280
1 254
1 608
2 1177 405716139
2 255 630617330
2 54 372550888
1 818
1 572
1 585
1 491
1 679
1 1070
1 599
2 153 477317571
1 135
2 1729 26795270
1 1557
1 54
2 295 739728661
1 897
2 147 539114135
1 792
1 1332
1 1890
1 983
1 1400
2 466 325314207
1 1866
1 1596
1 327
1 1726
2 1748 520315555
2 1060 662622221
1 1721
1 116
1 1803
1 1082
1 1256
1 1332
1 1233
2 442 897681571
2 101 749853220
2 908 397320445
1 46
1 1540
1 1939
1 573
1 873
2 862 572778349
2 328 632978146
2 769 88509703
1 729
1 206
1 720
2 1374 158734752
1 946
2 177 610610861
2 501 825384139
1 1959
1 1658
1 1237
1 1177
2 331 620019894
2 1932 906302462
2 1498 269203098
1 658
1 496
1 534
1 1477
1 545
2 1676 796179026
2 218 565492934
2 1464 877764949
2 1179 965244500
2 979 392826092
2 122 28602256
1 876
1 1752
1 1865
1 1862
1 440
2 1654 868888326
2 126 931038598
2 1694 442468815
1 619
1 1292
1 1321
1 428
2 20 658470023
2 1493 551590734
2 1865 318501993
2 1123 691957356
2 588 347815311
2 954 731105215
1 1108
2 1532 597077286
2 511 339585403
1 730
2 305 854173996
1 393
2 351 148068238
1 308
2 122 680248337
1 1433
2 1793 648393905
2 1678 42048747
1 815
2 1716 291162485
1 291
2 1512 257710630
2 1019 343633112
2 794 211849144
1 1850
2 1262 714409435
2 108 422858426
2 940 317226862
2 351 507293064
1 1848
2 1845 646878396
2 265 305927995
1 731
2 994 644899509
1 834
2 97 119983668
2 820 81375514
2 1136 97366541
2 334 850684196
2 1963 144534800
2 500 242188855
2 1462 889785247
1 804
1 1726
2 1800 555026865
2 278 236915160
2 1172 173061361
1 109
1 1421
1 1762
1 1770
2 264 236729451
2 1353 619513207
1 1766
1 1385
1 1819
1 1530
1 1153
1 767
1 809
1 1180
1 1922
2 375 611935854
1 572
2 1603 173105928
2 214 881118051
1 102
2 1635 441092491
2 1325 194618901
2 47 46007601
2 534 6440127
2 664 779650039
1 1764
2 1082 585350169
2 745 387259418
1 1933
2 215 844426676
2 624 973395740
1 1929
1 1891
1 2004
2 1417 47187582
2 579 632740387
1 1278
2 136 488182570
2 1361 588076171
2 1363 108377610
2 1439 580260406
1 823
1 815
2 1770 849335462
2 1638 378695821
1 1529
2 1698 582261503
1 643
2 790 229155751
1 1128
1 1191
1 1478
2 1047 949775272
2 1310 723201502
1 874
2 1251 925574796
1 1284
2 449 613537007
1 738
2 1345 208009846
2 190 830731947
2 1257 878353404
1 1444
1 1983
2 1134 227021949
2 965 28116103
1 1195
2 529 811523580
2 442 584058918
2 54 301828334
1 201
2 1264 360939812
1 573
1 99
1 44
2 902 890634628
1 500
1 159
2 1504 411650195
2 978 936585942
2 627 832450972
2 1271 488963007
2 1308 614839099
2 1277 61998270
1 98
1 1585
2 1577 734824890
2 1143 285524822
1 486
2 770 719094784
1 120
2 1317 563138045
2 27 339726052
1 1042
1 700
2 2015 101982702
2 1096 93495748
2 1652 279136607
2 1334 529238336
1 1229
2 263 992224587
1 706
2 389 441983985
1 381
2 401 552619690
2 1304 904019180
1 1474
2 1459 548566019
1 793
1 1587
2 1435 228751037
2 1228 301047581
1 1821
2 1590 561013323
2 399 891995722
2 1987 180649454
1 1334
2 444 146233795
1 906
2 50 103283159
2 618 243858373
1 1123
1 1502
1 1997
1 365
1 1399
1 1081
1 423
2 510 717449499
1 1428
2 1458 141428149
2 7 225688735
2 428 875675133
2 1854 615609824
2 1568 31998583
1 288
1 1486
1 1291
2 1893 451721832
1 245
1 111
1 97
1 1670
1 1663
2 1653 770946918
1 997
2 1459 709664191
1 868
1 1031
2 2052 493377260
2 1012 417129199
1 899
2 1147 823082270
2 251 645475750
1 537
1 454
1 448
1 1174
2 1307 585679409
1 1971
2 883 508337913
1 1426
2 1613 566584716
2 1368 730121690
2 228 945788498
1 559
2 1562 737141619
1 248
1 1809
1 1958
2 2031 115802191
2 1053 623548446
2 201 751880578
2 202 855765853
1 639
2 1971 725686193
2 633 575205875
1 747
1 1079
2 765 897570469
2 640 796211371
2 2017 726933918
2 535 734126365
2 1367 473514235
1 1307
2 513 256403387
1 1939
2 1903 701743938
1 1797
1 460
2 1374 795257368
2 773 711294190
2 524 410178840
1 385
2 1475 6459523
2 17 770713189
2 1790 191158911
1 1995
2 1894 166273245
1 1277
1 2021
2 1915 710539717
2 341 202707361
1 1778
2 1166 340182873
1 1043
2 251 36270854
1 1817
2 992 759431192
1 160
2 1679 72386701
2 573 571568007
1 1118
1 25
1 64
1 1457
1 744
2 1654 57514455
1 338
1 177
1 483
1 1587
2 1257 278689630
2 817 199569390
1 203
2 139 212843351
2 1361 826053605
2 739 321953794
2 1484 462345152
1 660
2 1018 957518433
2 690 572698552
2 306 212893022
2 2034 739308298
2 28 753330941
2 1285 302504954
1 1532
2 525 995637651
1 709
1 1396
1 562
1 618
2 731 41457159
1 1867
1 388
2 97 769968454
2 786 463179727
1 135
1 1078
1 36
2 1971 976227361
1 35
1 1851
1 1820
2 1663 952941748
2 1225 973688029
2 932 508510617
1 813
1 1333
1 1291
2 813 835294499
1 593
2 1299 146800969
1 404
1 636
1 1292
2 699 774407066
2 467 22355230
2 373 236306770
2 1281 713004911
2 437 303744404
2 1431 868766862
2 1939 495384664
2 1334 714968508
2 406 843960787
2 1547 669678915
1 751
1 1793
2 1835 903170762
2 38 647485166
1 276
2 2049 517030997
1 6
1 1135
2 1552 92215035
2 483 251801128
1 565
2 1110 856636547
1 2120
2 649 364087242
2 1479 327105105
2 1162 363692071
2 475 291617592
1 1635
1 149
2 938 808868753
1 1907
2 855 778423759
2 964 492068772
2 2079 487351698
2 1970 940812490
1 241
1 273
1 2030
2 1703 666359572
1 308
2 1679 726654099
1 1375
2 1791 462963519
1 781
2 508 456784360
1 995
1 353
2 574 929218553
1 1894
1 1483
1 1359
1 380
2 1427 878210367
2 16 292858576
1 1835
2 857 363151741
1 791
1 71
2 517 392700122
1 242
2 797 12091833
2 1015 428223775
2 1613 317633833
2 471 326292013
1 135
2 1845 286233516
1 668
1 1022
1 337
2 2097 929685662
1 866
2 1014 735935307
1 548
2 1741 903419894
1 88
2 240 616533711
2 265 262257918
2 1733 328783026
1 1613
2 1088 184012049
2 924 272109058
2 1930 695235937
1 2093
1 67
1 451
1 507
2 836 380699856
1 2106
2 511 164352223
1 1612
1 1146
2 210 22169446
2 2123 315955010
1 1804
1 937
1 714
2 1526 290810499
2 1779 172358754
1 451
1 1198
2 1165 517146540
1 1586
1 904
1 1213
2 465 25926407
1 598
1 373
1 1925
2 1778 622853386
1 283
1 1212
2 2124 542831227
2 757 950558757
1 1902
2 825 336892553
1 404
2 438 119545289
1 1407
1 372
2 348 335111301
2 782 579577828
1 510
1 302
2 1620 681355801
1 925
1 654
1 1467
1 1825
1 735
1 1533
2 1912 113712541
2 1677 3746303
2 11 731347344
2 2126 852979163
2 1253 586439280
2 1090 218881001
2 1124 957632634
2 1881 971050774
2 2172 576396198
2 1241 602625480
2 539 109520408
2 287 798407172
1 2008
2 1783 714777541
1 1144
2 298 467368089
1 523
1 599
1 172
1 2069
2 1978 891567747
1 584
2 2031 2667225
1 253
2 746 40506978
1 2125
2 1935 843416201
2 991 472123370
2 214 209020426
1 727
2 907 45285570
1 599
2 263 741324096
1 1185
2 352 539536981
2 895 47532853
1 455
2 978 28862983
2 580 512221242
2 1768 214202724
1 692
2 1488 834263363
1 960
1 1048
1 1121
1 2168
2 250 126748188
2 2164 240556664
1 308
2 1676 372179197
1 1855
2 1746 61667960
2 1429 952582310
1 790
1 250
2 611 89908781
2 1170 615063567
2 1182 257345724
1 631
2 985 745847310
1 1792
2 2173 933570271
2 1647 851728452
2 919 737968073
1 220
1 895
1 1812
2 694 513602087
1 712
1 1804
2 105 249905289
1 415
2 1253 12624867
1 1943
1 567
2 165 535358755
1 822
2 213 719597983
2 668 937621107
2 799 37860394
2 1143 823383647
2 1488 990868900
1 326
2 1489 466715626
1 419
1 97
2 975 20381857
1 631
1 1684
2 1088 182474992
1 2186
2 1383 783681242
2 1356 377339571
1 2215
2 1797 678702847
2 798 496861184
1 887
2 626 144486274
1 715
1 1254
2 1786 289546590
2 2065 65780086
2 1225 757154036
2 1106 610198601
2 1372 420854144
1 1888
2 1881 270731768
1 39
1 1450
2 48 572871636
1 893
2 1092 223515830
2 1697 245192739
1 646
2 1560 536253679
1 801
2 1144 837285688
2 2017 845480185
1 1279
1 1126
2 1350 285836194
2 692 840503735
2 1635 209699183
2 1485 183385022
2 437 264779811
2 1194 774999443
1 660
2 351 995536639
2 770 358826610
2 2050 84492792
2 918 995794233
2 1021 93694776
1 384
1 418
2 810 101264851
1 1529
1 2137
2 279 58971940
1 1271
1 832
2 687 489984937
2 928 453309681
1 359
1 142
1 560
2 200 443147501
1 417
1 1405
2 1848 60454783
2 574 397818542
1 2050
2 1409 582837362
2 2162 996970971
1 1356
2 636 342616936
2 1273 575487602
1 2055
1 134
1 1822
1 2064
2 1108 911763236
2 510 159923714
2 1099 17510976
1 365
1 822
1 747
2 1771 78427394
2 558 11222898
1 1226
2 2191 386376116
1 2162
2 466 294329024
2 298 603956151
2 1442 588611529
1 2019
1 1336
2 1560 458624270
1 1627
2 1254 63838381
2 1031 299766089
2 1836 526229188
2 483 542795793
2 2253 759958701
1 712
2 1514 596841871
1 531
2 1982 605271955
1 1056
1 1700
1 222
1 91
2 1407 610624940
1 1225
1 1599
1 982
2 1001 178453508
1 1217
2 1587 626706918
1 2141
2 1451 759411748
1 1985
2 2266 145773243
1 237
2 751 971097370
1 2186
1 497
2 788 635613668
2 1248 603789295
1 877
1 1311
1 500
1 583
1 1586
2 1159 902138125
2 6 219625583
1 1523
1 713
2 1335 183888946
2 33 253873087
1 556
1 983
1 69
2 1409 179913955
2 887 273502649
2 1054 352604467
1 383
1 376
2 1405 515391067
2 2253 135296287
1 259
2 1633 308222335
2 1666 132572468
1 468
2 716 672131711
1 1956
2 186 647334211
2 146 821646890
2 1152 771618011
2 1543 392781442
1 498
2 230 755517768
2 915 569410523
2 232 700371953
2 1102 498127968
1 593
2 1542 139043213
1 171
2 1167 669594078
2 1993 97141947
1 2260
1 887
2 2034 831543245
2 1156 331219344
1 839
2 2131 47438731
1 1949
1 1704
1 1530
2 2117 305962322
1 557
2 620 746435252
2 1094 35344840
2 1095 683749473
1 2119
2 2156 944333518
1 1176
2 1245 664937037
2 840 277073689
2 2209 182080078
1 2221
1 34
1 928
2 4 154981473
2 202 251623844
1 1039
1 1282
2 799 414663889
1 713
1 1381
1 2150
1 1346
2 2258 447230090
1 823
1 787
2 963 249998141
2 1208 895065602
2 887 824126584
1 1556
1 286
1 2082
2 442 556372454
2 1092 353352643
2 1790 972360793
2 1668 658615604
1 435
1 1474
1 1058
2 128 562826815
2 706 784793761
2 786 116050051
2 597 730472117
2 723 808147188
1 1460
1 2015
1 1680
2 1504 94799768
1 75
2 2243 774237752
1 385
2 1426 565145776
2 326 184195080
2 1504 617525844
2 1020 194365381
2 895 807622450
2 1278 818404942
1 1100
2 1329 532494599
2 242 686611905
2 1842 727355702
1 1240
1 7
1 858
2 214 475745027
2 1911 536177788
1 494
2 1721 160943021
1 45
2 1860 171321501
2 700 934565330
2 1231 516692705
2 2252 841187809
1 1968
2 828 64072620
2 766 782021253
2 2227 250988265
2 248 784441242
2 613 233301806
1 73
2 2237 39869526
1 2312
1 403
1 704
1 1849
2 502 657850735
2 1708 638256779
1 2
2 2092 682537081
1 1590
2 429 601018844
1 1485
1 692
1 1148
2 320 599155387
2 1773 168656622
1 781
2 131 373418594
2 2073 674033510
2 1650 267877247
1 1750
2 306 120475567
2 1168 235384208
1 322
2 666 542996492
2 2340 91281013
2 1985 225106484
1 1366
1 909
2 2059 239271196
2 1484 339905209
2 1065 64354148
1 917
2 210 33017370
2 1516 115219368
2 1010 792113659
1 531
1 784
2 365 34809744
1 1562
1 283
1 1933
2 932 236492910
2 314 376007860
2 2208 147997714
1 941
1 978
2 2193 333439226
1 1433
2 1872 905003526
1 986
1 436
2 1884 25791983
2 1349 201566207
1 1175
2 1839 361611419
1 522
2 137 708688673
1 2293
2 1576 424785548
1 976
2 1897 418750315
2 1601 322332002
2 616 665749868
2 2154 770329047
2 1243 655915821
1 10
2 1532 280456624
2 2274 676820694
2 1050 595641277
1 866
1 1794
1 1023
2 1001 883597686
2 438 849858386
1 1397
1 1022
2 1263 250442972
2 1275 180453746
2 2074 744259188
1 174
2 1251 200014876
1 925
2 1472 259531242
2 1190 118218648
2 64 420996623
1 1948
1 1523
2 1487 349031427
2 1688 167127826
2 1822 842754661
1 870
1 189
2 1726 970281312
1 424
2 591 841082792
1 827
2 171 728924335
2 1235 920023627
1 1006
2 2251 368689762
1 2115
2 2323 457926630
2 1701 357572951
2 1834 141416510
1 1131
1 1788
2 1878 109075983
1 2050
2 1589 600060048
2 833 36658569
1 1033
2 1342 31663038
1 2275
1 1726
1 238
2 667 679468906
1 2388
1 2197
2 714 201546430
2 1396 521843670
1 410
1 2022
2 269 275800032
1 65
2 1084 553362287
2 864 753117033
2 386 925001108
1 1696
1 42
2 2201 887787301
2 1993 49246094
1 1986
2 405 740390648
2 227 583050456
2 1954 43913162
2 430 540626713
2 1124 591916197
1 1350
2 994 611276539
1 905
1 2323
2 706 12121333
2 108 427710720
2 1087 618925786
1 1688
1 2008
1 927
2 1297 605439484
2 1033 297106191
1 696
1 3
2 632 646201494
2 866 815756671
2 2078 362945833
2 1367 72565215
2 2145 154100427
2 807 559808860
1 566
2 2282 73556647
2 489 213213737
1 1985
1 1277
1 931
2 2318 939927524
2 1379 762877369
1 2200
2 797 284168319
2 2396 166347776
1 62
1 1028
1 661
1 2185
1 1088
1 1329
2 175 458662417
2 1186 40190960
2 1469 543939719
1 936
2 25 226785429
1 909
