94
33 34
-38 -29
-27 41
43 50
-7 50
12 29
-26 40
47 49
-47 9
-32 43
6 20
-11 6
-38 37
-28 7
-29 6
12 14
6 7
-50 40
5 14
-25 39
-50 34
-36 42
-42 -23
-27 -9
-33 17
-31 -2
-36 -9
-44 -13
4 40
-44 14
-47 -15
-36 25
-6 47
-32 34
5 11
-29 -8
-49 45
-39 -21
12 39
14 25
-35 39
-27 35
-29 21
-10 17
13 27
44 44
-41 -37
23 29
-8 32
9 29
-49 30
11 24
-43 40
-12 -8
-18 25
-19 -2
-42 -23
-18 26
2 4
33 41
21 30
-24 42
-39 40
-50 37
19 46
-27 5
-25 27
-50 10
-19 17
-40 40
-38 -14
-9 18
-44 -18
8 28
-21 42
-42 31
10 33
23 43
-48 -41
2 17
13 32
-30 10
-44 48
-46 15
-10 10
-39 28
-27 31
29 31
-5 33
-25 37
-14 -5
-13 37
-6 35
-33 23
