500 1 500
00000000000000000000000000000000000000000000100000001000000000000010000000010000000000000000000000000000100000000000000000000000000000000000000000000000000000000010000000000000000000000010010000000000000000000000000000000000000000000001000000000000000000001001000000000000000011000000000000000000001000000001000000001000010000000000000000000000000000100000100101000000000000000000000000000000000001000000000000000000000000000000000000000000000000000000000001000100000100000000000000000000000000000000
2 1
3 1
4 1
5 1
6 1
7 1
8 1
9 1
10 1
11 1
12 4
13 1
14 12
15 1
16 1
17 1
18 1
19 1
20 1
21 1
22 14
23 8
24 16
25 20
26 1
27 19
28 1
29 1
30 14
31 4
32 24
33 5
34 28
35 9
36 1
37 1
38 27
39 9
40 35
41 1
42 35
43 29
44 1
45 5
46 26
47 43
48 26
49 47
50 30
51 33
52 30
53 21
54 43
55 7
56 44
57 31
58 55
59 35
60 51
61 21
62 13
63 38
64 34
65 32
66 51
67 21
68 58
69 27
70 40
71 24
72 23
73 35
74 49
75 53
76 73
77 44
78 55
79 49
80 31
81 37
82 46
83 34
84 82
85 56
86 79
87 37
88 50
89 59
90 63
91 89
92 62
93 51
94 83
95 47
96 69
97 80
98 92
99 71
100 95
101 70
102 53
103 72
104 84
105 96
106 57
107 84
108 101
109 84
110 109
111 104
112 100
113 101
114 88
115 102
116 95
117 116
118 95
119 108
120 86
121 116
122 103
123 106
124 113
125 116
126 114
127 111
128 89
129 85
130 115
131 108
132 128
133 129
134 93
135 87
136 133
137 91
138 102
139 104
140 106
141 134
142 139
143 94
144 94
145 122
146 127
147 112
148 147
149 142
150 132
151 124
152 150
153 115
154 136
155 144
156 117
157 146
158 108
159 135
160 143
161 145
162 114
163 114
164 145
165 124
166 162
167 165
168 126
169 141
170 160
171 158
172 127
173 133
174 149
175 139
176 136
177 157
178 129
179 129
180 161
181 136
182 180
183 168
184 179
185 160
186 143
187 167
188 155
189 141
190 150
191 176
192 166
193 166
194 180
195 182
196 158
197 186
198 155
199 159
200 158
201 155
202 183
203 199
204 157
205 199
206 158
207 198
208 200
209 185
210 205
211 186
212 164
213 168
214 210
215 213
216 208
217 202
218 200
219 182
220 215
221 203
222 220
223 174
224 196
225 198
226 205
227 218
228 196
229 225
230 208
231 217
232 209
233 215
234 199
235 202
236 211
237 197
238 223
239 230
240 200
241 208
242 206
243 203
244 208
245 243
246 201
247 217
248 212
249 238
250 246
251 233
252 221
253 250
254 234
255 224
256 244
257 213
258 212
259 217
260 210
261 236
262 216
263 213
264 232
265 229
266 259
267 241
268 250
269 220
270 255
271 267
272 232
273 234
274 253
275 257
276 230
277 263
278 267
279 276
280 247
281 277
282 280
283 274
284 282
285 262
286 283
287 253
288 238
289 259
290 286
291 281
292 287
293 285
294 268
295 290
296 260
297 274
298 254
299 268
300 258
301 285
302 289
303 271
304 274
305 288
306 285
307 259
308 280
309 275
310 307
311 265
312 302
313 276
314 296
315 278
316 285
317 308
318 305
319 314
320 277
321 303
322 315
323 318
324 301
325 286
326 295
327 296
328 300
329 325
330 283
331 329
332 325
333 315
334 315
335 308
336 312
337 291
338 317
339 324
340 326
341 325
342 297
343 329
344 315
345 325
346 300
347 332
348 323
349 309
350 313
351 324
352 312
353 342
354 309
355 350
356 328
357 341
358 335
359 317
360 341
361 349
362 314
363 329
364 351
365 338
366 323
367 355
368 347
369 366
370 354
371 353
372 329
373 362
374 346
375 326
376 339
377 339
378 370
379 344
380 351
381 355
382 348
383 354
384 375
385 339
386 363
387 349
388 382
389 381
390 341
391 353
392 391
393 380
394 372
395 351
396 385
397 395
398 349
399 388
400 389
401 390
402 387
403 354
404 396
405 356
406 393
407 396
408 367
409 374
410 367
411 374
412 371
413 412
414 387
415 370
416 369
417 394
418 375
419 412
420 392
421 404
422 406
423 402
424 411
425 391
426 410
427 387
428 422
429 404
430 392
431 397
432 416
433 429
434 392
435 405
436 409
437 412
438 419
439 438
440 420
441 396
442 432
443 432
444 400
445 424
446 396
447 399
448 420
449 428
450 431
451 430
452 443
453 436
454 447
455 445
456 410
457 443
458 453
459 412
460 439
461 438
462 451
463 455
464 424
465 450
466 443
467 443
468 462
469 464
470 449
471 436
472 449
473 426
474 460
475 458
476 440
477 438
478 452
479 449
480 438
481 480
482 476
483 446
484 447
485 471
486 477
487 476
488 486
489 468
490 462
491 441
492 443
493 473
494 452
495 487
496 492
497 496
498 461
499 464
500 464
