4928 4932
0 312 425 0
0 1607 1607 0
0 665 693 0
0 1350 1432 0
1 3759
1 3145
0 2072 2138 0
0 1279 2788 1
1 4309
0 1100 1136 0
1 1715
0 734 799 0
0 1611 1644 0
0 1655 1667 0
0 289 3920 1
0 698 2460 1
1 4679
0 4764 4889 0
0 1771 3903 1
1 223
0 848 852 0
1 4
0 581 583 0
0 1729 1813 0
0 696 698 0
0 3596 3671 0
0 695 758 1
0 2255 2313 1
0 4192 4252 0
0 3680 3688 0
0 1029 3946 1
0 566 568 0
0 306 3392 1
0 598 602 0
1 699
1 3595
0 458 2894 1
0 2765 2919 0
0 3612 3641 0
0 3395 3407 0
0 2746 2762 0
0 1645 1649 0
0 953 3393 1
0 583 584 0
0 3683 3713 0
0 3235 3315 0
0 1653 1656 0
0 1611 1648 0
0 1605 1605 0
0 2103 2165 0
0 371 448 0
0 604 1211 1
0 566 568 0
0 3235 3344 0
0 159 666 1
0 265 1033 1
1 1812
0 8 188 0
0 488 518 0
0 2951 3047 0
0 4163 4166 0
0 2764 2808 0
1 603
0 604 4270 1
0 3680 3703 0
0 225 268 1
0 61 171 0
0 4598 4642 0
0 2567 2586 0
1 2182
0 594 1605 1
0 2246 2992 1
0 4674 4688 0
0 3987 4390 1
0 3726 3790 0
0 4816 4874 0
1 2642
1 4242
0 4601 4630 0
0 1138 1284 0
0 2465 2540 0
0 2196 2326 1
1 2560
1 2387
0 1557 1595 0
0 403 4340 1
0 4277 4488 1
0 1854 2070 0
0 1944 3833 1
0 816 3068 1
0 2969 3068 0
0 2858 2919 0
1 100
0 3393 3424 1
1 4057
0 1891 2796 1
0 3208 3233 0
0 2764 2841 0
1 2325
0 869 2335 1
0 3245 3285 0
0 568 4264 1
0 583 583 0
0 854 871 0
0 3620 3670 0
1 2683
0 3523 3524 0
1 3737
1 1067
0 861 1100 1
1 1032
1 603
0 281 3920 1
0 4117 4187 1
0 1695 1790 0
0 2764 2892 0
1 3725
1 1875
1 4597
0 582 2458 1
0 3852 3916 0
0 377 486 0
0 452 464 0
0 348 554 1
0 1605 1641 1
0 572 579 0
0 1663 4249 1
0 571 579 0
0 1171 1309 0
0 164 4259 1
0 3889 3916 0
0 4598 4652 0
0 1214 1348 0
1 603
0 1653 1665 0
0 2577 2641 0
0 1107 1223 1
0 1605 1607 0
0 249 2543 1
0 4838 4872 0
0 646 2888 1
1 2560
1 4341
0 1096 1097 0
1 2544
0 1441 3911 1
1 1083
0 3525 3594 0
1 4662
0 2764 2879 0
0 1611 1615 0
0 3901 3916 0
0 1100 1125 0
1 3391
1 1610
0 1680 4408 1
0 1661 1667 0
0 3493 3594 0
0 1646 3129 1
0 1097 3393 1
1 872
1 1668
0 4749 4906 0
0 4615 4680 0
0 1865 3837 1
0 1607 1630 1
1 3140
0 1028 1124 1
0 713 732 0
0 698 698 0
0 4186 4190 0
0 890 1016 0
0 3871 3916 0
0 1755 1817 0
0 835 837 0
0 909 914 0
0 527 529 0
0 3714 3724 0
0 1097 1661 1
1 2341
0 534 3105 1
0 3614 3678 0
0 3012 3029 0
0 1562 1570 0
0 2342 2384 0
1 3595
0 4342 4439 0
0 3392 3393 0
1 1839
0 4151 4169 0
0 3423 3556 0
0 604 604 0
0 1670 1672 0
0 302 326 1
1 239
0 570 571 0
0 2568 2568 0
0 545 576 1
0 498 564 0
0 2529 2549 0
0 1622 1634 0
0 4166 4190 0
0 4263 4282 0
0 3726 3822 0
0 1033 1078 0
0 1419 1603 0
0 1738 1817 0
0 2969 4452 1
0 1975 2036 0
0 2632 2641 0
0 1664 1665 0
0 4157 4166 0
0 1819 2002 0
0 1147 1170 0
0 3393 3544 1
0 4815 4880 0
0 1741 1816 0
0 604 604 0
0 1395 3809 1
0 275 295 1
0 3918 3919 0
1 585
0 693 3631 1
0 3826 3872 0
0 1139 4586 1
1 2057
1 3595
1 3917
0 1019 1022 0
0 567 583 1
0 599 775 1
0 1107 1119 0
0 3848 4241 1
0 3122 3207 1
1 751
0 697 759 1
0 698 698 0
0 4202 4259 0
0 4449 4549 0
0 1667 1961 1
0 4613 4694 0
1 1099
0 783 812 0
1 4217
0 1475 1596 0
0 2643 2699 0
1 3145
1 1668
1 4262
0 309 584 1
0 1663 3614 1
0 2155 2243 0
0 120 245 0
0 2102 2112 0
1 4597
0 1653 1667 0
0 581 581 0
0 1661 1667 0
1 2436
0 247 289 0
0 595 891 1
0 1653 1654 0
0 2121 2267 0
0 1108 4609 1
0 3446 3594 0
0 3757 4297 1
0 3146 3149 0
0 1622 1648 0
0 2653 4023 1
0 576 579 0
0 581 1097 1
1 2911
1 3679
0 581 582 0
0 2590 2625 0
0 1064 1097 1
0 4291 4340 0
0 1033 1083 0
0 597 602 0
1 3825
1 246
0 879 1016 0
0 518 528 0
0 655 693 0
0 4320 4340 0
0 3920 3920 0
0 530 544 0
0 312 456 0
0 3401 3567 0
1 847
0 2383 2559 0
0 960 988 0
0 3914 3916 0
0 2643 2739 0
0 1305 1348 0
1 1386
1 1690
0 4316 4340 0
0 304 309 0
0 1720 1747 0
1 4341
0 1068 1664 1
0 3492 3508 0
0 1717 1999 1
1 1032
0 3170 3216 0
1 1610
0 1662 3718 1
0 1697 2339 1
0 4171 4218 1
1 937
0 2561 2878 1
0 3088 3099 0
0 3209 3334 1
0 3732 3813 0
0 591 2731 1
0 4366 4439 0
1 3306
0 3844 3908 0
0 1675 1688 0
0 1040 1960 1
0 1358 1603 0
0 584 584 0
1 585
0 1653 1661 0
0 2677 4147 1
0 4601 4733 1
0 3371 3384 0
1 3488
0 1033 1041 0
0 4453 4473 0
0 270 288 0
0 1675 1681 0
0 906 1016 0
1 3590
0 2079 2125 0
0 4449 4490 0
0 4424 4578 1
0 2594 2641 0
1 3243
0 4192 4257 0
0 848 864 0
0 3881 3892 0
0 1611 1649 0
0 574 1096 1
0 3070 3133 0
1 2920
0 3656 4349 1
0 577 794 1
0 2936 3066 0
1 3145
0 2342 2386 0
0 3518 3594 0
0 3705 3724 0
0 3366 3390 0
0 1819 1960 0
0 3398 3457 0
0 604 3880 1
0 597 604 1
1 4511
0 4342 4384 0
0 3600 3670 0
0 2279 2288 0
0 2370 3393 1
0 1681 1732 1
0 1691 1712 0
0 3082 3711 1
0 3843 3864 0
1 2464
1 3275
0 488 531 0
0 4506 4596 0
0 1061 1073 0
0 1101 1125 0
0 1669 1672 0
0 1662 1667 0
0 4265 4287 0
0 401 418 0
0 1595 4516 1
1 2976
0 1097 3704 1
1 4928
0 707 833 0
0 696 697 0
0 1024 3724 1
0 821 3251 1
1 2646
0 3742 3758 0
0 231 243 0
1 382
0 584 1677 1
0 1098 3703 1
0 1669 1671 0
0 604 604 0
0 873 915 0
0 3392 3464 1
0 3613 3711 1
1 3145
0 1653 1656 0
0 1709 1913 1
0 944 1016 0
0 1516 3918 1
0 2280 2340 0
1 2071
1 2071
0 3235 3303 0
0 598 602 0
0 1637 1651 0
1 4129
0 3596 3628 0
0 1075 3346 1
1 1349
0 3746 3747 0
0 1339 3697 1
0 3079 3116 0
0 3392 3392 0
0 360 1069 1
0 4166 4173 0
0 3826 3847 0
0 934 1023 1
0 3024 3046 0
0 3152 3163 0
0 604 1658 1
0 3393 4706 1
1 872
0 302 452 1
0 864 3849 1
0 3621 4362 1
0 1051 1094 0
0 450 479 0
1 565
1 4597
0 297 310 0
0 864 867 0
0 3726 3764 0
0 4529 4596 0
0 3856 3909 0
0 4335 4340 0
0 1097 1242 1
0 4563 4611 1
0 264 574 1
1 1273
1 4229
0 1658 1667 0
1 1652
0 512 696 1
0 3454 3588 0
0 1691 1736 0
0 3684 3688 0
0 2795 2868 0
0 1618 1626 0
0 571 3648 1
0 2276 2308 0
0 2655 3270 1
0 713 761 0
0 3395 3494 0
1 4497
0 4168 4182 0
0 3919 3920 0
0 2566 2600 0
0 4598 4676 0
1 3590
0 519 574 1
1 4823
0 4095 4099 0
0 4355 4443 0
0 850 2698 1
1 487
0 467 1689 1
0 700 728 0
0 3014 3712 1
1 1513
0 3965 3997 0
0 695 695 0
0 4392 4398 0
0 1655 1658 0
1 487
0 589 3162 1
1 565
0 2732 2760 0
0 1760 4050 1
0 1655 1659 0
0 746 787 0
0 3146 3231 0
0 312 361 0
1 3104
0 1684 1689 0
0 1186 1194 0
0 3693 3720 0
0 172 281 1
1 1032
0 4502 4504 0
0 3392 3393 0
0 4166 4190 0
0 1033 1087 0
0 4347 4521 1
0 3153 3214 0
1 4024
0 1702 1810 0
0 858 867 0
0 794 846 0
0 3392 3393 0
0 657 2728 1
0 1 72 0
0 1664 3485 1
0 4608 4636 0
0 1035 1049 0
0 530 582 1
0 2845 3597 1
0 4406 4426 0
0 4161 4165 0
0 4121 4142 0
0 3393 3511 1
0 2571 2641 0
1 4341
0 291 308 0
0 3720 3918 1
0 763 967 1
1 2602
0 4490 4492 0
0 584 2619 1
0 1680 4226 1
0 1676 3811 1
0 4335 4345 1
0 2199 2267 0
0 1654 1655 0
0 2643 2698 0
0 1486 1492 0
0 1666 3194 1
1 2920
0 3392 3393 0
1 2763
1 3556
1 603
0 586 595 0
0 696 3126 1
0 3053 3116 1
0 1745 1757 0
0 1605 1606 0
1 4597
0 419 443 0
0 1350 1381 0
1 1439
0 2765 3689 1
1 2306
1 3725
0 4226 4261 0
0 4449 4562 0
0 3729 3824 0
0 850 1667 1
0 3596 3599 0
0 2131 2190 0
0 178 269 1
0 858 858 0
0 1120 1124 0
1 4265
1 3913
0 582 583 0
0 3070 3079 0
1 2071
0 3894 3916 0
0 1782 1808 0
0 4450 4690 1
0 604 3669 1
0 1654 1659 0
1 2763
0 1096 3358 1
0 342 548 1
1 1610
0 4275 4289 0
0 3395 3437 0
0 3704 3705 0
0 298 602 1
0 1819 1928 0
0 1669 1687 0
0 848 859 0
0 1638 1641 0
0 582 583 0
1 3145
0 1608 1629 1
0 1096 1098 0
0 2591 2641 0
0 1421 1518 0
0 604 604 0
0 2865 2906 0
1 787
0 4428 4447 0
1 3595
0 3035 3068 0
0 570 577 0
0 581 584 0
0 1856 2070 0
0 1303 2617 1
0 252 2436 1
0 3009 3068 0
0 89 143 0
1 3394
0 1681 1809 1
0 3162 3233 0
0 3485 3669 1
0 292 299 0
1 2726
0 524 571 1
1 2071
0 2927 3011 0
0 4263 4300 0
0 695 3877 1
0 586 589 0
0 4230 4234 0
0 4222 4227 0
0 578 579 0
0 907 3289 1
0 3602 3678 0
0 293 310 0
0 1096 3912 1
0 4530 4547 0
0 1607 1625 1
0 1098 4759 1
0 2563 2625 0
0 852 853 0
1 1223
0 604 604 0
0 296 310 0
1 1652
1 985
0 604 604 0
0 293 294 0
0 3892 3916 0
1 1099
0 974 1016 0
0 3711 3716 0
0 3070 3142 0
0 604 604 0
0 695 695 0
1 3394
0 4449 4588 0
0 257 4142 1
1 3608
0 303 3905 1
0 718 721 0
0 1096 1096 0
1 1610
0 539 564 0
0 1107 3393 1
0 602 604 1
0 2685 2762 0
0 1003 2764 1
0 2764 2807 0
0 1158 3113 1
0 3920 3920 0
0 3375 3390 0
0 2561 2641 0
0 4263 4303 0
1 4143
1 1017
0 848 851 0
1 2359
0 1819 1949 0
1 3921
0 4263 4303 0
1 3917
0 602 695 1
0 1112 1131 0
0 2764 2888 0
0 2567 2630 0
0 3888 3918 1
0 556 556 0
0 1607 2415 1
0 590 593 0
0 337 486 0
0 588 604 1
0 3070 3128 0
0 3051 3055 0
1 706
0 581 582 0
0 4144 4189 0
0 4749 4809 0
0 2591 2610 0
0 533 3392 1
0 1608 2139 1
0 1543 1988 1
1 3391
0 2581 3392 1
0 379 3639 1
0 1605 1609 0
0 385 3393 1
0 324 421 0
0 621 684 0
0 424 473 0
0 291 307 0
0 595 601 0
1 1418
0 1691 1703 0
0 2226 4070 1
0 247 260 0
1 671
0 1526 1603 0
0 572 577 0
0 886 999 0
0 1096 1098 0
1 2588
0 272 2118 1
0 2456 3393 1
0 586 594 0
0 1138 1273 0
1 3702
1 207
0 2015 2117 1
0 1097 1097 0
0 4192 4235 0
0 256 298 1
1 3390
0 1085 1089 0
0 4598 4615 0
0 4250 4261 0
0 3509 3594 0
0 1033 1074 0
0 917 950 0
0 2595 2629 0
0 584 586 1
0 263 264 0
0 695 2682 1
0 3091 3231 1
0 2157 2618 1
1 872
0 2764 2889 0
0 2564 4809 1
0 697 790 1
0 3219 3233 0
0 2713 4166 1
0 604 604 0
0 1037 1094 0
0 488 524 0
0 1350 1555 0
0 794 812 0
0 641 693 0
0 873 928 0
0 3596 3606 0
1 1653
0 496 505 0
0 1100 1135 0
0 3922 4023 0
0 291 299 0
0 1482 1495 0
0 695 696 0
1 2549
0 851 3393 1
0 3386 3390 0
1 2763
0 4352 4389 0
0 251 251 0
0 1021 1031 0
1 4912
0 4511 4596 0
0 1118 1136 0
0 589 604 1
0 3392 3507 1
0 959 4054 1
0 2578 2584 0
1 1475
1 2886
0 413 2861 1
1 585
0 1560 3918 1
1 217
0 1874 1903 0
0 1695 1750 0
0 1364 1574 0
0 4350 4447 0
0 297 2583 1
0 2269 2326 0
0 2315 2340 0
0 4192 4228 0
0 586 586 0
1 1825
0 604 604 0
0 573 578 0
0 1674 1676 0
0 4170 4185 0
0 1350 1578 0
0 3834 3863 0
0 4158 4190 0
0 581 584 0
1 603
0 1356 1603 0
0 604 2274 1
0 764 1343 1
0 1135 2624 1
0 1141 1165 0
0 291 294 0
0 715 846 0
0 502 564 0
0 3826 3910 0
0 1020 1659 1
0 2833 3029 1
0 1959 2065 0
0 2289 2444 1
1 2920
0 3235 3271 0
0 1606 1607 0
0 1146 1385 1
0 2350 2394 0
1 2321
0 2390 2426 0
0 1 8 0
0 604 604 0
0 696 697 0
0 2023 2070 0
0 1606 1609 0
0 669 698 1
1 1810
0 2713 2732 0
1 3125
1 3921
0 4475 4596 0
0 617 648 0
0 4293 4340 0
0 1018 1031 0
0 1606 3894 1
0 604 604 0
0 614 640 0
0 597 600 0
0 3809 3906 1
0 4356 4421 0
1 3145
0 1097 1098 0
0 1724 1791 0
0 664 3077 1
0 1607 2439 1
0 1609 1638 1
0 695 697 0
0 300 302 0
0 1605 3920 1
0 4272 4321 0
1 246
0 3919 3919 0
0 591 593 0
0 863 867 0
0 664 4693 1
0 2269 2313 0
0 696 758 1
0 509 564 0
0 3070 3110 0
0 574 3033 1
0 4598 4691 0
0 2848 2919 0
1 3595
0 4364 4447 0
0 3325 3390 0
0 3235 3307 0
0 273 3173 1
0 1044 2697 1
0 1163 1340 0
0 1672 2666 1
0 2589 2641 0
1 2346
0 2585 2587 0
0 1798 1817 0
0 2626 4326 1
0 3227 3717 1
0 711 819 0
1 931
0 1034 3743 1
0 849 852 0
0 4197 4222 0
0 1097 1947 1
0 3102 3133 0
0 3856 3970 1
0 1605 1606 0
0 1503 3166 1
1 3898
0 919 973 0
0 2172 2267 0
1 2763
0 258 292 1
0 1669 1676 0
0 3815 3824 0
0 541 545 0
1 2071
0 3313 3313 0
1 1818
0 668 693 0
0 3832 3918 1
0 1383 1593 0
0 4342 4436 0
1 1690
1 277
1 2683
0 1902 1976 0
0 4004 4232 1
0 2921 2963 0
0 2705 2873 1
0 604 604 0
0 866 1107 1
0 3826 3918 1
0 3625 3721 1
1 4143
0 4471 4596 0
0 698 861 1
0 2298 2308 0
0 3247 3361 0
0 1113 3207 1
0 1350 1413 0
0 581 1098 1
1 1604
0 879 1016 0
1 1818
0 1024 3393 1
0 1100 1135 0
1 3481
1 1779
0 1097 2115 1
0 4287 4340 0
0 1685 3873 1
0 2632 2633 0
0 269 286 0
0 2748 4240 1
0 1670 1672 0
1 4597
0 2671 2747 0
0 247 259 0
0 1605 1608 0
0 1104 1129 0
0 306 310 0
0 2016 3695 1
0 4308 4373 1
0 800 810 0
0 4449 4596 0
0 953 977 0
0 3393 3393 0
0 490 574 1
0 587 3078 1
0 463 486 0
0 1686 3053 1
0 3654 3668 0
0 3680 3682 0
0 3468 3797 1
0 3675 3678 0
0 1018 1031 0
0 1605 1606 0
0 3606 3632 0
0 574 3190 1
0 1098 2193 1
0 2476 2556 0
1 2450
1 3876
0 3074 3144 0
0 763 3920 1
0 1764 2934 1
0 1817 3919 1
0 1167 1340 0
0 1660 1661 0
0 2670 2705 0
1 4272
0 695 697 0
0 1086 1094 0
0 3248 3284 0
0 604 604 0
0 1605 1606 0
1 1032
0 1031 2434 1
0 3565 3594 0
1 603
0 1617 3814 1
0 3089 3143 0
0 1128 2858 1
1 1475
1 3921
0 3826 3882 0
1 4597
0 3235 3342 0
0 501 553 0
0 2767 2881 0
0 2078 2111 0
0 1620 1629 0
0 3095 3133 0
1 2579
0 2331 2334 0
1 3679
1 2763
1 3794
0 3700 3720 0
0 1097 1100 1
0 247 723 1
0 3681 3724 0
0 582 4693 1
0 1356 1581 0
0 604 604 0
0 3060 4431 1
0 1018 1022 0
0 1097 1555 1
0 588 1634 1
0 3680 3684 0
0 3918 3919 0
0 362 528 1
0 266 307 1
0 308 357 1
0 850 980 1
0 3919 4128 1
0 2782 2913 0
0 276 3741 1
0 583 2068 1
0 3848 3883 0
0 3124 3144 0
0 1939 2058 0
0 1611 1635 0
0 3875 3891 0
0 2561 2632 0
0 607 696 1
0 1988 2070 0
0 3657 3678 0
0 3706 3707 0
0 4192 4224 0
1 1671
0 3922 3976 0
0 3648 3678 0
0 4447 4447 0
0 1283 3199 1
0 3392 3393 0
0 1661 1667 0
0 2769 2919 0
0 620 693 0
0 3739 3815 0
0 852 4680 1
0 2342 2523 0
0 4323 4335 0
1 4731
0 2931 2990 0
0 1098 1098 0
0 3726 3846 1
0 1653 1655 0
0 520 535 0
0 597 604 1
0 3172 3214 0
0 3392 3393 0
0 3267 3282 0
0 850 870 0
0 577 3103 1
0 4520 4542 0
0 878 982 0
0 1018 1022 0
0 864 867 0
0 4357 4382 0
0 1356 2350 1
0 770 801 0
0 3826 3913 0
0 296 307 0
0 4171 4181 0
0 706 846 0
0 696 2430 1
0 871 2274 1
0 848 861 0
0 10 245 0
0 876 947 0
0 3070 3088 0
0 1656 1662 0
0 1014 1016 0
1 3547
0 1029 2913 1
0 1642 1663 1
0 3138 3144 0
0 293 295 0
0 1350 1491 0
0 1677 2426 1
0 3128 3144 0
0 604 604 0
0 526 545 0
0 604 623 1
0 1763 4149 1
0 4696 4786 0
0 2211 3909 1
1 3145
0 1111 1136 0
0 794 1499 1
1 2664
0 368 460 0
0 695 3355 1
0 262 289 0
0 618 2846 1
0 4449 4491 0
0 1018 1030 0
0 3072 3141 0
0 3395 3418 0
0 2643 2849 1
0 3392 3393 0
0 4244 4261 0
0 3684 3721 0
0 4510 4598 1
0 1040 1043 0
0 559 562 0
0 896 934 0
0 1018 1031 0
0 353 1682 1
0 4187 4188 0
0 3392 3847 1
0 696 698 0
0 1258 2082 1
0 575 576 0
0 2587 4909 1
0 969 1016 0
0 2569 3535 1
0 566 577 0
1 1671
1 3069
1 719
0 3146 3148 0
0 3345 3427 1
0 1688 1782 1
1 3769
1 3145
0 816 871 1
0 4607 4646 0
0 1691 1714 0
0 4912 4928 0
0 3146 3213 0
0 341 400 0
0 1870 3366 1
0 3392 3392 0
0 488 540 0
0 160 2641 1
1 605
0 4684 4691 0
0 3729 3801 0
0 3723 4000 1
1 3917
1 2499
0 1831 1999 0
0 2643 2707 0
0 4579 4596 0
0 418 1599 1
0 2455 3759 1
1 580
0 1609 3208 1
0 3217 3233 0
0 618 660 0
0 2936 3046 0
0 604 604 0
0 1628 1651 0
0 1100 1128 0
0 528 2319 1
0 1038 1090 0
0 613 635 0
0 2010 2663 1
0 357 484 0
1 767
0 868 871 0
0 873 949 0
1 213
0 2561 2588 0
0 1703 1735 0
0 2094 2116 0
0 731 3155 1
0 3918 3920 0
1 1017
0 2165 2267 0
1 1652
0 1100 1123 0
0 2432 2559 0
1 3721
0 1070 1094 0
0 604 604 0
0 3971 4020 0
0 2648 3122 1
1 2238
0 419 1608 1
1 3426
0 296 297 0
0 2820 2878 0
0 4557 4573 0
0 247 286 0
0 3771 3824 0
0 1310 1346 0
0 3057 4796 1
1 4027
0 1669 1678 0
0 3918 3920 0
0 918 1023 1
0 1605 1605 0
0 3596 3650 0
0 695 819 1
0 1614 1641 0
0 509 2408 1
0 571 579 0
0 3918 3920 0
1 872
0 566 566 0
0 3801 3824 0
0 1360 1532 0
0 4696 4707 0
0 4304 4409 1
0 848 856 0
1 179
0 3766 3770 0
0 4630 4648 0
0 2663 3954 1
0 1606 1606 0
0 1699 1721 0
0 1915 2070 0
0 3392 3393 0
1 3415
0 4287 4299 0
0 291 298 0
1 1156
0 282 293 1
0 2937 3056 0
1 1419
0 491 564 0
0 291 2272 1
0 2613 2628 0
1 2593
1 290
0 1184 2653 1
0 542 568 1
0 567 574 0
0 4202 4228 0
0 3235 3326 0
0 1068 4146 1
0 2490 2559 0
0 4357 4369 0
0 3393 4856 1
1 593
0 3070 3111 0
0 1623 1641 0
1 3825
0 4292 4296 0
0 1098 1860 1
0 3144 4172 1
1 3595
0 3826 3871 0
0 4205 4216 0
0 80 128 0
0 3631 3704 1
0 1023 1304 1
0 4387 4400 0
1 2082
0 3596 3654 0
0 1656 1665 0
0 857 857 0
0 291 292 0
0 695 697 0
0 1870 2137 1
0 700 773 0
0 3417 3594 0
0 2702 2762 0
1 290
1 1423
0 4004 4142 0
0 2739 3393 1
0 2651 2708 0
1 1095
0 1186 1625 1
0 583 3506 1
0 695 697 0
0 1096 1096 0
0 1639 1654 1
0 4801 4861 0
0 1064 1670 1
0 248 288 0
0 1100 1120 0
1 1594
1 2391
0 2796 3919 1
0 257 310 1
1 3917
0 257 1663 1
0 3596 3665 0
0 852 856 0
0 1018 1023 0
1 134
0 604 691 1
0 2417 2425 0
0 1021 1089 1
0 880 896 0
0 3826 3916 0
0 2562 2639 0
1 872
0 2680 2741 0
0 4350 4376 0
0 4696 4745 0
0 678 697 1
0 1646 1651 0
0 4653 4670 0
0 777 859 1
0 583 584 0
1 872
0 2150 2267 0
1 2493
0 1605 1606 0
0 2577 2641 0
0 2796 3091 1
0 1670 4612 1
0 1907 1969 0
0 4622 4629 0
0 581 594 1
0 3596 3647 0
0 697 982 1
0 1159 1163 0
0 360 2932 1
0 579 579 0
0 4232 4261 0
0 1629 1661 1
0 3949 4071 0
0 2699 3096 1
0 1638 1651 0
1 2268
1 487
0 2643 2710 0
0 700 837 0
0 3152 3255 1
0 909 3799 1
0 3070 3114 0
0 1036 1067 0
0 1669 1678 0
0 4156 4169 0
0 285 2922 1
0 1018 1027 0
1 3463
0 1193 1450 1
0 1042 1606 1
0 566 566 0
1 3145
0 303 581 1
0 2995 3063 0
0 696 1121 1
0 2667 2762 0
0 2660 2861 1
0 2935 2973 0
0 1606 1609 0
1 1078
0 1691 1746 0
0 1135 1662 1
0 4238 4252 0
0 583 584 0
0 3726 3727 0
0 1740 1743 0
0 1679 1689 0
0 725 869 1
0 1117 1136 0
0 3395 3398 0
0 404 983 1
0 1030 1667 1
0 4226 4233 0
0 488 507 0
1 1061
0 854 855 0
0 3471 3594 0
0 3710 3718 0
1 2341
0 3239 3291 0
0 3135 3136 0
0 308 1677 1
0 4342 4399 0
0 2415 2499 0
0 773 846 0
0 3393 3403 1
0 1022 1031 0
1 1818
0 1033 1060 0
0 2764 2842 0
1 1854
1 4597
0 101 1124 1
1 580
1 4102
0 4543 4596 0
0 1611 1613 0
0 3392 3713 1
0 2571 2637 0
1 3069
1 4262
0 1096 1097 0
0 4449 4552 0
0 4192 4206 0
0 2737 2762 0
0 578 579 0
0 3920 4251 1
0 4110 4178 1
0 1605 1605 0
0 1150 1348 0
0 1609 1622 1
0 312 467 0
1 4448
0 2946 2962 0
0 3616 3660 0
0 1951 2251 1
0 1630 1654 1
1 3844
0 823 1609 1
0 2663 2747 0
0 1665 1689 1
1 3531
0 4527 4596 0
0 856 4239 1
0 1606 1606 0
0 833 2294 1
0 307 310 0
0 3004 3078 1
0 4671 4672 0
1 4695
0 1321 1335 0
0 14 4836 1
0 4696 4800 0
0 698 4393 1
0 4144 4187 0
0 1797 1805 0
1 2328
1 3569
0 1136 1136 0
0 978 4894 1
0 1653 1658 0
0 1350 1453 0
0 3393 3393 0
0 2308 3918 1
0 3110 3184 1
0 4263 4267 0
0 2939 3068 0
1 4848
0 4179 4190 0
0 4147 4165 0
0 4206 4206 0
1 3595
0 2269 2270 0
0 2269 2289 0
0 753 1258 1
0 1947 2020 0
0 581 582 0
0 3644 3670 0
0 1733 1787 0
0 4314 4340 0
0 3920 3920 0
0 2790 2859 0
0 3392 3393 0
0 32 249 1
0 1100 1103 0
1 2642
0 199 267 1
0 3393 3393 0
0 3636 3692 1
0 2632 2641 0
0 1097 1097 0
0 1211 1348 0
0 604 604 0
0 247 255 0
0 332 486 0
0 1096 1097 0
0 4118 4125 0
1 3825
0 1658 1664 0
1 1604
0 1 145 0
1 847
1 1137
0 2121 2292 1
0 286 307 1
0 582 584 0
0 3166 3309 1
0 686 693 0
0 271 277 0
0 488 493 0
0 4219 4261 0
0 209 272 1
0 1138 1336 0
0 1655 1665 0
1 4244
0 1819 1916 0
0 1241 1336 0
0 1679 1689 0
1 2108
1 4829
1 3391
0 1802 1921 1
0 4322 4340 0
0 592 604 1
0 901 974 0
0 3884 3889 0
0 3647 3670 0
0 4705 4707 0
1 1017
0 4447 4557 1
1 1818
1 4381
1 4448
0 588 596 0
1 1079
0 1350 1580 0
0 1430 1457 0
0 1020 1026 0
0 2970 3068 0
0 568 572 0
0 1132 1136 0
0 307 1608 1
1 4507
0 1630 1646 0
0 357 3136 1
0 1027 2056 1
0 566 578 0
1 603
0 1100 1115 0
0 4169 4190 0
0 2732 2918 1
0 3146 3163 0
0 1606 4615 1
0 2308 3756 1
0 3570 4146 1
0 1654 1666 0
0 4282 4385 1
0 488 561 0
0 4614 4680 0
0 3712 3724 0
0 695 698 0
0 1138 1334 0
0 584 3130 1
0 1669 1684 0
0 3257 3390 0
0 2672 3198 1
0 3721 3724 0
0 1732 1880 1
0 1152 1348 0
1 836
1 2920
0 942 957 0
0 855 871 0
0 119 860 1
1 2870
0 1021 1031 0
0 1661 1667 0
0 291 301 0
0 1635 1647 0
0 3906 3916 0
0 698 1609 1
0 4105 4142 0
0 2095 2269 1
0 856 1863 1
0 891 4484 1
0 4622 4626 0
1 1604
0 306 3835 1
0 3392 3392 0
0 1022 2758 1
0 297 310 0
0 3583 3594 0
0 859 4800 1
0 1661 1667 0
1 1818
0 583 584 0
0 294 296 0
0 4192 4207 0
1 1099
1 209
1 4505
0 78 3698 1
0 299 3258 1
0 2072 2216 0
0 1098 1978 1
1 2268
0 1833 1863 0
0 1018 1021 0
0 1628 1651 0
0 2353 2475 0
0 2367 2452 0
0 3766 3812 0
1 565
0 3235 3362 0
0 2764 2906 0
0 1096 2774 1
1 751
0 520 531 0
1 3560
0 1521 4026 1
0 671 3392 1
0 2643 2654 0
0 3109 3127 0
0 4194 4240 0
0 4342 4397 0
0 4206 4700 1
0 2602 4247 1
1 3376
1 553
1 2642
0 1708 4680 1
1 4792
0 1191 1342 0
0 1630 1649 0
0 1674 1689 0
0 4696 4821 0
0 4691 4692 0
0 3922 4095 0
0 700 846 0
0 3147 3181 0
0 988 998 0
0 1025 1855 1
0 3869 4553 1
0 4788 4889 0
0 1098 4322 1
0 4233 4263 1
0 3395 3526 0
0 1691 1773 0
1 3394
0 322 869 1
1 3935
0 1023 1681 1
0 300 852 1
1 4262
0 604 671 1
0 1664 1669 1
0 1023 3976 1
0 3684 3723 0
1 1032
0 4347 4381 0
0 1227 2666 1
0 3858 3916 0
0 488 488 0
1 275
0 193 4076 1
1 2560
1 3145
0 3102 3144 0
0 4451 4547 0
0 2802 2896 0
0 1925 2029 0
1 2498
0 1117 2718 1
0 625 693 0
0 604 604 0
1 2268
0 3826 3867 0
0 4318 4323 0
0 1110 1136 0
0 294 310 0
1 4143
0 225 1097 1
0 1669 1682 0
0 1 96 0
0 795 846 0
0 93 3654 1
0 3920 3920 0
0 488 501 0
0 1670 3596 1
1 811
0 249 1021 1
0 592 3786 1
0 1606 1606 0
0 265 289 0
0 3859 3916 0
0 581 583 0
1 3431
0 2684 2762 0
0 4287 4298 0
1 2038
0 1653 1655 0
0 1120 1127 0
0 1125 1136 0
0 575 4480 1
0 1658 1667 0
0 2290 2333 0
0 312 398 0
0 3596 3630 0
0 584 1026 1
0 4623 4624 0
1 311
0 1108 1117 0
0 3922 4042 0
0 1745 1748 0
0 3941 4141 0
0 879 1019 1
0 4187 4190 0
0 659 698 1
0 1049 1613 1
0 932 1016 0
0 2643 2712 0
0 2764 2873 0
0 3631 4518 1
0 2690 2711 0
0 3070 3123 0
0 1096 1096 0
0 2943 3068 0
0 2921 3044 0
0 3392 3392 0
0 596 602 0
0 1607 2220 1
0 571 574 0
0 541 564 0
0 4610 4659 0
0 3146 3230 0
0 3894 3916 0
0 582 583 0
0 2976 4074 1
0 604 604 0
0 1223 1287 0
0 1098 2295 1
0 1054 1079 0
0 4617 4628 0
1 2341
0 4144 4168 0
0 3918 3919 0
0 1350 1546 0
0 1641 3920 1
1 1604
0 1471 1521 0
0 3918 3919 0
0 3146 3192 0
0 4534 4595 0
0 1667 1667 0
0 2562 2592 0
0 4578 4596 0
1 1658
0 1611 1611 0
1 246
0 3875 3909 0
0 768 829 0
0 1278 4665 1
0 1 74 0
0 271 289 0
0 3873 3919 1
0 3680 3720 0
1 4821
0 3395 3503 0
0 3690 3804 1
0 3501 3592 0
0 1232 4752 1
0 1019 1043 1
0 3607 3618 0
0 3717 3718 0
0 1642 1651 0
0 2926 3918 1
0 4202 4242 0
1 1176
1 3725
0 1054 1096 1
0 4151 4181 0
1 2763
1 605
0 537 564 0
0 1605 1608 0
1 1742
0 1133 1136 0
0 1691 1789 0
0 3293 3390 0
1 3020
0 993 995 0
0 4377 4447 0
0 2320 2330 0
0 4256 4261 0
0 1608 1609 0
0 633 675 0
0 817 1611 1
1 699
0 3805 3853 1
0 3848 3907 0
0 4777 4865 0
0 507 541 0
0 2970 2991 0
0 3489 3594 0
1 847
1 4143
0 3813 3824 0
0 1138 1338 0
0 3713 3724 0
0 2216 3409 1
0 1813 2297 1
1 3664
0 3366 3376 0
0 3907 3919 1
0 2253 2259 0
1 580
0 1018 1028 0
0 3772 3799 0
0 1096 1096 0
0 4657 4668 0
0 2278 2286 0
0 1799 1817 0
0 848 858 0
0 1611 1625 0
0 4370 4381 0
0 2269 2288 0
0 303 307 0
0 1180 1284 0
0 3624 3678 0
0 385 430 0
0 2693 2732 0
0 4313 4337 0
0 3429 3512 0
1 3725
0 3633 3691 1
0 2789 4277 1
0 3830 3916 0
0 604 4248 1
0 2859 3396 1
0 1018 1022 0
1 3682
0 3149 3229 0
0 3596 3675 0
0 1631 1651 0
0 791 1390 1
0 606 3741 1
1 2071
1 3595
0 3393 3393 0
0 4287 4441 1
0 4353 4378 0
0 2614 2634 0
0 695 698 0
0 3918 3919 0
0 252 303 1
0 3828 4425 1
0 2643 2712 0
1 1349
1 1918
0 3393 3393 0
0 2710 2762 0
1 694
0 4330 4340 0
0 98 1548 1
0 697 697 0
0 3070 3083 0
0 1670 1683 0
0 1606 1607 0
0 3712 3720 0
0 2712 3920 1
0 1619 1628 0
0 3621 3674 0
1 2341
1 4262
0 1102 1120 0
0 566 4694 1
0 2764 2828 0
1 2927
0 3770 3824 0
0 3684 3724 0
0 3393 3525 1
0 3705 3721 0
0 2660 2796 1
0 581 584 0
1 311
0 1605 1605 0
0 696 697 0
0 3392 3393 0
1 915
0 578 4537 1
0 645 693 0
0 698 698 0
0 1064 1070 0
0 3287 3291 0
0 3685 3724 0
0 657 664 0
1 3474
1 1364
0 582 583 0
0 2775 2977 1
1 3921
1 2268
1 534
0 695 698 0
0 3388 3390 0
0 2679 2873 1
1 3145
0 1025 1030 0
0 2643 2665 0
0 4101 4249 1
1 1176
1 1167
0 1556 3857 1
0 293 315 1
1 4619
0 581 581 0
0 1611 1642 0
0 2340 3867 1
0 570 4155 1
0 3070 3075 0
1 2795
0 4449 4500 0
0 939 1097 1
0 1044 1671 1
0 297 310 0
1 4772
0 1616 2634 1
0 698 698 0
1 3917
0 2698 2757 0
0 712 3283 1
1 1878
0 583 584 0
0 4169 4190 0
0 4671 4692 0
0 3235 3295 0
0 313 698 1
1 3145
0 488 542 0
0 317 1741 1
0 1686 3935 1
1 4695
0 2432 2559 0
0 2076 2290 1
0 3826 3894 0
0 3606 4158 1
0 323 378 0
0 4342 4349 0
0 4188 4190 0
1 1137
1 4813
1 1652
1 699
0 1822 1823 0
1 2683
0 4518 4558 0
0 4391 4426 0
0 866 871 0
0 3947 4095 0
0 3146 3195 0
1 847
0 309 604 1
0 1029 1669 1
0 2269 2313 0
1 4448
0 848 4016 1
0 3099 3144 0
0 294 302 0
0 3918 3919 0
0 1761 3599 1
0 582 584 0
0 2610 2943 1
0 4649 4694 0
0 2676 2904 1
0 2570 2602 0
1 4669
0 608 668 0
0 1020 1034 1
0 3420 3512 0
0 3810 3897 1
0 215 245 0
0 860 939 1
0 1170 1217 0
0 1097 3643 1
0 4518 4583 0
1 2716
0 1686 1689 0
0 3051 3068 0
0 1607 1609 0
0 489 4453 1
0 700 739 0
0 2649 2762 0
0 1 239 0
0 4350 4447 0
0 3099 3123 0
0 2655 2762 0
0 2650 2686 0
0 576 578 0
0 3487 3512 0
0 272 990 1
0 4635 4859 1
0 1694 1732 0
0 2231 2242 0
0 558 564 0
0 4534 4679 1
0 807 1030 1
1 3825
1 1939
0 895 899 0
1 603
0 1091 2286 1
0 2269 2307 0
0 1132 1136 0
1 385
1 699
0 3700 3724 0
1 514
0 936 1003 0
0 3834 4153 1
0 250 1094 1
0 1658 1664 0
0 346 4238 1
0 1524 2279 1
0 1112 1136 0
0 695 2950 1
0 2965 2991 0
0 3406 3580 0
0 4282 4338 0
0 2832 2919 0
0 1033 1049 0
0 604 604 0
0 653 677 0
0 312 314 0
0 3680 3686 0
0 1136 1136 0
0 2948 3068 0
1 2357
0 4050 4149 1
1 872
0 2295 3919 1
0 3680 3683 0
0 1100 1133 0
0 615 655 0
1 3234
1 1493
0 604 648 1
0 1669 1689 0
1 1311
0 604 2499 1
1 3725
1 605
0 4836 4928 0
1 2560
1 1610
0 4093 4134 0
0 3920 3920 0
0 1661 1666 0
0 1606 3627 1
0 506 521 0
0 1254 3920 1
0 2626 2640 0
1 1426
1 4151
1 1604
1 2469
0 3826 3911 0
0 2876 2919 0
0 63 217 0
0 740 2965 1
0 697 3209 1
1 4695
0 1608 1608 0
1 1068
0 1401 4691 1
0 166 224 0
0 863 963 1
1 3
0 1685 3009 1
1 3394
1 3921
0 582 3735 1
1 2612
0 1953 3821 1
0 1100 1135 0
1 1095
0 604 604 0
0 3918 3920 0
0 517 564 0
1 3825
0 1606 1689 1
0 566 1616 1
0 4449 4460 0
0 4928 4928 0
0 233 245 0
0 574 579 0
0 3556 3592 0
1 4826
0 1653 1656 0
0 1222 4643 1
0 2387 2510 0
0 4696 4724 0
1 301
0 931 4152 1
0 2901 2907 0
0 1864 1878 0
0 3826 3904 0
0 1665 3608 1
0 869 871 0
0 3847 3856 0
0 1607 1609 0
0 4738 4795 0
0 602 698 1
0 615 693 0
0 1119 1136 0
0 300 309 0
1 3392
0 1039 1059 0
0 1606 3974 1
0 3070 3097 0
0 1613 1646 0
0 3680 3711 0
1 4221
0 3918 4032 1
0 2703 2762 0
1 3703
0 4179 4226 1
0 1096 1096 0
0 4479 4592 0
0 604 4206 1
0 3137 4176 1
1 699
0 4144 4166 0
0 2208 2267 0
0 1124 1204 1
0 3235 3250 0
0 3392 3393 0
0 697 1079 1
1 2930
0 600 600 0
0 268 4340 1
0 2982 3068 0
0 604 604 0
0 864 871 0
0 4344 4382 0
0 4049 4165 1
0 2451 2512 0
0 1625 1665 1
1 699
0 4500 4596 0
0 3918 3920 0
0 595 597 0
0 1030 1079 1
1 4695
0 1769 1817 0
0 575 579 0
0 3093 3177 1
0 291 297 0
1 819
0 4610 4881 1
0 3918 3920 0
0 1030 1031 0
1 2581
0 4372 4753 1
0 604 3920 1
0 2911 3010 1
0 1653 1663 0
1 565
0 3919 3920 0
0 2561 2597 0
0 1030 2624 1
0 586 589 0
0 134 245 0
0 3392 3392 0
1 2071
0 1686 1745 1
0 3077 4764 1
1 580
0 2309 3625 1
0 3634 3678 0
0 260 2283 1
0 4337 4340 0
0 539 539 0
1 1095
0 2733 2870 1
0 889 952 0
0 3653 3677 0
0 296 310 0
0 4409 4432 0
0 4152 4163 0
1 1349
0 2561 2589 0
0 4148 4172 0
0 2656 2807 1
1 1690
0 1840 2070 0
0 1058 1089 0
0 3096 3132 0
0 696 2997 1
0 2122 3282 1
0 4696 4844 0
0 3753 3810 0
0 337 1112 1
0 1673 1689 0
0 541 564 0
0 4615 4683 0
0 2217 3578 1
0 1096 1098 0
0 4598 4611 0
0 604 604 0
0 2348 2504 0
0 1674 2045 1
0 1607 1608 0
0 2726 2728 0
0 1112 1126 0
0 3136 3493 1
0 1096 1132 1
1 757
0 594 4251 1
0 3800 3824 0
0 3152 3233 0
0 4499 4596 0
0 904 3688 1
0 3730 3796 0
0 1628 1634 0
0 959 1244 1
0 1 89 0
0 4184 4260 1
1 1253
0 3146 3178 0
0 1662 4284 1
0 4107 4142 0
0 3918 3920 0
0 2113 2267 0
0 1092 1724 1
0 2829 2911 0
0 3066 3068 0
1 3917
0 4179 4216 1
0 3686 3715 0
1 847
0 1018 1026 0
1 580
0 116 245 0
0 4342 4342 0
0 269 304 1
0 4617 4649 0
0 3457 3524 0
0 1028 1631 1
0 1607 1607 0
0 4055 4059 0
1 3725
1 2154
0 1649 1651 0
0 604 1125 1
0 4490 4565 0
0 2306 3591 1
0 1096 3920 1
0 1026 1094 1
0 1172 1393 1
0 3605 3920 1
0 3103 3143 0
0 1387 1395 0
0 491 3392 1
0 339 486 0
0 1630 1667 1
1 694
0 4433 4727 1
0 3596 3677 0
0 2293 2332 0
0 1986 4270 1
0 3731 3824 0
0 3696 3702 0
0 4598 4629 0
0 1034 1340 1
0 1521 1603 0
0 4232 4259 0
0 4550 4551 0
1 2642
0 866 867 0
0 3147 3186 0
0 240 3684 1
0 592 592 0
0 2072 2201 0
1 1032
0 4263 4293 0
0 2081 2152 0
0 3392 3392 0
0 291 304 0
0 4342 4384 0
1 4397
1 3730
0 1040 3392 1
0 582 4601 1
0 1310 4314 1
0 1347 1348 0
0 2317 3599 1
1 872
0 3248 3392 1
0 1020 1021 0
1 3921
0 985 3636 1
0 984 1016 0
0 4434 4447 0
0 571 579 0
0 2288 2328 0
0 1033 1079 0
0 526 4382 1
0 1101 1102 0
0 2720 2744 0
0 696 697 0
0 1683 1688 0
0 1188 1348 0
0 3922 4061 0
0 341 359 0
0 667 680 0
0 806 846 0
1 1668
0 598 602 0
0 291 310 0
0 2678 2728 0
0 3305 4181 1
1 1022
0 3655 3689 1
0 3101 3123 0
0 1631 1792 1
0 3918 3920 0
0 1131 1151 1
1 1198
0 1096 1097 0
0 861 866 0
1 2635
0 3211 3232 0
0 4288 4548 1
0 570 4178 1
1 4191
0 4840 4845 0
0 1046 1055 0
0 3392 3393 0
0 537 564 0
0 281 307 1
1 2642
1 616
0 1311 4596 1
0 939 4194 1
1 2560
0 2583 2639 0
0 4600 4668 0
1 1017
1 2731
0 1615 1634 0
0 4604 4665 0
0 726 742 0
0 3181 3187 0
1 4191
0 1605 4927 1
1 3825
0 1606 1609 0
0 3707 3712 0
1 4222
0 773 846 0
0 3826 3826 0
1 2048
0 3146 3153 0
0 276 1902 1
0 4916 4928 0
0 581 583 0
0 3954 4142 0
0 56 112 0
0 555 655 1
0 591 857 1
0 4160 4170 0
0 697 3225 1
1 3394
0 3611 3714 1
0 358 958 1
0 1676 1689 0
0 3156 4170 1
1 1099
0 538 541 0
0 4598 4626 0
0 726 3393 1
0 3923 4490 1
1 1604
1 3767
0 1605 1609 0
1 4521
0 247 248 0
1 1032
0 1704 3840 1
0 4651 4681 0
0 1858 1882 0
0 1185 1260 0
0 253 304 1
0 2168 2192 0
1 3916
0 2764 2820 0
1 1017
0 3395 3432 0
1 4597
0 2643 2648 0
1 1604
0 779 828 0
0 3202 3230 0
0 3920 3970 1
0 4342 4396 0
1 4620
0 1076 3758 1
0 1123 1136 0
0 2561 2636 0
0 790 846 0
0 1096 3392 1
0 1910 2193 1
0 94 126 0
0 1971 3586 1
0 4572 4596 0
0 3884 3916 0
1 3355
0 3918 3920 0
0 4637 4652 0
1 2736
0 4602 4694 0
0 1607 1609 0
0 2249 2267 0
0 2006 2070 0
0 3608 3625 0
0 3438 4130 1
0 1682 1689 0
0 697 3708 1
0 3279 3388 0
1 4604
0 1027 1936 1
0 4245 4333 1
0 604 4560 1
0 1018 1024 0
0 637 1859 1
0 1607 1638 1
1 30
0 3401 3594 0
0 577 600 1
1 3966
0 4629 4694 0
0 1637 1643 0
0 536 564 0
0 2827 2919 0
0 3860 3875 0
0 3758 3824 0
0 4300 4320 0
0 3227 3233 0
1 1744
0 1653 1653 0
0 2270 4222 1
1 4341
0 3680 3700 0
0 303 309 0
0 539 546 0
0 682 1811 1
0 1023 1031 0
0 581 584 0
0 582 1172 1
0 253 270 0
0 582 1705 1
1 580
1 311
0 1023 1670 1
0 4696 4790 0
0 755 772 0
0 383 484 0
0 3922 4047 0
0 3143 3144 0
1 3527
0 1 45 0
0 1193 1263 0
0 583 2503 1
0 1959 2070 0
0 515 564 0
0 312 386 0
0 3206 3226 0
0 4342 4430 0
0 1661 3384 1
0 695 695 0
0 4311 4340 0
0 1640 3238 1
0 826 3465 1
0 4656 4818 1
1 2640
0 1096 1098 0
0 2602 2611 0
0 4206 4221 0
0 247 289 0
0 695 697 0
0 586 2921 1
0 2269 2272 0
0 698 3681 1
0 4210 4259 0
0 3395 3590 0
0 2426 2536 0
0 3609 3622 0
1 4448
0 1653 1667 0
0 1628 1641 0
1 2920
0 3581 3768 1
0 1022 1031 0
0 4907 4928 0
0 1611 1611 0
0 856 3919 1
0 731 846 0
0 4203 4221 0
0 3826 3913 0
0 3242 3309 0
0 2319 2340 0
1 3069
0 664 3392 1
0 3596 3675 0
0 599 599 0
0 4696 4803 0
0 956 3636 1
0 582 583 0
0 850 861 0
0 610 647 0
1 1280
0 1219 1348 0
1 3391
0 3826 3866 0
1 2831
0 4301 4340 0
1 526
0 582 1096 1
0 3922 4069 0
0 702 846 0
1 585
0 3392 3542 1
0 1090 4625 1
0 870 895 1
0 2994 3001 0
0 38 95 0
1 565
0 700 750 0
0 4073 4146 1
1 805
0 1605 1608 0
0 570 579 0
0 3392 3393 0
0 621 4415 1
0 641 1169 1
0 305 4305 1
0 4197 4261 0
0 775 864 1
0 3918 3920 0
0 1609 3392 1
1 3679
0 1131 1132 0
0 866 871 0
0 3392 3393 0
0 521 540 0
0 4696 4887 0
0 3721 3746 1
0 3995 4027 0
0 3235 3238 0
0 2274 2309 0
0 1653 1656 0
0 4696 4877 0
0 1653 1655 0
0 1138 1239 0
0 1613 3906 1
0 1093 1094 0
1 2400
0 604 3561 1
0 1621 1645 0
0 1043 1048 0
0 276 3706 1
0 1026 2749 1
0 1186 3920 1
0 2463 2471 0
0 2277 2296 0
0 2614 2673 1
0 2 245 0
1 4419
0 898 933 0
0 4192 4253 0
0 583 4325 1
0 587 595 0
1 4341
1 2869
0 1374 2908 1
0 1089 1671 1
0 4216 4258 0
0 1073 1086 0
0 695 1096 1
0 1021 1031 0
0 1656 1662 0
1 2248
0 3613 3678 0
0 4221 4240 0
0 1815 2157 1
0 1021 1026 0
0 818 830 0
0 4144 4172 0
0 1657 1659 0
0 853 858 0
1 3336
0 3078 3144 0
0 1670 1814 1
0 1021 1029 0
0 1721 1767 0
1 4262
1 290
0 4310 4340 0
0 916 932 0
0 581 584 0
0 3562 4192 1
0 1350 1375 0
0 4640 4694 0
0 310 2018 1
0 488 561 0
1 1610
0 291 298 0
0 869 871 0
0 695 3713 1
0 2520 2784 1
0 2387 2426 0
0 4313 4315 0
0 584 4096 1
0 2921 2930 0
0 2285 2339 0
0 848 869 0
1 1504
0 1077 2275 1
1 1690
0 1801 1995 1
0 1021 1042 1
0 3922 4028 0
0 2561 2607 0
0 1702 1711 0
1 1418
1 4262
0 697 969 1
0 4615 4622 0
0 1086 4319 1
0 583 588 1
1 3725
0 2903 2945 1
0 573 584 1
0 870 871 0
0 581 584 0
0 1606 1607 0
0 871 1160 1
0 1019 1031 0
0 3118 3144 0
0 3918 3920 0
0 3560 3626 1
0 3539 3556 0
0 1028 2054 1
0 581 581 0
0 4157 4190 0
0 557 2459 1
0 858 862 0
0 4153 4201 1
0 1350 1464 0
0 1350 1589 0
0 296 4537 1
0 291 296 0
0 913 915 0
0 2269 2281 0
0 1669 1676 0
0 2485 2601 1
0 1487 1600 0
0 2950 3068 0
1 1099
0 1274 1653 1
0 604 604 0
0 604 3737 1
0 3702 3762 1
0 848 858 0
0 2270 2307 0
0 581 584 0
0 1096 1130 1
0 3392 3392 0
0 3680 3702 0
0 582 584 0
0 3854 3920 1
0 4264 4305 0
0 577 1802 1
0 666 3800 1
1 4191
0 722 2553 1
1 3394
1 2442
1 2920
0 3201 3452 1
0 753 2575 1
0 287 289 0
0 3383 3390 0
0 848 860 0
0 909 945 0
1 2966
0 250 269 0
0 4097 4246 1
0 2150 4460 1
0 3534 3626 1
0 3726 3754 0
0 1678 1688 0
0 3680 3708 0
0 2401 2559 0
0 4291 4334 0
0 604 1646 1
1 1099
0 1063 1077 0
0 4449 4551 0
0 4346 4447 0
1 4597
0 3826 3895 0
0 3446 3571 0
0 4603 4605 0
1 3664
0 1049 1072 0
0 1632 1651 0
0 1611 1627 0
0 1654 1667 0
0 2121 2267 0
0 192 1852 1
0 1608 4831 1
1 2606
1 4449
0 3260 3334 0
0 1120 4186 1
0 559 564 0
0 696 697 0
0 308 416 1
1 976
0 2692 2762 0
0 1379 1603 0
0 754 824 0
0 581 584 0
0 1108 1111 0
0 1691 1765 0
1 907
0 3235 3373 0
1 1378
1 3825
0 1681 1689 0
0 1850 3199 1
0 800 833 0
0 4353 4383 0
0 3392 3393 0
0 2703 4286 1
1 1029
0 136 177 0
0 3123 3131 0
0 2084 2230 0
1 872
0 4696 4714 0
0 1 171 0
0 1189 3709 1
0 1068 1094 0
0 3860 3889 0
0 3559 3594 0
0 1617 3971 1
0 2710 2761 0
0 2667 2762 0
0 3335 3390 0
0 4263 4336 0
0 4375 4423 0
0 2882 2944 1
0 4449 4473 0
0 300 310 0
0 4192 4199 0
0 1114 1116 0
1 4654
1 4262
0 609 642 0
0 610 625 0
0 3846 3851 0
0 2402 2474 0
0 885 955 0
1 3628
0 588 602 0
0 201 289 1
0 3807 3824 0
0 4004 4782 1
0 2129 2791 1
0 312 466 0
0 717 4147 1
1 2925
0 1516 1551 0
0 1046 1094 0
0 1576 1603 0
1 2241
0 264 3190 1
0 1053 3040 1
0 410 434 0
0 69 3877 1
0 4696 4895 0
0 4151 4178 0
0 1647 1651 0
1 2071
0 1721 1794 0
0 581 2171 1
0 568 1049 1
1 311
0 2805 2830 0
0 2754 3183 1
0 301 310 0
0 696 697 0
0 1895 1994 0
0 372 4467 1
0 848 858 0
0 1063 1067 0
0 264 289 0
0 3826 3915 0
1 847
0 4305 4351 1
0 264 277 0
0 4449 4566 0
0 2269 2310 0
0 1097 1098 0
0 1138 1269 0
0 571 629 1
0 25 3630 1
0 3918 3920 0
0 4147 4189 0
0 1414 4677 1
0 1709 3918 1
0 715 740 0
0 862 870 0
0 582 584 0
0 3918 3920 0
0 1827 3397 1
0 2926 3005 0
1 487
0 1658 1667 0
1 898
0 583 588 1
1 2560
0 1026 1087 1
0 3276 3370 0
0 3718 3724 0
1 330
0 579 928 1
0 583 1756 1
0 955 3848 1
0 1624 1627 0
0 2072 2146 0
1 2560
0 646 693 0
0 2433 2497 0
0 1856 2070 0
0 3162 3233 0
0 582 3578 1
0 3919 3920 0
0 550 1189 1
0 3918 3919 0
1 3040
1 2130
0 695 698 0
0 2335 3393 1
0 3826 3875 0
0 949 951 0
0 697 697 0
0 594 602 0
1 433
1 697
0 306 310 0
0 1762 1779 0
0 667 4268 1
0 4293 4436 1
1 2203
0 2741 3999 1
0 3392 3392 0
0 4624 4642 0
0 3741 3824 0
0 1150 1166 0
1 1971
0 581 1058 1
0 2594 2600 0
0 583 584 0
0 2709 3920 1
0 587 2206 1
1 580
0 1605 1607 0
1 694
0 3146 3233 0
0 1138 1212 0
0 945 1016 0
0 3918 3919 0
0 3477 3523 0
1 186
0 598 599 0
0 249 289 0
0 1034 1094 0
0 604 604 0
1 3825
1 2341
0 4600 4639 0
0 2576 3160 1
0 569 3393 1
0 3231 3287 1
0 1288 1591 1
0 2561 2629 0
0 591 602 0
0 571 578 0
0 3800 3809 0
0 3000 3127 1
0 4263 4282 0
0 581 591 1
0 1732 1817 0
0 584 4593 1
0 1692 1838 1
0 270 3314 1
1 3712
0 1446 4158 1
0 583 583 0
0 701 820 0
0 1023 1026 0
0 3188 3358 1
0 1112 1116 0
0 1021 1031 0
0 601 853 1
0 3880 3916 0
0 2599 2615 0
0 460 604 1
0 4192 4194 0
0 303 303 0
0 604 4425 1
0 604 604 0
1 2642
1 4341
0 3252 3696 1
0 584 4594 1
0 4542 4596 0
1 3307
0 303 308 0
0 4196 4314 1
0 291 302 0
0 3317 3393 1
0 3419 3576 0
1 4191
0 4144 4171 0
1 4262
0 1605 1609 0
0 2806 2917 0
1 3394
0 1201 1257 0
0 2020 4676 1
0 863 1692 1
0 851 869 0
1 580
1 1554
0 3260 3333 0
1 4833
0 734 774 0
0 265 289 0
1 2152
0 4909 4928 0
1 4143
0 3392 3393 0
0 1190 1348 0
0 770 1641 1
1 2763
0 1606 1633 1
0 697 744 1
1 1349
0 2610 2637 0
0 1033 1041 0
0 1950 2049 0
1 595
0 4178 4179 0
0 4371 4377 0
1 1602
1 4341
0 371 486 0
0 2879 3017 1
0 52 180 0
0 4449 4540 0
1 1017
0 1044 1054 0
0 3652 4780 1
0 731 840 0
0 2921 2961 0
0 4654 4694 0
0 916 960 0
0 581 3969 1
0 298 3901 1
0 4263 4289 0
0 3393 3393 0
0 586 1134 1
0 921 2968 1
1 2343
0 3375 3390 0
0 1661 1667 0
0 582 2653 1
0 4455 4582 0
0 1744 3849 1
0 2599 2641 0
0 3680 3680 0
0 293 3895 1
1 4751
0 4348 4447 0
0 4147 4162 0
1 246
0 3393 3393 0
0 3426 3557 0
0 3964 4142 0
0 250 251 0
0 2342 2493 0
0 2764 2869 0
1 1032
0 2497 2559 0
0 1775 1817 0
0 551 1621 1
0 412 451 0
0 4196 4305 1
0 4392 4401 0
0 515 1609 1
0 581 584 0
0 1107 3049 1
0 604 604 0
0 1378 1491 0
0 568 908 1
0 856 3880 1
0 2145 2160 0
0 599 604 1
0 581 581 0
0 752 1988 1
1 2600
0 4144 4167 0
0 2171 2181 0
0 3029 3189 1
0 2534 3909 1
1 2341
1 3072
0 309 310 0
0 1606 4276 1
0 3918 3920 0
0 4452 4596 0
0 964 3197 1
0 1662 1682 1
0 3146 3194 0
0 1106 1131 0
0 697 4183 1
0 577 579 0
0 266 1209 1
0 529 1608 1
0 62 432 1
0 4249 4250 0
0 1096 1130 1
0 2932 4510 1
0 1459 1591 0
1 3679
0 4460 4561 0
0 1614 1629 0
0 3446 4385 1
0 3840 3850 0
0 4727 4828 0
0 4598 4625 0
0 593 595 0
0 3174 3229 0
0 4407 4427 0
0 695 2955 1
0 568 4267 1
0 1606 1609 0
0 1096 1097 0
1 1137
0 3713 3724 0
0 1685 1688 0
1 4346
0 495 3853 1
0 1637 4336 1
1 1017
0 500 521 0
0 3423 3554 0
0 1268 1280 0
1 694
0 4520 4533 0
0 732 787 0
0 2921 2948 0
0 695 695 0
0 3014 3056 0
0 2121 2394 1
0 291 310 0
0 524 564 0
0 4638 4669 0
0 2764 2887 0
0 1018 1025 0
0 1112 1123 0
0 1098 3108 1
0 1096 1096 0
0 2342 2510 0
0 1918 1930 0
0 249 266 0
1 680
0 2725 3121 1
1 2642
1 2453
1 2763
0 1018 1027 0
0 1025 1025 0
1 4448
0 2713 4722 1
0 4152 4192 1
0 2328 3486 1
0 490 859 1
0 3676 3678 0
1 1017
1 2920
1 1668
0 578 861 1
0 604 604 0
0 3133 3144 0
1 1915
0 2643 2679 0
0 247 256 0
0 2786 2904 0
0 848 848 0
0 3582 3627 1
0 3875 3887 0
1 2341
0 638 674 0
0 1118 1156 1
0 1653 1657 0
0 3293 3357 0
0 701 803 0
0 583 584 0
0 604 604 0
0 2736 2762 0
0 4364 4377 0
0 850 4452 1
0 696 698 0
1 3145
0 1653 1657 0
0 4239 4256 0
0 308 1026 1
1 890
0 1390 1608 1
0 2269 2283 0
0 2615 4297 1
0 1118 3393 1
0 89 987 1
0 2871 2905 0
0 458 1031 1
0 263 1157 1
0 1657 2192 1
0 3511 3533 0
0 4233 4237 0
0 2841 2866 0
0 3680 3724 0
0 1103 3808 1
0 1011 1016 0
0 3994 4142 0
0 4258 4261 0
0 2390 2559 0
0 1033 1094 0
1 165
1 487
0 3085 3144 0
1 4858
0 3919 3919 0
0 856 862 0
1 1610
0 1213 1483 1
1 1349
0 3918 3920 0
0 1039 1087 0
0 1670 3198 1
0 2575 3918 1
0 4483 4528 0
0 4263 4331 0
0 582 604 1
1 3595
1 1872
0 1 181 0
0 1681 1689 0
1 2071
0 1632 2931 1
0 4557 4564 0
1 565
0 4280 4442 1
0 2821 2851 0
0 1667 2092 1
0 1653 3349 1
0 3097 3131 0
0 3847 3896 0
0 2474 2559 0
0 3919 4260 1
0 835 846 0
0 583 4224 1
0 2159 3392 1
0 1236 1348 0
0 300 396 1
0 588 1608 1
0 622 675 0
1 4547
0 3392 4029 1
1 1037
0 1102 3392 1
0 697 2915 1
1 4176
0 863 3289 1
1 565
0 4155 4190 0
0 1679 1688 0
0 2362 2585 1
0 3919 4116 1
1 3595
1 1751
0 4206 4217 0
1 565
1 3423
0 1643 2295 1
0 3087 3093 0
0 1052 3682 1
0 1187 3223 1
0 2721 3563 1
0 3071 3144 0
1 1099
1 714
0 4166 4187 0
0 4435 4443 0
0 4323 4328 0
0 2597 3755 1
0 4030 4050 0
0 604 1658 1
0 488 498 0
1 3924
0 1663 1685 1
0 3901 3916 0
1 246
0 639 698 1
1 585
0 312 360 0
0 695 698 0
0 857 862 0
0 3830 3860 0
1 2560
0 1018 1021 0
0 1020 1028 0
1 4396
0 752 1506 1
0 3398 3572 0
1 2341
0 1880 3074 1
0 3596 3614 0
0 2940 2972 0
0 2951 3068 0
0 700 731 0
0 570 571 0
0 3666 3918 1
0 3726 3787 0
0 546 547 0
0 1440 1605 1
0 1004 1111 1
0 4211 4218 0
1 4195
0 2828 2919 0
0 856 857 0
0 3960 4003 0
0 3919 4068 1
0 948 954 0
0 2458 2559 0
0 533 1097 1
1 3609
0 1647 1957 1
1 2998
0 2618 4395 1
0 3028 3068 0
0 2076 2166 0
0 828 846 0
0 255 279 0
0 1101 1132 0
1 1351
1 4301
0 2821 2970 1
0 292 3169 1
0 2643 2758 0
1 3917
1 1690
0 636 671 0
0 3340 3356 0
0 4041 4100 0
0 914 934 0
0 1096 1098 0
0 598 602 0
0 3235 3349 0
0 1350 1474 0
0 2877 2919 0
0 855 869 0
0 1097 1663 1
0 853 871 0
1 783
0 4220 4904 1
1 846
0 1691 1748 0
0 1816 1817 0
0 582 584 0
0 2305 2340 0
1 3595
0 753 830 0
0 1426 1482 0
0 42 60 0
0 2385 2477 0
0 572 573 0
0 4147 4151 0
0 2289 2310 0
1 1652
1 847
1 847
0 558 3538 1
0 2921 3005 0
0 4192 4257 0
0 4752 4762 0
0 696 698 0
0 3635 3682 1
0 604 4779 1
0 537 564 0
0 696 3004 1
1 3477
0 677 693 0
0 188 212 0
1 4687
0 1660 1665 0
0 312 456 0
0 1122 1326 1
0 4163 4180 0
0 1096 4289 1
1 585
0 3337 3533 1
1 1409
1 4051
0 591 602 0
0 3711 3724 0
0 1102 1107 0
0 143 904 1
0 3155 3212 0
0 3918 4147 1
1 2109
0 568 1085 1
0 570 571 0
1 2136
0 602 1123 1
0 1605 1609 0
0 3627 3678 0
0 2632 2688 1
0 1717 3256 1
0 1098 1098 0
0 3392 3507 1
0 703 846 0
0 686 740 1
0 4628 4652 0
0 3229 3233 0
0 799 806 0
0 1115 1118 0
0 1631 1638 0
1 319
0 1216 1327 0
0 606 651 0
0 3450 3520 0
0 584 584 0
0 1 53 0
0 3929 4180 1
1 487
0 3146 3220 0
0 2611 4031 1
0 956 958 0
0 2556 3795 1
1 1596
1 3177
1 872
0 1 27 0
0 2019 2070 0
1 4685
0 581 581 0
0 3392 4194 1
0 1751 1817 0
0 3713 3722 0
1 4449
0 1669 1677 0
0 3760 3790 0
1 2768
0 566 575 0
0 4926 4928 0
0 598 601 0
0 2269 2319 0
0 1606 1606 0
0 1819 1878 0
0 566 579 0
0 1608 1609 0
1 1690
0 3918 3920 0
0 2344 2425 0
0 2894 2919 0
0 3713 3724 0
0 3134 4180 1
0 1892 1997 0
0 3380 3390 0
0 668 693 0
0 861 871 0
0 2830 2919 0
1 473
0 539 1067 1
1 3732
0 2143 2267 0
0 3111 3127 0
0 3610 3721 1
0 584 596 1
0 1431 1568 0
0 4696 4900 0
1 219
1 220
0 1611 1638 0
1 1721
0 1118 1124 0
1 462
1 872
0 2602 2641 0
0 854 868 0
1 290
0 4224 4261 0
0 3849 3916 0
1 3921
0 1112 1131 0
1 2054
0 488 510 0
0 1094 1106 1
0 257 1680 1
0 3922 3925 0
0 1629 1647 0
0 659 2589 1
0 296 306 0
0 280 2934 1
0 1606 1609 0
0 4263 4287 0
1 3653
0 293 309 0
0 1638 1686 1
0 1097 1098 0
0 33 249 1
0 819 2114 1
1 194
0 4396 4413 0
0 1637 2426 1
0 2180 2222 0
1 3921
0 698 698 0
0 4342 4370 0
0 1022 1029 0
0 2142 2148 0
0 1024 4420 1
0 1653 1658 0
0 4405 4447 0
0 753 763 0
0 1350 1485 0
1 246
0 3660 3902 1
0 572 3392 1
0 3173 3233 0
1 694
0 849 2667 1
0 4227 4227 0
0 1605 1607 0
0 937 4335 1
0 1134 1684 1
1 75
1 2560
1 1033
1 4
0 1096 1098 0
1 2268
0 420 534 1
0 1018 1031 0
0 109 4303 1
0 3526 3560 0
0 860 868 0
0 1681 1720 1
0 1122 3745 1
0 548 564 0
0 1836 2070 0
0 583 4179 1
1 3725
0 615 639 0
0 3592 3594 0
0 1097 1098 0
0 4598 4674 0
0 2764 2822 0
0 3596 3671 0
0 2572 2597 0
0 3083 3091 0
0 1023 1115 1
1 3862
0 569 4365 1
0 1678 1687 0
1 3679
0 3392 3393 0
0 1102 1123 0
0 697 698 0
0 3090 3920 1
0 1684 3920 1
0 3682 3724 0
0 604 604 0
0 530 544 0
1 4191
1 487
0 4462 4548 0
0 4332 4340 0
1 2765
0 494 570 1
1 694
1 4020
1 1668
0 1608 1609 0
0 3235 3380 0
0 3726 3808 0
0 312 353 0
1 4760
0 582 584 0
0 2583 2603 0
0 1635 1649 0
0 3070 3116 0
0 1120 3307 1
1 2920
1 2523
0 3686 3695 0
0 2808 3607 1
0 2561 2631 0
0 3392 3872 1
0 2561 2576 0
0 3603 3678 0
0 4192 4259 0
0 1654 1655 0
0 1731 1784 0
0 488 542 0
0 268 281 0
0 3859 3877 0
0 529 577 1
0 1606 1607 0
0 1350 1520 0
0 3235 3343 0
1 2903
1 4427
0 912 3605 1
0 3785 3874 1
0 430 465 0
0 2921 3064 0
1 3036
0 3922 3960 0
0 633 1098 1
0 3918 3920 0
0 839 846 0
0 591 3949 1
0 3826 3903 0
0 596 4644 1
0 4342 4434 0
0 873 1000 0
0 1769 2300 1
0 1606 1609 0
0 594 595 0
0 2575 2593 0
1 3595
0 858 933 1
0 2653 2686 0
1 3391
1 3647
0 853 2210 1
0 2468 2559 0
0 3138 3187 1
0 1 97 0
1 2225
0 718 846 0
0 3366 3920 1
0 4050 4054 0
0 4065 4142 0
1 4081
1 3919
0 873 900 0
0 1637 3918 1
1 407
1 3621
0 3919 3920 0
0 568 571 0
0 581 582 0
0 3070 3126 0
0 3392 3392 0
0 849 4828 1
0 1096 1098 0
0 4380 4519 1
0 3315 3357 0
0 1481 1603 0
0 3919 3920 0
0 1037 1093 0
0 1097 1098 0
0 3396 3602 1
0 3264 3275 0
0 1779 1817 0
0 222 4434 1
1 1629
0 4195 4735 1
0 2413 4486 1
0 3263 3274 0
0 3477 4630 1
0 1799 1817 0
0 1097 3799 1
0 1688 1689 0
1 1604
0 1654 1670 1
0 2463 3733 1
0 2970 3068 0
0 1913 2038 0
0 292 3401 1
0 3919 3920 0
0 294 320 1
1 3790
0 1234 1348 0
0 4660 4662 0
0 1031 3112 1
1 605
0 1740 1787 0
0 2857 2869 0
0 3964 3978 0
0 3918 3918 0
0 4144 4145 0
0 604 2272 1
1 2268
1 565
0 604 625 1
0 2795 2919 0
1 2334
0 1803 3914 1
0 4453 4608 1
0 3608 3678 0
0 3070 3118 0
1 3795
0 4671 4689 0
0 335 486 0
0 3607 3627 0
0 3918 3919 0
0 3392 3393 0
0 1662 1663 0
0 1033 1045 0
0 604 4653 1
0 696 3491 1
1 605
0 3950 4092 0
1 3595
1 3394
0 3697 3919 1
0 3681 3685 0
0 547 549 0
0 498 564 0
0 721 3371 1
0 1125 1854 1
0 2295 2320 0
1 4861
0 488 559 0
0 604 604 0
0 3478 3594 0
0 1299 1348 0
0 1153 1654 1
0 1418 1571 0
0 582 592 1
0 1109 1112 0
0 576 577 0
0 696 2054 1
0 3149 3219 0
0 3918 3920 0
0 573 4660 1
0 2743 2762 0
0 3063 4249 1
0 1597 2322 1
0 3629 3678 0
0 2566 2641 0
0 3506 3521 0
0 3885 3919 1
1 4581
0 4379 4447 0
0 1676 1689 0
0 3146 3161 0
1 2944
0 4294 4340 0
0 277 4249 1
0 2843 2844 0
0 1445 1603 0
0 604 604 0
0 244 1020 1
0 3070 3088 0
1 4112
0 2924 3068 0
0 3906 3916 0
0 1021 1026 0
0 661 695 1
0 115 280 1
1 1139
0 411 486 0
0 1704 1773 0
0 4598 4662 0
0 388 393 0
0 1637 2523 1
0 581 583 0
0 3901 3910 0
0 467 486 0
1 4499
0 2619 2636 0
0 4464 4603 1
0 4267 4278 0
1 2718
0 607 693 0
0 4497 4509 0
0 3695 3788 1
0 3392 3393 0
0 586 591 0
0 4263 4326 0
1 1604
0 2887 2914 0
1 141
0 4243 4244 0
0 1096 2200 1
0 698 777 1
0 4156 4162 0
0 2561 2597 0
0 3458 3569 0
0 4789 4928 0
0 1756 1762 0
1 1099
0 298 310 0
1 4918
0 848 870 0
0 614 620 0
1 1818
1 4765
0 3919 3920 0
0 3505 3594 0
0 1620 4025 1
0 1077 1665 1
1 585
1 1349
1 2375
0 1088 2788 1
0 1322 2950 1
1 3304
0 4515 4543 0
0 1141 1170 0
0 3638 3645 0
0 285 834 1
0 3171 3178 0
1 3917
1 3825
0 593 602 0
0 583 583 0
0 4313 4340 0
0 629 695 1
0 4598 4660 0
0 271 289 0
0 1023 4744 1
0 1096 1098 0
0 1659 1667 0
0 3918 4823 1
0 539 3392 1
0 1697 1817 0
0 3826 3850 0
0 1020 2470 1
0 4234 4261 0
0 584 584 0
0 1105 1127 0
0 4209 4261 0
1 4143
1 2071
1 1610
0 2764 2824 0
0 1296 1348 0
0 1670 1689 0
0 3596 3618 0
0 3710 3718 0
0 408 439 0
0 2027 2119 1
1 4190
1 3637
0 813 817 0
0 2662 2665 0
0 2720 2746 0
0 4393 4447 0
1 25
0 663 1271 1
0 4927 4928 0
0 1530 1603 0
0 250 271 0
1 2851
0 3922 4131 0
0 3713 3724 0
0 1488 1605 1
0 567 577 0
0 4696 4899 0
0 4922 4928 0
1 694
0 1021 1065 1
0 277 698 1
1 4448
0 3618 3678 0
0 286 2896 1
0 567 579 0
0 3392 3393 0
0 3920 3920 0
0 307 430 1
0 582 4559 1
1 246
0 1096 1098 0
0 4244 4261 0
0 2661 3929 1
0 3722 3728 1
0 3150 3179 0
0 3754 3754 0
0 871 4318 1
1 1738
0 101 2270 1
0 1097 1098 0
0 604 3521 1
0 604 4413 1
0 3254 3285 0
1 1818
0 1709 1727 0
0 3918 3920 0
0 1006 1263 1
0 297 3864 1
1 47
0 1350 1357 0
0 2669 2710 0
0 4449 4503 0
0 4252 4261 0
0 4653 4683 0
0 301 305 0
0 1181 2186 1
0 38 203 0
0 277 288 0
1 952
0 3918 3920 0
0 1018 1028 0
0 4 255 1
1 3560
0 4859 4928 0
1 3725
1 2440
0 1611 1619 0
0 3766 3870 1
0 1178 1261 0
0 2958 3084 1
0 2663 2762 0
0 4449 4486 0
0 2778 2918 0
0 4624 4633 0
0 166 4149 1
0 2571 4335 1
0 3624 3644 0
0 705 771 0
1 605
1 2144
0 4831 4919 0
0 878 948 0
0 696 1625 1
0 2921 3007 0
0 2436 2559 0
0 2061 2127 1
0 2154 2267 0
0 1018 1033 1
0 293 310 0
1 1063
0 2269 2325 0
0 604 604 0
0 764 2677 1
0 3918 3920 0
0 1018 1030 0
0 599 2944 1
0 3474 3594 0
0 3462 3473 0
0 3762 4232 1
1 1467
0 1018 1026 0
0 567 2540 1
0 1691 1805 0
0 4055 4142 0
0 3378 3807 1
1 2920
0 570 573 0
0 2553 3633 1
1 1095
0 3932 4184 1
0 2643 2710 0
0 2340 3393 1
0 1 113 0
0 3388 3390 0
0 698 3178 1
0 1105 1117 0
0 604 1130 1
0 1653 1663 0
0 3640 3646 0
0 215 951 1
0 3753 3824 0
0 2860 2919 0
0 4318 4334 0
1 1399
1 290
0 4278 4296 0
0 591 1103 1
0 3217 4235 1
1 3825
0 1669 1686 0
0 3709 3710 0
1 1604
0 297 2710 1
0 576 579 0
0 1661 1667 0
0 989 1006 0
0 132 245 0
0 3274 3381 0
0 566 573 0
0 2159 2243 0
0 4651 4694 0
0 2600 2608 0
0 697 812 1
0 1632 1644 0
0 304 4316 1
1 753
0 4425 4447 0
0 480 540 1
1 2550
1 2560
0 3235 3366 0
0 637 693 0
1 487
0 1749 1817 0
0 2072 2258 0
0 851 2779 1
0 83 604 1
1 2634
0 3879 3916 0
0 267 4304 1
0 4364 4419 0
0 726 736 0
0 849 941 1
0 1607 1608 0
0 3392 3393 0
0 2100 3918 1
1 1818
1 2167
0 3831 3918 1
1 3917
0 3831 3891 0
0 2202 2209 0
0 1869 3686 1
0 2280 2296 0
0 3070 3094 0
0 299 310 0
0 604 689 1
1 3394
0 569 571 0
0 384 1637 1
0 3918 3920 0
0 3838 3903 0
1 4132
1 3234
0 3680 3686 0
0 95 245 0
1 635
0 750 861 1
1 1604
0 2764 2832 0
1 912
0 3254 3383 0
0 1665 3393 1
0 4306 4314 0
0 2320 4764 1
1 286
0 1100 3861 1
1 4143
0 1050 2331 1
0 855 2588 1
0 875 969 0
0 2833 3782 1
0 247 288 0
0 2318 2795 1
0 4636 4665 0
0 586 590 0
0 969 984 0
1 3337
0 1238 1303 0
0 566 1695 1
0 458 1605 1
0 1767 1817 0
0 2835 2988 1
0 865 3393 1
1 4735
0 4110 4114 0
0 3856 3896 0
0 3702 3760 1
0 604 2567 1
1 4143
0 3374 3383 0
1 3234
0 2034 2070 0
0 488 546 0
1 4301
0 3108 3134 0
0 3791 3901 1
1 1136
0 465 466 0
0 2814 2873 0
1 1964
0 1607 1730 1
0 1953 4334 1
0 1054 1090 0
0 4322 4340 0
0 581 583 0
0 598 4177 1
1 2920
0 128 179 0
1 3394
0 586 594 0
1 3679
0 4533 4579 0
0 2910 2919 0
0 4390 4401 0
0 300 301 0
0 1130 1136 0
0 1106 1120 0
1 694
0 4268 4393 1
0 4637 4686 0
0 1096 1098 0
0 3392 3393 0
0 3195 3233 0
0 4449 4514 0
0 247 288 0
0 3241 3919 1
0 3918 3918 0
0 581 581 0
0 1675 1689 0
1 85
0 604 604 0
0 638 3920 1
0 543 573 1
0 4155 4190 0
0 2241 2285 1
0 453 604 1
1 2920
0 2591 4809 1
0 296 1675 1
1 275
0 604 604 0
1 4101
0 581 4248 1
0 582 583 0
0 3287 3350 0
0 519 567 1
1 1539
1 2310
0 4144 4146 0
0 3393 3393 0
0 2694 2798 1
0 2288 2296 0
0 2752 3245 1
0 1026 1076 1
0 1185 1207 0
0 1124 1133 0
1 3921
0 3070 3098 0
0 4716 4928 0
0 1097 1121 1
0 2883 2896 0
0 1025 4558 1
0 3215 3224 0
1 1017
0 1574 1603 0
0 604 604 0
0 581 582 0
0 2731 2864 1
0 3691 3700 0
0 1096 1131 1
0 3092 3144 0
0 1663 1674 1
1 2350
0 302 310 0
1 4542
0 1031 3718 1
1 1578
0 3938 3964 0
0 497 498 0
0 1606 1664 1
0 756 1810 1
0 2340 2340 0
0 3385 3390 0
0 1101 1104 0
0 2678 2839 1
1 487
0 4660 4677 0
0 3593 4517 1
0 2680 2762 0
0 3166 3208 0
0 566 568 0
0 286 289 0
0 582 584 0
0 2577 2638 0
1 1610
0 4198 4204 0
0 695 698 0
0 579 1111 1
1 3679
0 417 488 1
0 2978 3393 1
1 1095
0 1609 3223 1
0 849 857 0
0 2814 2829 0
0 1803 2629 1
0 4220 4257 0
1 4716
0 3166 3176 0
0 868 3321 1
0 1743 1817 0
0 1688 1689 0
0 2829 3393 1
0 3070 3073 0
0 3758 3824 0
0 3840 3914 0
1 4372
0 1681 1689 0
0 4598 4610 0
1 1290
0 913 4647 1
0 1740 3393 1
0 698 698 0
0 2595 2629 0
0 194 245 0
0 2201 2247 0
0 581 588 1
0 278 1243 1
0 4155 4174 0
0 4213 4261 0
0 1684 1689 0
0 901 1013 0
1 585
0 3108 3144 0
0 4352 4486 1
0 1045 1094 0
0 695 698 0
0 1098 3307 1
0 765 3511 1
0 1398 1457 0
0 581 584 0
0 1028 1609 1
0 697 3084 1
0 2634 2641 0
0 3115 3144 0
0 3701 3717 0
0 1987 2044 0
1 2994
0 1605 1605 0
0 4769 4928 0
0 195 2741 1
0 3718 3724 0
0 1096 1097 0
0 1669 1689 0
0 273 2335 1
0 300 310 0
0 917 1003 0
0 568 579 0
0 2868 4508 1
0 3682 3698 0
0 1608 4696 1
0 29 245 0
0 2561 2605 0
0 604 1167 1
0 520 561 0
0 4248 4327 1
0 822 2291 1
0 4192 4242 0
0 1670 1689 0
0 876 911 0
0 1018 1025 0
0 600 656 1
0 2537 3194 1
0 318 380 0
1 22
0 3643 3673 0
0 4666 4688 0
1 3921
0 696 1114 1
0 874 1016 0
0 848 867 0
0 4696 4755 0
0 4361 4400 0
0 1182 1269 0
0 1406 1508 0
0 4311 4710 1
0 1605 1608 0
0 2242 2699 1
1 786
1 4271
1 3394
0 586 594 0
0 3719 3752 1
0 2561 2621 0
0 3680 3683 0
0 3070 3142 0
0 1018 3019 1
1 599
0 1819 2018 0
0 273 4382 1
0 1669 1686 0
0 592 594 0
0 604 4266 1
0 604 604 0
0 3146 3219 0
0 534 564 0
0 3008 3044 0
0 4144 4159 0
1 2808
0 269 4313 1
0 143 261 1
0 3268 3357 0
0 4558 4574 0
0 2947 3046 0
1 605
0 1628 3159 1
0 788 864 1
0 1138 1255 0
1 3394
0 262 1131 1
0 588 598 0
0 2643 2653 0
0 463 466 0
1 872
0 2783 2869 0
0 953 1016 0
0 593 3392 1
0 2342 2480 0
0 2324 4176 1
0 1196 3863 1
0 254 1027 1
0 880 958 0
0 3808 3817 0
0 1097 3737 1
0 4170 4190 0
0 4156 4163 0
0 3221 3330 1
0 3604 4164 1
0 3606 3616 0
0 1605 1608 0
0 1699 1793 0
0 3914 3916 0
0 1124 1131 0
0 1669 1675 0
0 3488 4825 1
0 698 698 0
0 3393 3393 0
1 4597
0 446 486 0
0 2921 2998 0
0 1105 1117 0
0 883 894 0
0 869 871 0
0 3235 3251 0
0 3902 4665 1
1 4347
1 3659
0 582 584 0
0 3832 3916 0
0 2628 4915 1
0 850 1013 1
1 2422
0 1103 1176 1
0 3164 3227 0
0 1100 1107 0
1 2246
0 3643 3663 0
0 579 579 0
0 3641 3655 0
0 588 597 0
0 3549 3567 0
0 291 308 0
0 310 3605 1
0 3607 3678 0
0 1056 3393 1
0 586 589 0
1 4480
0 1841 2008 0
0 3922 4101 0
1 3514
0 588 602 0
0 187 240 0
1 1610
0 387 486 0
1 3595
1 4676
0 472 486 0
0 86 579 1
0 252 1026 1
1 1889
1 2560
0 312 482 0
0 4609 4659 0
0 2764 2856 0
0 3070 3123 0
0 4474 4596 0
0 4401 4447 0
0 1142 1348 0
0 582 3513 1
0 697 3801 1
1 3145
0 849 863 0
0 1100 1126 0
0 3667 4582 1
1 694
0 269 1656 1
1 1032
0 1158 3660 1
0 2664 2762 0
0 1080 3720 1
0 448 477 0
1 2990
0 488 551 0
0 570 571 0
1 1095
0 1670 1801 1
0 1376 3934 1
0 1196 3134 1
0 1044 1083 0
0 310 4305 1
0 1063 1094 0
0 604 1675 1
0 2298 2481 1
0 259 297 1
0 3719 3724 0
0 1628 1651 0
1 4262
0 1640 1648 0
0 2958 3051 0
0 2641 4347 1
0 657 693 0
0 918 929 0
0 573 2515 1
0 574 579 0
1 3679
0 2616 2639 0
0 700 836 0
0 4309 4339 0
1 3530
0 586 589 0
0 674 3821 1
0 583 2966 1
0 698 698 0
0 587 602 0
0 291 295 0
0 2769 2919 0
0 1856 2070 0
0 4379 4382 0
0 302 310 0
0 573 1073 1
0 587 591 0
0 513 564 0
0 4659 4694 0
0 3918 3919 0
0 1465 4166 1
0 1674 1687 0
0 4263 4332 0
1 3547
0 4557 4596 0
0 1607 1609 0
0 3070 3139 0
1 290
0 1026 3214 1
0 4411 4415 0
0 45 259 1
0 3919 3920 0
0 3616 3721 1
0 2910 2919 0
0 300 310 0
0 597 597 0
0 884 1016 0
0 304 310 0
0 1096 1097 0
0 586 598 0
1 2931
0 1175 3899 1
1 3394
1 2411
0 3146 3228 0
0 3919 4104 1
1 1098
0 3727 4176 1
0 1654 1661 0
0 4144 4178 0
0 2764 2868 0
1 2342
0 254 1274 1
1 3664
0 312 374 0
0 2542 3612 1
0 971 994 0
0 3100 3204 1
1 4191
1 699
0 249 289 0
1 4606
1 492
0 310 4210 1
0 4187 4190 0
0 4655 4666 0
0 582 584 0
0 1658 1666 0
0 3596 3599 0
0 3215 3233 0
0 3828 3829 0
0 285 310 1
0 3470 3660 1
0 261 266 0
1 952
1 2094
1 148
0 3102 3765 1
0 3392 3393 0
0 3622 3678 0
0 1677 1685 0
0 567 568 0
0 700 809 0
0 2376 2598 1
0 3392 3393 0
1 2341
0 680 689 0
0 4508 4511 0
1 1690
0 2622 2638 0
0 3681 3724 0
0 1691 1698 0
0 1609 1617 1
1 824
0 848 860 0
0 4076 4116 0
1 4784
0 2272 2333 0
0 654 3640 1
0 2895 4325 1
0 2833 2919 0
0 572 1121 1
0 4598 4660 0
1 2413
0 582 584 0
0 310 310 0
0 570 582 1
1 1349
0 488 502 0
0 3235 3257 0
1 565
0 3363 4432 1
1 1604
0 4574 4592 0
0 303 436 1
0 4330 4340 0
0 4174 4190 0
0 627 2710 1
0 1029 1031 0
0 850 4588 1
0 931 1104 1
0 4342 4359 0
0 266 288 0
0 1234 1348 0
0 834 840 0
0 1606 3393 1
1 380
0 1192 4490 1
0 3123 3144 0
0 857 859 0
1 4191
0 3194 3218 0
0 3965 4104 0
0 594 604 1
0 3944 4183 1
0 604 1104 1
1 3455
0 3180 4361 1
0 697 698 0
0 3740 3779 0
0 1101 1115 0
0 1605 1645 1
0 1096 1098 0
0 3919 3920 0
0 1567 1603 0
0 3486 3549 0
0 13 55 0
0 700 812 0
0 2175 2234 0
0 2131 2160 0
0 3019 3068 0
0 503 3672 1
0 3920 4048 1
0 4263 4315 0
0 1673 1689 0
0 738 845 0
0 1660 1667 0
0 695 698 0
1 2916
0 581 583 0
0 4192 4253 0
0 1634 1636 0
0 4465 4596 0
1 2968
0 488 843 1
0 4181 4188 0
0 2079 2199 0
0 604 3079 1
1 155
1 3391
0 4573 4619 1
0 1669 1669 0
0 696 4417 1
0 1377 1537 0
0 697 698 0
0 4148 4158 0
0 591 2308 1
0 700 767 0
0 508 2600 1
0 2938 3393 1
1 1818
0 1688 3889 1
0 606 685 0
0 1028 1075 1
0 4449 4512 0
0 4318 4331 0
1 584
0 4786 4839 0
0 1728 1782 0
0 3578 3594 0
0 1135 1136 0
0 596 604 1
0 925 947 0
0 1669 1673 0
0 2595 2641 0
0 4342 4374 0
0 4283 4340 0
1 1604
0 2279 2554 1
0 1684 4275 1
0 2372 2559 0
0 86 1016 1
0 3085 3114 0
1 487
1 2763
0 4598 4653 0
0 291 309 0
0 958 1202 1
0 2427 2437 0
0 3918 3919 0
0 4449 4512 0
0 2797 2919 0
0 3389 3390 0
1 937
0 855 4128 1
0 700 826 0
1 982
0 3463 3483 0
0 566 568 0
0 2945 3076 1
1 2495
0 1741 2373 1
0 3689 3724 0
1 4852
0 3688 3706 0
0 2819 3033 1
0 1736 4888 1
0 2842 3918 1
1 2083
0 350 443 0
0 695 695 0
0 566 571 0
0 1650 1653 1
0 712 793 0
1 580
0 3301 4887 1
0 4160 4190 0
0 1786 3053 1
0 3479 4369 1
0 2363 2453 0
0 1684 1689 0
0 4598 4690 0
0 1027 1687 1
0 3392 3392 0
0 3226 3233 0
0 3920 3920 0
0 2 245 0
0 1605 1607 0
0 296 310 0
0 551 2236 1
0 1688 2330 1
0 3147 3215 0
0 3931 4018 0
0 653 2569 1
0 697 2512 1
0 604 604 0
0 4343 4413 0
1 3157
0 2892 2919 0
0 318 405 0
1 3059
0 488 497 0
0 2345 2467 0
1 4341
0 319 358 0
0 695 698 0
0 2389 2434 0
0 2948 3018 0
0 1030 1030 0
0 2898 2919 0
1 2366
0 292 310 0
1 3234
0 589 1607 1
0 3146 3216 0
0 3393 3393 0
0 625 663 0
0 2690 4898 1
0 2957 3026 0
0 4725 4928 0
0 1018 1023 0
0 4045 4137 0
1 872
0 2072 2193 0
0 1207 2755 1
0 47 2991 1
0 2841 2919 0
0 1160 1321 0
0 332 4216 1
1 4341
0 582 583 0
0 3909 3916 0
0 1003 1707 1
1 1610
0 1605 2745 1
0 4531 4562 0
0 1115 2755 1
0 1802 3672 1
1 2690
0 488 536 0
0 4206 4261 0
0 3392 3486 1
1 2920
0 4675 4694 0
0 615 629 0
0 4365 4434 0
0 606 690 0
0 583 583 0
0 1372 3865 1
0 3829 3901 0
1 3069
0 813 818 0
0 496 502 0
0 3919 3920 0
0 1691 1756 0
0 2605 2634 0
0 4449 4530 0
0 3663 3678 0
0 1953 2086 1
0 4355 4442 0
1 2136
0 3271 3343 0
0 4790 4888 0
0 940 941 0
0 312 389 0
1 2987
0 604 604 0
1 2199
0 231 706 1
0 291 295 0
0 877 1005 0
0 696 697 0
0 300 1623 1
0 510 542 0
0 3235 3263 0
0 579 851 1
0 3614 3647 0
0 3726 3774 0
1 3615
0 604 604 0
1 605
0 1605 1605 0
1 3900
0 853 871 0
1 328
0 1103 1118 0
0 1181 1300 0
0 1201 1227 0
0 1691 1692 0
0 1807 3908 1
0 695 698 0
0 3918 3919 0
0 848 871 0
0 695 698 0
0 2275 2279 0
0 1064 1066 0
0 1096 1097 0
0 700 823 0
0 633 642 0
0 2707 2762 0
0 4263 4332 0
0 3726 3819 0
0 2990 3015 0
1 4597
0 4022 4142 0
0 3726 3776 0
0 1020 1031 0
0 3631 3678 0
0 2280 2281 0
0 697 698 0
0 2319 2378 1
0 584 4359 1
0 4263 4284 0
0 3759 3824 0
0 1033 1091 0
0 854 855 0
1 3922
0 1691 1753 0
0 1691 1799 0
1 3539
0 3393 3582 1
1 1976
0 4729 4925 0
1 2452
0 3647 3678 0
0 409 484 0
0 1608 1609 0
1 699
1 363
0 3918 3919 0
0 3607 3678 0
0 3922 4132 0
0 1127 1131 0
0 1022 1022 0
1 4369
0 4239 4300 1
1 3504
0 254 285 0
0 1391 1603 0
0 2381 2513 0
0 423 3636 1
0 3740 3791 0
0 4415 4558 1
0 4826 4928 0
1 1362
0 865 871 0
0 4763 4928 0
0 700 814 0
0 1486 1541 0
0 871 2786 1
0 3224 3270 1
0 4592 4596 0
0 1962 2070 0
1 3921
0 2072 2215 0
0 848 853 0
0 586 588 0
0 4449 4565 0
0 1470 1603 0
0 1706 1817 0
0 3857 3886 0
0 2526 4831 1
0 586 590 0
0 325 486 0
0 2349 2559 0
0 809 868 1
0 581 592 1
0 1696 1710 0
1 126
1 246
0 3611 3611 0
0 4687 4694 0
0 696 1518 1
0 3601 3636 0
0 3919 4077 1
1 2268
0 1096 1127 1
0 1359 1549 0
0 604 604 0
0 3975 4090 0
0 2315 2324 0
0 1358 1471 0
0 1660 1667 0
0 3918 3919 0
0 1683 3074 1
0 3613 3623 0
0 1888 2070 0
1 699
1 2266
0 3726 3746 0
0 2949 2955 0
1 3391
0 730 846 0
0 2936 3068 0
0 1562 1577 0
0 3306 3687 1
0 1680 1809 1
0 1943 2100 1
1 2335
0 583 592 1
0 1096 1097 0
0 4194 4202 0
1 311
0 1096 1098 0
0 682 4322 1
1 2560
1 3679
0 604 604 0
0 734 857 1
0 848 861 0
0 695 698 0
0 4163 4168 0
0 1179 1293 0
0 587 595 0
1 3834
0 604 3038 1
0 883 4920 1
0 2698 3624 1
0 2373 2550 0
0 3871 4437 1
0 1020 1647 1
0 2921 2999 0
0 3604 3644 0
0 3084 3133 0
0 1096 3694 1
0 3392 3392 0
0 584 595 1
0 2561 2638 0
0 1624 3746 1
0 773 2570 1
0 1751 4555 1
0 87 245 0
0 604 604 0
0 4342 4385 0
1 4148
0 3393 3393 0
0 744 2666 1
0 3639 3660 0
0 564 564 0
0 351 484 0
0 4690 4694 0
0 322 350 0
0 3680 3715 0
0 604 604 0
0 252 2299 1
0 1615 1626 0
0 1174 1316 0
1 4143
0 4483 4517 0
0 558 567 1
0 1762 3109 1
0 1819 2030 0
0 1653 1662 0
0 2643 2719 0
0 4679 4692 0
0 852 2590 1
0 1606 4724 1
0 1030 1654 1
0 287 294 1
1 715
0 3393 3510 1
0 4245 4258 0
0 453 1027 1
0 2028 2070 0
0 2998 3648 1
1 1125
0 1605 1608 0
0 3443 3594 0
0 604 604 0
0 3146 3177 0
0 3826 3845 0
0 1615 2644 1
0 608 1115 1
0 581 583 0
0 3213 3233 0
1 4191
0 488 535 0
0 1903 3077 1
0 1665 1667 0
0 3762 3799 0
0 567 578 0
0 4192 4205 0
0 3990 4035 0
0 3693 3724 0
1 104
0 2608 2609 0
1 580
0 908 991 0
1 2452
1 711
0 2779 4223 1
0 3392 3393 0
1 3234
1 1017
0 1678 1685 0
0 3742 3824 0
0 1096 1098 0
0 4157 4174 0
0 4192 4234 0
0 2359 4027 1
0 1676 1689 0
0 570 577 0
0 2275 2315 0
0 3965 4135 0
0 3539 3562 0
0 3476 3594 0
0 1097 1098 0
1 2424
1 311
0 3866 3866 0
0 3918 3920 0
1 2616
0 1607 1609 0
0 586 588 0
0 4161 4162 0
0 604 604 0
0 710 846 0
0 1123 1259 1
0 695 698 0
0 306 368 1
1 847
0 4451 4488 0
1 565
0 4440 4477 1
0 289 289 0
0 1651 1651 0
0 3506 3546 0
0 1096 1096 0
0 3726 3780 0
0 3106 3144 0
1 2640
0 571 1108 1
0 1657 1663 0
0 3748 3798 0
0 4144 4186 0
1 2677
0 1460 1603 0
1 4008
1 644
0 606 633 0
1 311
0 3074 3112 0
1 4191
0 291 300 0
1 601
0 3919 3925 1
0 2160 2239 0
0 3726 3734 0
0 1609 3151 1
0 3262 3390 0
0 415 1342 1
1 3818
0 581 3392 1
0 1758 2033 1
0 3691 3697 0
0 1676 1682 0
0 3918 3918 0
0 1628 1667 1
0 310 3813 1
1 3267
1 1095
0 4631 4674 0
0 4470 4526 0
0 1606 1609 0
0 1163 3762 1
0 1648 1651 0
1 3673
0 2758 4455 1
0 4765 4852 0
0 606 607 0
0 4732 4791 0
0 435 584 1
0 3451 3594 0
0 3146 3146 0
0 1096 1096 0
0 2768 2782 0
0 3177 3202 0
0 848 870 0
0 263 291 1
0 1611 1623 0
0 1098 1127 1
1 4583
0 1 53 0
1 1099
0 2801 2884 0
0 1024 1030 0
