2805 2916
1 2
1 3
3 4
2 5
1 6
6 7
5 8
3 9
5 10
9 11
11 12
1 13
6 14
6 15
10 16
15 17
9 18
10 19
8 20
9 21
17 22
19 23
1 24
4 25
5 26
18 27
9 28
2 29
15 30
19 31
6 32
19 33
4 34
33 35
13 36
5 37
5 38
26 39
16 40
29 41
26 42
11 43
8 44
32 45
18 46
10 47
47 48
4 49
3 50
37 51
32 52
35 53
43 54
52 55
35 56
55 57
21 58
14 59
46 60
56 61
57 62
45 63
7 64
8 65
61 66
17 67
64 68
40 69
68 70
35 71
68 72
56 73
65 74
42 75
57 76
23 77
33 78
69 79
43 80
40 81
41 82
51 83
3 84
38 85
16 86
14 87
30 88
49 89
38 90
80 91
85 92
44 93
56 94
22 95
73 96
44 97
20 98
60 99
36 100
55 101
76 102
21 103
34 104
51 105
69 106
28 107
89 108
102 109
4 110
40 111
27 112
109 113
43 114
14 115
114 116
94 117
70 118
62 119
104 120
28 121
99 122
72 123
107 124
39 125
8 126
109 127
80 128
65 129
101 130
87 131
3 132
47 133
121 134
13 135
135 136
62 137
121 138
118 139
48 140
98 141
115 142
9 143
29 144
98 145
21 146
103 147
6 148
101 149
43 150
32 151
41 152
15 153
6 154
144 155
98 156
127 157
148 158
84 159
97 160
102 161
135 162
29 163
30 164
54 165
112 166
158 167
79 168
57 169
36 170
161 171
77 172
33 173
62 174
5 175
154 176
151 177
52 178
51 179
23 180
133 181
159 182
152 183
75 184
91 185
146 186
98 187
11 188
186 189
76 190
40 191
62 192
188 193
76 194
174 195
179 196
14 197
194 198
120 199
7 200
100 201
113 202
129 203
107 204
161 205
72 206
148 207
96 208
45 209
186 210
6 211
169 212
101 213
56 214
205 215
105 216
46 217
95 218
21 219
84 220
10 221
151 222
110 223
172 224
194 225
47 226
106 227
107 228
98 229
200 230
217 231
57 232
120 233
164 234
228 235
156 236
6 237
80 238
194 239
147 240
162 241
113 242
162 243
87 244
221 245
156 246
6 247
178 248
82 249
89 250
172 251
7 252
199 253
253 254
126 255
99 256
247 257
242 258
244 259
205 260
243 261
101 262
238 263
163 264
212 265
219 266
159 267
124 268
182 269
80 270
216 271
139 272
152 273
90 274
24 275
154 276
126 277
274 278
15 279
204 280
126 281
221 282
245 283
113 284
103 285
34 286
46 287
119 288
286 289
163 290
94 291
177 292
63 293
7 294
217 295
170 296
200 297
206 298
28 299
292 300
51 301
47 302
233 303
121 304
239 305
196 306
97 307
141 308
195 309
198 310
281 311
96 312
178 313
206 314
3 315
180 316
168 317
303 318
236 319
175 320
116 321
111 322
269 323
284 324
176 325
70 326
49 327
67 328
53 329
166 330
148 331
285 332
36 333
117 334
65 335
87 336
325 337
326 338
18 339
84 340
236 341
300 342
218 343
134 344
7 345
209 346
18 347
281 348
57 349
274 350
207 351
242 352
91 353
283 354
348 355
9 356
354 357
193 358
183 359
294 360
217 361
208 362
350 363
232 364
93 365
81 366
154 367
264 368
124 369
95 370
188 371
127 372
309 373
293 374
204 375
126 376
268 377
183 378
34 379
296 380
151 381
372 382
8 383
277 384
306 385
138 386
315 387
66 388
139 389
348 390
133 391
167 392
302 393
162 394
62 395
385 396
247 397
78 398
211 399
292 400
3 401
226 402
80 403
257 404
55 405
200 406
240 407
219 408
97 409
229 410
47 411
99 412
112 413
156 414
393 415
284 416
217 417
85 418
366 419
323 420
317 421
414 422
103 423
320 424
219 425
226 426
178 427
252 428
304 429
412 430
5 431
98 432
74 433
398 434
325 435
67 436
329 437
246 438
183 439
122 440
54 441
82 442
223 443
135 444
406 445
10 446
397 447
381 448
48 449
359 450
285 451
166 452
55 453
92 454
4 455
113 456
425 457
412 458
15 459
397 460
186 461
177 462
272 463
68 464
50 465
73 466
425 467
356 468
219 469
202 470
224 471
339 472
404 473
58 474
464 475
340 476
176 477
41 478
293 479
50 480
344 481
173 482
9 483
483 484
5 485
306 486
351 487
447 488
23 489
417 490
186 491
227 492
405 493
66 494
252 495
435 496
58 497
325 498
339 499
309 500
97 501
71 502
383 503
96 504
266 505
49 506
385 507
157 508
95 509
466 510
111 511
170 512
368 513
69 514
165 515
294 516
339 517
341 518
274 519
293 520
117 521
31 522
289 523
382 524
475 525
389 526
312 527
334 528
146 529
242 530
417 531
27 532
527 533
312 534
298 535
327 536
120 537
1 538
534 539
466 540
341 541
16 542
313 543
168 544
248 545
41 546
175 547
322 548
302 549
328 550
127 551
349 552
75 553
159 554
432 555
343 556
206 557
474 558
421 559
342 560
282 561
468 562
81 563
78 564
238 565
85 566
343 567
175 568
438 569
142 570
6 571
418 572
96 573
318 574
521 575
333 576
368 577
109 578
162 579
227 580
257 581
459 582
166 583
22 584
521 585
523 586
222 587
161 588
449 589
311 590
551 591
122 592
162 593
114 594
126 595
307 596
181 597
441 598
195 599
398 600
541 601
414 602
385 603
523 604
403 605
573 606
456 607
327 608
89 609
37 610
23 611
239 612
252 613
462 614
136 615
608 616
56 617
520 618
190 619
5 620
564 621
320 622
90 623
91 624
27 625
503 626
295 627
75 628
177 629
259 630
309 631
300 632
571 633
229 634
599 635
12 636
179 637
402 638
79 639
535 640
562 641
354 642
268 643
18 644
123 645
604 646
616 647
466 648
623 649
405 650
452 651
138 652
24 653
245 654
199 655
186 656
4 657
208 658
546 659
58 660
568 661
598 662
437 663
634 664
3 665
251 666
615 667
316 668
398 669
437 670
126 671
362 672
475 673
611 674
183 675
516 676
43 677
141 678
455 679
231 680
214 681
405 682
270 683
410 684
415 685
129 686
305 687
258 688
238 689
255 690
505 691
407 692
152 693
95 694
441 695
583 696
18 697
668 698
206 699
327 700
662 701
16 702
658 703
30 704
308 705
573 706
351 707
324 708
279 709
306 710
37 711
468 712
286 713
394 714
161 715
517 716
459 717
497 718
700 719
527 720
7 721
673 722
275 723
627 724
692 725
709 726
184 727
165 728
617 729
725 730
547 731
448 732
594 733
388 734
66 735
557 736
542 737
683 738
60 739
170 740
651 741
299 742
58 743
285 744
445 745
93 746
618 747
298 748
36 749
493 750
604 751
413 752
625 753
95 754
185 755
247 756
496 757
731 758
715 759
674 760
545 761
131 762
732 763
92 764
719 765
557 766
224 767
337 768
248 769
547 770
175 771
721 772
196 773
56 774
751 775
656 776
189 777
82 778
425 779
151 780
436 781
200 782
494 783
22 784
11 785
364 786
265 787
450 788
57 789
703 790
98 791
531 792
625 793
95 794
451 795
560 796
403 797
689 798
96 799
737 800
610 801
480 802
717 803
614 804
288 805
72 806
434 807
766 808
86 809
587 810
72 811
539 812
337 813
517 814
755 815
169 816
789 817
159 818
226 819
807 820
242 821
356 822
746 823
324 824
490 825
562 826
668 827
651 828
656 829
373 830
192 831
249 832
508 833
117 834
323 835
689 836
169 837
771 838
190 839
211 840
278 841
173 842
174 843
198 844
202 845
93 846
461 847
334 848
400 849
565 850
56 851
417 852
515 853
10 854
663 855
502 856
602 857
521 858
832 859
773 860
737 861
844 862
247 863
171 864
359 865
57 866
728 867
107 868
250 869
803 870
652 871
855 872
399 873
584 874
52 875
3 876
363 877
125 878
838 879
110 880
282 881
732 882
99 883
753 884
648 885
478 886
485 887
158 888
467 889
466 890
822 891
726 892
855 893
759 894
836 895
817 896
834 897
207 898
835 899
521 900
536 901
65 902
778 903
590 904
904 905
126 906
546 907
700 908
564 909
834 910
35 911
656 912
261 913
295 914
94 915
631 916
378 917
95 918
788 919
333 920
124 921
431 922
848 923
894 924
252 925
128 926
794 927
1 928
621 929
635 930
782 931
201 932
434 933
76 934
312 935
696 936
569 937
13 938
646 939
635 940
918 941
220 942
671 943
122 944
785 945
712 946
922 947
536 948
67 949
627 950
230 951
665 952
30 953
873 954
929 955
211 956
510 957
21 958
173 959
232 960
328 961
857 962
650 963
61 964
687 965
74 966
617 967
408 968
314 969
365 970
675 971
869 972
892 973
630 974
486 975
115 976
940 977
565 978
577 979
661 980
478 981
739 982
47 983
221 984
31 985
874 986
209 987
149 988
496 989
787 990
533 991
167 992
596 993
514 994
724 995
709 996
94 997
656 998
628 999
74 1000
164 1001
803 1002
731 1003
50 1004
810 1005
534 1006
922 1007
35 1008
776 1009
599 1010
725 1011
206 1012
560 1013
616 1014
712 1015
818 1016
457 1017
475 1018
860 1019
851 1020
279 1021
671 1022
623 1023
315 1024
656 1025
154 1026
410 1027
522 1028
756 1029
454 1030
139 1031
555 1032
414 1033
435 1034
805 1035
572 1036
777 1037
53 1038
26 1039
402 1040
676 1041
397 1042
315 1043
207 1044
590 1045
648 1046
887 1047
295 1048
155 1049
701 1050
922 1051
567 1052
781 1053
12 1054
597 1055
526 1056
540 1057
757 1058
180 1059
912 1060
55 1061
1054 1062
240 1063
778 1064
1056 1065
35 1066
884 1067
977 1068
380 1069
520 1070
929 1071
123 1072
688 1073
1059 1074
746 1075
91 1076
557 1077
138 1078
14 1079
1077 1080
1069 1081
537 1082
89 1083
233 1084
916 1085
891 1086
600 1087
388 1088
25 1089
704 1090
571 1091
40 1092
134 1093
7 1094
308 1095
75 1096
379 1097
192 1098
603 1099
977 1100
219 1101
244 1102
675 1103
516 1104
13 1105
919 1106
35 1107
173 1108
1028 1109
268 1110
1078 1111
46 1112
1064 1113
886 1114
905 1115
473 1116
79 1117
969 1118
262 1119
60 1120
581 1121
564 1122
1009 1123
638 1124
749 1125
451 1126
51 1127
344 1128
541 1129
946 1130
663 1131
1057 1132
354 1133
711 1134
958 1135
601 1136
698 1137
694 1138
1127 1139
715 1140
1032 1141
253 1142
428 1143
459 1144
627 1145
639 1146
681 1147
648 1148
927 1149
288 1150
629 1151
3 1152
610 1153
155 1154
149 1155
363 1156
516 1157
526 1158
1157 1159
1039 1160
144 1161
264 1162
373 1163
1129 1164
621 1165
517 1166
879 1167
1020 1168
1079 1169
573 1170
719 1171
409 1172
295 1173
246 1174
282 1175
49 1176
174 1177
145 1178
729 1179
576 1180
418 1181
82 1182
1105 1183
126 1184
783 1185
475 1186
428 1187
1128 1188
980 1189
1168 1190
964 1191
516 1192
1052 1193
601 1194
40 1195
545 1196
593 1197
921 1198
567 1199
1012 1200
1044 1201
1147 1202
388 1203
310 1204
859 1205
566 1206
1023 1207
115 1208
905 1209
1160 1210
760 1211
480 1212
158 1213
1073 1214
636 1215
1125 1216
429 1217
586 1218
1161 1219
39 1220
112 1221
1046 1222
980 1223
226 1224
367 1225
59 1226
942 1227
1224 1228
809 1229
892 1230
556 1231
1060 1232
193 1233
368 1234
372 1235
338 1236
1127 1237
65 1238
97 1239
798 1240
941 1241
620 1242
1190 1243
898 1244
1230 1245
420 1246
630 1247
715 1248
410 1249
836 1250
1239 1251
226 1252
296 1253
942 1254
775 1255
424 1256
187 1257
353 1258
951 1259
375 1260
1213 1261
562 1262
116 1263
1177 1264
1167 1265
973 1266
852 1267
695 1268
243 1269
677 1270
316 1271
319 1272
401 1273
164 1274
1051 1275
248 1276
919 1277
355 1278
610 1279
807 1280
568 1281
925 1282
417 1283
1052 1284
557 1285
537 1286
436 1287
427 1288
631 1289
733 1290
272 1291
114 1292
866 1293
825 1294
644 1295
1148 1296
1085 1297
151 1298
668 1299
328 1300
472 1301
339 1302
977 1303
1168 1304
669 1305
970 1306
630 1307
671 1308
1087 1309
707 1310
776 1311
247 1312
678 1313
1234 1314
381 1315
999 1316
1281 1317
1303 1318
1196 1319
764 1320
275 1321
495 1322
316 1323
949 1324
251 1325
534 1326
373 1327
172 1328
780 1329
115 1330
1180 1331
1076 1332
225 1333
585 1334
735 1335
1154 1336
1081 1337
585 1338
530 1339
159 1340
604 1341
742 1342
667 1343
85 1344
709 1345
528 1346
1286 1347
1087 1348
578 1349
904 1350
1339 1351
294 1352
1311 1353
290 1354
581 1355
1060 1356
156 1357
471 1358
491 1359
420 1360
1274 1361
1202 1362
171 1363
37 1364
694 1365
1010 1366
513 1367
503 1368
1222 1369
31 1370
756 1371
1282 1372
1049 1373
1306 1374
379 1375
817 1376
83 1377
65 1378
327 1379
1005 1380
847 1381
662 1382
1275 1383
237 1384
684 1385
621 1386
1175 1387
10 1388
525 1389
1067 1390
674 1391
584 1392
1177 1393
317 1394
178 1395
272 1396
923 1397
587 1398
23 1399
1373 1400
1155 1401
914 1402
1092 1403
119 1404
223 1405
453 1406
52 1407
655 1408
658 1409
1242 1410
1406 1411
1054 1412
677 1413
346 1414
999 1415
520 1416
1113 1417
154 1418
353 1419
725 1420
1338 1421
302 1422
1281 1423
163 1424
1256 1425
584 1426
431 1427
1042 1428
473 1429
873 1430
765 1431
453 1432
184 1433
261 1434
248 1435
549 1436
1332 1437
1407 1438
1386 1439
20 1440
865 1441
339 1442
1399 1443
837 1444
634 1445
1026 1446
883 1447
285 1448
1310 1449
235 1450
428 1451
18 1452
1424 1453
1075 1454
871 1455
281 1456
1415 1457
998 1458
40 1459
393 1460
458 1461
1254 1462
1081 1463
29 1464
149 1465
543 1466
142 1467
1255 1468
158 1469
1057 1470
341 1471
712 1472
1377 1473
1264 1474
1413 1475
934 1476
1084 1477
1352 1478
1190 1479
637 1480
1396 1481
791 1482
1266 1483
774 1484
610 1485
1230 1486
1029 1487
1014 1488
983 1489
230 1490
1470 1491
1172 1492
968 1493
936 1494
654 1495
278 1496
1171 1497
1174 1498
745 1499
844 1500
732 1501
417 1502
1067 1503
1097 1504
1264 1505
1375 1506
1454 1507
1477 1508
123 1509
220 1510
1273 1511
1265 1512
1113 1513
160 1514
813 1515
330 1516
96 1517
78 1518
64 1519
1328 1520
326 1521
1297 1522
614 1523
1457 1524
1435 1525
736 1526
405 1527
1427 1528
1360 1529
397 1530
1198 1531
1386 1532
1107 1533
1185 1534
995 1535
1184 1536
1520 1537
338 1538
560 1539
1401 1540
421 1541
1187 1542
1130 1543
547 1544
527 1545
1274 1546
1356 1547
1172 1548
295 1549
442 1550
1119 1551
253 1552
294 1553
151 1554
356 1555
1023 1556
1025 1557
1061 1558
1492 1559
1350 1560
214 1561
92 1562
1337 1563
448 1564
1513 1565
1127 1566
809 1567
208 1568
673 1569
576 1570
859 1571
1135 1572
608 1573
238 1574
17 1575
156 1576
758 1577
264 1578
1428 1579
1055 1580
1086 1581
532 1582
555 1583
1181 1584
535 1585
563 1586
1205 1587
1148 1588
752 1589
1043 1590
41 1591
128 1592
1293 1593
1359 1594
447 1595
953 1596
1368 1597
1534 1598
942 1599
1572 1600
321 1601
1301 1602
1013 1603
1359 1604
1415 1605
839 1606
453 1607
482 1608
548 1609
895 1610
1261 1611
627 1612
1401 1613
1573 1614
558 1615
1097 1616
7 1617
122 1618
1427 1619
804 1620
39 1621
1159 1622
1027 1623
851 1624
611 1625
92 1626
309 1627
824 1628
179 1629
1243 1630
96 1631
424 1632
498 1633
242 1634
1610 1635
637 1636
1162 1637
1418 1638
1169 1639
1224 1640
387 1641
1373 1642
477 1643
84 1644
96 1645
614 1646
1560 1647
784 1648
360 1649
138 1650
762 1651
803 1652
1118 1653
803 1654
1401 1655
1113 1656
794 1657
1160 1658
834 1659
1433 1660
615 1661
982 1662
1087 1663
666 1664
466 1665
748 1666
1027 1667
794 1668
901 1669
718 1670
945 1671
1490 1672
130 1673
580 1674
1459 1675
1664 1676
1147 1677
1054 1678
316 1679
168 1680
601 1681
257 1682
1195 1683
1187 1684
1162 1685
1185 1686
1275 1687
453 1688
1385 1689
577 1690
275 1691
545 1692
18 1693
276 1694
1543 1695
552 1696
1572 1697
455 1698
698 1699
96 1700
409 1701
728 1702
741 1703
238 1704
1257 1705
728 1706
1371 1707
864 1708
1111 1709
1697 1710
1051 1711
418 1712
986 1713
613 1714
875 1715
1006 1716
410 1717
49 1718
196 1719
1442 1720
369 1721
1583 1722
399 1723
946 1724
350 1725
702 1726
1452 1727
434 1728
1445 1729
1442 1730
606 1731
934 1732
105 1733
1222 1734
110 1735
573 1736
520 1737
811 1738
1370 1739
635 1740
1519 1741
836 1742
349 1743
1535 1744
540 1745
268 1746
644 1747
282 1748
1414 1749
1152 1750
1552 1751
667 1752
1336 1753
834 1754
530 1755
35 1756
1330 1757
260 1758
1502 1759
1239 1760
279 1761
1016 1762
792 1763
431 1764
305 1765
1363 1766
1362 1767
426 1768
1728 1769
1410 1770
963 1771
208 1772
1483 1773
1390 1774
584 1775
1618 1776
734 1777
123 1778
622 1779
1450 1780
1142 1781
1209 1782
1525 1783
1471 1784
1736 1785
1257 1786
595 1787
1337 1788
1683 1789
896 1790
1350 1791
816 1792
1721 1793
736 1794
404 1795
1060 1796
1053 1797
543 1798
1629 1799
757 1800
1296 1801
958 1802
1580 1803
57 1804
240 1805
1435 1806
465 1807
399 1808
1600 1809
1741 1810
1232 1811
1458 1812
351 1813
1800 1814
931 1815
57 1816
64 1817
114 1818
10 1819
1536 1820
1335 1821
1659 1822
616 1823
238 1824
1451 1825
507 1826
854 1827
1066 1828
714 1829
117 1830
1423 1831
676 1832
392 1833
1334 1834
1615 1835
1634 1836
421 1837
1126 1838
781 1839
181 1840
354 1841
984 1842
1619 1843
820 1844
1808 1845
1612 1846
1796 1847
1488 1848
1201 1849
1039 1850
1084 1851
1581 1852
1508 1853
1070 1854
1197 1855
1390 1856
589 1857
481 1858
585 1859
1755 1860
1099 1861
241 1862
594 1863
392 1864
81 1865
53 1866
1763 1867
17 1868
1170 1869
921 1870
344 1871
260 1872
660 1873
1864 1874
1404 1875
216 1876
717 1877
86 1878
356 1879
388 1880
1137 1881
782 1882
815 1883
480 1884
1613 1885
1136 1886
802 1887
1511 1888
704 1889
110 1890
495 1891
1221 1892
1396 1893
1635 1894
1412 1895
1350 1896
321 1897
764 1898
1101 1899
1807 1900
1035 1901
1197 1902
919 1903
1511 1904
199 1905
10 1906
1716 1907
283 1908
1274 1909
1738 1910
454 1911
705 1912
842 1913
1770 1914
1053 1915
1477 1916
371 1917
206 1918
519 1919
1281 1920
547 1921
451 1922
558 1923
631 1924
1434 1925
556 1926
400 1927
891 1928
18 1929
679 1930
629 1931
677 1932
1916 1933
303 1934
968 1935
932 1936
1258 1937
397 1938
924 1939
999 1940
1395 1941
1607 1942
282 1943
416 1944
819 1945
955 1946
1398 1947
795 1948
344 1949
650 1950
990 1951
1470 1952
1398 1953
1939 1954
1002 1955
568 1956
1451 1957
733 1958
949 1959
1216 1960
300 1961
474 1962
611 1963
1646 1964
1026 1965
702 1966
757 1967
643 1968
1086 1969
422 1970
1121 1971
1731 1972
1853 1973
1003 1974
316 1975
910 1976
492 1977
136 1978
1700 1979
222 1980
930 1981
465 1982
1567 1983
253 1984
1721 1985
308 1986
327 1987
420 1988
1369 1989
1175 1990
273 1991
316 1992
1685 1993
1527 1994
1826 1995
117 1996
1940 1997
1208 1998
805 1999
35 2000
337 2001
354 2002
105 2003
1352 2004
1911 2005
1809 2006
1089 2007
1897 2008
790 2009
212 2010
1379 2011
133 2012
640 2013
852 2014
1887 2015
206 2016
1069 2017
42 2018
1647 2019
1353 2020
991 2021
1710 2022
1996 2023
825 2024
1015 2025
1954 2026
733 2027
1573 2028
434 2029
29 2030
801 2031
231 2032
261 2033
1668 2034
275 2035
1432 2036
50 2037
1189 2038
1194 2039
502 2040
400 2041
1023 2042
1248 2043
1098 2044
802 2045
1984 2046
1445 2047
766 2048
401 2049
502 2050
1641 2051
1615 2052
1106 2053
141 2054
979 2055
71 2056
1713 2057
1885 2058
400 2059
1420 2060
493 2061
1748 2062
457 2063
631 2064
1961 2065
1141 2066
1153 2067
1039 2068
140 2069
27 2070
421 2071
413 2072
1714 2073
2057 2074
1727 2075
149 2076
1033 2077
1186 2078
171 2079
1153 2080
581 2081
746 2082
221 2083
1076 2084
389 2085
94 2086
404 2087
1674 2088
2067 2089
1287 2090
1507 2091
1331 2092
963 2093
913 2094
279 2095
1419 2096
1821 2097
1849 2098
1169 2099
58 2100
267 2101
908 2102
1225 2103
1399 2104
116 2105
117 2106
1356 2107
1464 2108
1688 2109
802 2110
1800 2111
772 2112
1961 2113
995 2114
2086 2115
1516 2116
131 2117
1231 2118
1048 2119
1863 2120
1373 2121
1593 2122
1789 2123
1406 2124
1846 2125
1027 2126
2048 2127
34 2128
1298 2129
2125 2130
402 2131
1911 2132
1198 2133
1759 2134
842 2135
1011 2136
231 2137
727 2138
104 2139
1734 2140
2115 2141
830 2142
1661 2143
1297 2144
1982 2145
335 2146
383 2147
1721 2148
1587 2149
265 2150
1012 2151
176 2152
1784 2153
1233 2154
1901 2155
1475 2156
1354 2157
868 2158
2109 2159
757 2160
518 2161
1700 2162
1197 2163
1840 2164
1149 2165
1465 2166
468 2167
1978 2168
1698 2169
876 2170
150 2171
260 2172
1874 2173
299 2174
766 2175
2007 2176
1283 2177
373 2178
968 2179
1157 2180
50 2181
110 2182
2068 2183
906 2184
867 2185
646 2186
2067 2187
1035 2188
193 2189
681 2190
320 2191
262 2192
1979 2193
2171 2194
1626 2195
1195 2196
1801 2197
1873 2198
1448 2199
239 2200
317 2201
1727 2202
310 2203
1428 2204
1154 2205
979 2206
1211 2207
1952 2208
792 2209
1158 2210
1153 2211
1779 2212
1634 2213
1909 2214
456 2215
1595 2216
1870 2217
3 2218
1183 2219
653 2220
905 2221
575 2222
1067 2223
2159 2224
353 2225
1491 2226
2039 2227
1431 2228
2097 2229
1970 2230
1797 2231
243 2232
152 2233
811 2234
405 2235
1313 2236
1478 2237
436 2238
350 2239
2038 2240
221 2241
2114 2242
1557 2243
519 2244
2162 2245
2048 2246
2045 2247
1843 2248
1266 2249
293 2250
2198 2251
244 2252
2073 2253
19 2254
499 2255
1854 2256
774 2257
145 2258
1179 2259
548 2260
637 2261
73 2262
1818 2263
1995 2264
1580 2265
469 2266
1932 2267
454 2268
1574 2269
1842 2270
534 2271
785 2272
2163 2273
1225 2274
214 2275
2110 2276
1058 2277
2119 2278
1935 2279
1289 2280
1038 2281
1051 2282
1879 2283
478 2284
1981 2285
1944 2286
815 2287
375 2288
1996 2289
356 2290
1453 2291
258 2292
1929 2293
1221 2294
2128 2295
1429 2296
2055 2297
1225 2298
985 2299
92 2300
1750 2301
1092 2302
196 2303
1353 2304
121 2305
2026 2306
798 2307
1469 2308
1042 2309
1083 2310
485 2311
121 2312
1081 2313
2097 2314
1910 2315
1181 2316
294 2317
1961 2318
2169 2319
503 2320
946 2321
610 2322
913 2323
772 2324
1914 2325
912 2326
860 2327
240 2328
556 2329
661 2330
2002 2331
775 2332
739 2333
2205 2334
342 2335
1768 2336
1615 2337
2326 2338
2209 2339
2128 2340
2067 2341
1732 2342
1096 2343
340 2344
654 2345
374 2346
85 2347
760 2348
2006 2349
565 2350
533 2351
1262 2352
184 2353
908 2354
1719 2355
640 2356
1262 2357
64 2358
749 2359
940 2360
1016 2361
2297 2362
289 2363
896 2364
784 2365
337 2366
2201 2367
1526 2368
1302 2369
1897 2370
131 2371
2052 2372
1508 2373
422 2374
2125 2375
576 2376
1178 2377
1523 2378
2123 2379
1964 2380
699 2381
2303 2382
1664 2383
75 2384
735 2385
1019 2386
1744 2387
2266 2388
251 2389
1002 2390
1467 2391
1378 2392
2348 2393
2115 2394
2343 2395
1578 2396
1657 2397
45 2398
1030 2399
1193 2400
428 2401
2034 2402
2266 2403
103 2404
1417 2405
780 2406
833 2407
1508 2408
1631 2409
1889 2410
544 2411
826 2412
985 2413
2107 2414
1169 2415
1328 2416
934 2417
1449 2418
595 2419
589 2420
217 2421
16 2422
139 2423
1970 2424
993 2425
1773 2426
2057 2427
1817 2428
2250 2429
2248 2430
1977 2431
593 2432
627 2433
1995 2434
461 2435
1632 2436
2035 2437
2237 2438
1331 2439
1879 2440
1564 2441
125 2442
1849 2443
1590 2444
650 2445
153 2446
2350 2447
555 2448
1037 2449
2435 2450
1656 2451
2205 2452
654 2453
2424 2454
1531 2455
345 2456
126 2457
2069 2458
1157 2459
1699 2460
1944 2461
45 2462
680 2463
622 2464
1546 2465
1630 2466
1416 2467
1106 2468
532 2469
452 2470
1180 2471
2300 2472
697 2473
2460 2474
1891 2475
491 2476
1624 2477
23 2478
833 2479
1468 2480
2164 2481
1362 2482
278 2483
1526 2484
1432 2485
422 2486
1279 2487
1871 2488
1724 2489
995 2490
1258 2491
2488 2492
978 2493
1739 2494
501 2495
351 2496
1298 2497
890 2498
1862 2499
1917 2500
806 2501
436 2502
594 2503
949 2504
1007 2505
10 2506
1821 2507
1556 2508
2374 2509
655 2510
1421 2511
1844 2512
2155 2513
1086 2514
605 2515
1650 2516
378 2517
343 2518
128 2519
126 2520
1841 2521
1607 2522
1368 2523
1717 2524
520 2525
2021 2526
1787 2527
1476 2528
553 2529
2522 2530
272 2531
559 2532
2096 2533
1244 2534
1787 2535
2278 2536
1452 2537
727 2538
728 2539
127 2540
796 2541
2305 2542
2477 2543
1360 2544
1651 2545
1941 2546
2441 2547
1888 2548
1325 2549
896 2550
853 2551
1636 2552
727 2553
1680 2554
347 2555
1362 2556
986 2557
2370 2558
1455 2559
1662 2560
881 2561
54 2562
1980 2563
239 2564
2343 2565
2245 2566
926 2567
1541 2568
2482 2569
160 2570
715 2571
1617 2572
1967 2573
2092 2574
253 2575
1923 2576
1579 2577
2192 2578
2011 2579
2511 2580
1639 2581
2040 2582
2220 2583
1132 2584
2053 2585
1764 2586
425 2587
1449 2588
161 2589
2231 2590
27 2591
222 2592
2505 2593
1616 2594
238 2595
337 2596
1089 2597
68 2598
1311 2599
1698 2600
1656 2601
805 2602
707 2603
871 2604
969 2605
2339 2606
1439 2607
443 2608
579 2609
1259 2610
558 2611
2507 2612
574 2613
1546 2614
208 2615
619 2616
692 2617
1089 2618
2358 2619
1375 2620
2012 2621
1853 2622
2610 2623
2497 2624
2386 2625
2158 2626
1499 2627
1901 2628
108 2629
144 2630
1141 2631
583 2632
319 2633
539 2634
456 2635
4 2636
2600 2637
773 2638
138 2639
249 2640
2636 2641
1456 2642
34 2643
109 2644
2513 2645
330 2646
1049 2647
1994 2648
2586 2649
839 2650
244 2651
309 2652
1119 2653
637 2654
1793 2655
740 2656
2282 2657
2154 2658
1441 2659
503 2660
2600 2661
1271 2662
2373 2663
1513 2664
2078 2665
376 2666
882 2667
2232 2668
2208 2669
2238 2670
2043 2671
1613 2672
469 2673
1118 2674
1407 2675
298 2676
1320 2677
2504 2678
557 2679
2662 2680
241 2681
1267 2682
226 2683
499 2684
1478 2685
1710 2686
56 2687
892 2688
2675 2689
551 2690
1362 2691
1820 2692
739 2693
43 2694
1665 2695
1775 2696
133 2697
909 2698
1606 2699
1028 2700
1071 2701
2397 2702
1286 2703
1552 2704
1982 2705
678 2706
1199 2707
175 2708
1700 2709
570 2710
1518 2711
412 2712
1768 2713
2105 2714
444 2715
1613 2716
914 2717
2537 2718
2365 2719
703 2720
844 2721
1184 2722
1672 2723
681 2724
2571 2725
1481 2726
113 2727
2365 2728
1540 2729
995 2730
287 2731
939 2732
1615 2733
2714 2734
1157 2735
500 2736
151 2737
995 2738
1036 2739
2168 2740
612 2741
1656 2742
1282 2743
2639 2744
1279 2745
2667 2746
1320 2747
1026 2748
1902 2749
53 2750
697 2751
1157 2752
1046 2753
1838 2754
2371 2755
1674 2756
1515 2757
2355 2758
1146 2759
507 2760
1699 2761
1610 2762
2547 2763
2185 2764
951 2765
1358 2766
471 2767
2185 2768
1169 2769
2040 2770
1668 2771
762 2772
1272 2773
1697 2774
1713 2775
1991 2776
967 2777
1883 2778
229 2779
2463 2780
818 2781
939 2782
1698 2783
1247 2784
335 2785
2629 2786
2649 2787
111 2788
2495 2789
434 2790
1677 2791
1590 2792
1987 2793
1388 2794
1354 2795
232 2796
1759 2797
479 2798
1945 2799
492 2800
2154 2801
129 2802
2618 2803
678 2804
1748 2805
1873 2741 724912003
1073 1486 884461017
537 1380 223976296
623 594 433048691
902 2669 905912454
2266 2081 787267583
2376 1137 373370469
2447 1925 303393949
1812 2596 251590117
1639 1842 145758238
2484 1851 907675940
2328 2512 679950930
638 1734 868996474
1112 2173 277591534
1237 563 534432994
2055 1821 16715576
1133 793 805124177
2503 2152 273694776
1785 2010 510223971
1258 13 643235777
1450 1182 844555914
671 2740 329258169
1026 646 198193489
2753 135 843840927
2608 791 749989425
376 1071 834612052
2315 1767 508266268
1141 972 697737916
2286 23 147490891
1209 1527 340786044
1046 1753 20994919
1052 1371 80590504
1816 2606 872645429
1135 753 399019104
351 1598 454969176
1337 1881 534375695
1156 514 712329881
573 1532 591703657
649 1000 809660535
1733 2335 731400991
583 2450 865417613
2060 1642 861315837
1963 348 119367804
2760 1661 369407221
179 220 813991263
1969 1260 865584842
1609 1491 80288894
1280 539 391946498
1384 322 618057164
844 828 586869212
2500 899 341075793
1381 2031 176181959
1566 893 46865560
800 736 489292502
2730 1658 337985356
2328 1306 373562345
710 2360 301419584
720 2802 530761936
2136 1004 410880948
79 1475 987249492
314 1037 826798037
2661 441 423065212
277 2797 781431649
940 242 791107414
144 1398 499199928
1997 942 717676101
1751 188 589568925
1088 1889 374122029
1587 297 973358317
944 592 175693150
2800 2406 772742846
455 2597 1060107361
2349 944 546276962
1737 260 11607075
465 1543 633219410
85 2260 470330806
187 532 744519878
1715 28 1031190578
1672 1404 40656815
2588 1470 66870380
1179 656 763911959
368 1029 422231571
2331 527 316296379
64 1932 356335262
1528 2679 175914385
772 2207 286021783
1657 693 190887784
75 1572 640502202
2149 1591 899578187
1959 1300 68858501
270 2803 616196975
1128 314 74578999
1173 2491 490571477
1014 1605 549040342
1083 1209 666458401
2612 1287 946755175
2338 1675 86115831
674 1553 265764116
1943 1479 815443083
258 162 113354078
2611 31 405489250
196 2784 16830265
1295 866 847610906
46 2667 191419807
698 1248 621278662
1338 2562 767828138
1099 2489 774394019
241 1628 260465091
1388 2330 316115658
2078 1208 284396173
1750 2227 688184091
41 1843 719970648
35 2702 237855029
549 2546 144169867
2341 837 902645773
1502 168 492628643
56 678 789084521
993 1740 1017836588
2590 54 544776153
2425 1130 469970557
77 2493 245060554
2788 125 171070909
2478 2550 160064902
1020 2020 841879585
1506 495 533813401
64 55 1007109171
1627 1762 1012857442
1166 215 828635377
1564 2466 446176826
610 1910 98213990
1248 2699 1019897347
262 2708 233200232
441 1635 275935014
2109 1100 447786621
197 2374 585211323
2768 1900 961556404
753 2490 574026886
228 584 173113919
2067 563 910580804
1617 2196 566128028
688 2522 220535662
2805 459 656793326
160 2680 491720143
118 2647 646741293
50 1784 907518546
2024 781 364523587
2212 1948 403754242
1950 2107 384755808
957 1934 69449731
1535 2187 278614575
1474 1569 650789878
674 2486 451428070
326 2438 661869338
2141 2464 1053917861
136 40 618992010
606 59 478465938
1888 729 100184056
2684 1813 584822673
2513 1656 71450175
1842 2753 1008985334
1695 2766 798461525
1922 1491 306145819
621 1801 419628966
1486 1929 516079216
226 2154 181173815
413 1344 607559263
2007 836 686138291
997 258 861122587
1664 813 494409129
39 230 721868283
2629 1250 1055531970
1355 646 189089001
454 654 475808302
1474 1833 201257688
366 974 1000791733
2309 1089 847432818
2171 1605 766692149
271 1936 560358377
1014 326 920873259
1385 1184 48433687
1311 2003 589454352
2114 1863 689146162
1430 1273 764590632
189 911 696302066
1418 1324 845134501
1400 806 508833189
1026 1194 915511315
362 168 610144842
1613 2167 457946917
1222 2736 965861474
1552 2214 265676209
1903 1035 425424150
366 2095 21993646
2285 1788 262931964
1545 55 1023721837
2117 1707 708429139
1785 1994 584438332
948 2559 1005647047
2185 239 449970811
1160 414 600818253
127 16 284063702
1138 1242 1044261995
1647 2723 309679237
1505 1109 857699256
903 2356 12738129
1662 2779 457593486
1839 2019 106357006
2800 389 334216040
1035 2108 906918916
1168 370 704337074
435 950 50089824
888 1574 430822720
858 1117 135349202
2455 263 832324242
1409 2538 458814735
2382 2105 1022937179
2125 2222 882695957
1866 1380 850046874
2076 2034 689670205
1176 970 1029949345
1542 2547 475711968
173 1797 812804186
67 2506 480423564
840 913 377857842
525 2279 225262900
1318 895 26278029
841 315 765503371
1634 1771 594960638
2530 630 136061083
1699 1141 443373993
1874 729 947049222
2262 1136 987029000
2661 579 179895656
2013 2049 587513730
1228 1877 596171111
2030 443 256564918
841 2022 266302134
581 197 348458306
2345 2701 502208468
2752 2392 537779706
1184 337 22945655
791 933 107699691
1354 1847 1056043558
1179 852 172910218
717 1887 273736537
1496 2395 537833105
1691 2103 293479202
629 2777 416401313
1814 962 1007903392
2431 543 30272267
1124 2302 917608325
1554 479 288303470
643 180 469015027
2118 2108 454728663
2219 2753 243769826
628 485 344366057
2738 1476 261643542
1838 1421 648314653
1708 219 44754427
767 238 745422368
2706 88 519451213
533 1280 1063395103
1509 2553 828214321
639 619 463814583
57 2233 115152544
1236 1629 412862590
1451 1544 57872810
589 81 702592326
658 1861 992896274
2438 1471 906747917
1585 954 237435352
646 2138 892609757
1008 1418 199705101
709 2244 469926721
1979 2730 32352073
374 183 824748776
2141 1159 244725527
1830 322 705797088
1368 616 557047936
2802 1006 775254626
1506 2535 371324124
285 2079 24666756
1365 2205 112321108
2784 1199 648384543
2791 1701 331547997
1142 1853 792699631
1500 1902 101096115
2530 2739 518634691
798 2801 1068175037
293 1748 621702586
507 1490 729080213
1311 2510 431069426
1577 738 446181295
2393 460 71136021
2524 2674 413159403
266 1258 592443788
2248 535 1067023055
719 2357 463913197
424 1981 925772634
2693 658 448095350
2256 1963 43441596
1238 1584 972127389
1234 521 76392828
2144 2496 1058005507
694 1381 156760355
1833 122 512890510
1014 1669 68357547
1101 797 762065637
446 630 981199158
1744 46 173411704
91 536 854811000
960 747 852404741
391 750 968619228
1806 553 312478888
1062 102 872424713
98 2508 54913174
344 1218 699896307
664 2374 885052043
2447 2420 373045401
840 1291 376563716
2442 712 1066189162
1046 1075 964648171
2640 2667 240673611
2310 2454 790717741
349 1668 778003313
886 2644 747329682
367 1710 450071062
1271 487 1021011093
637 1435 792373424
74 2598 254943744
756 1213 386000416
960 1405 1052386696
900 1791 192094958
2452 1237 1071546940
178 1931 772125089
434 2365 844539330
654 61 499744268
1830 2757 250969992
98 1898 988544391
1397 2780 715512614
18 2290 129941166
2199 1793 346013085
1804 282 965318707
233 2413 828398720
1859 1841 1072196547
790 1177 989205863
2566 68 293068391
953 497 47202818
2200 1503 174498374
203 1739 395451224
1333 212 795097916
113 2585 305060012
1218 2187 988634419
834 1318 1032404630
1310 2676 638616709
175 1419 695478626
742 2107 765262018
1206 222 696724395
1725 1827 200197838
1503 1443 670583186
252 1285 120181359
1205 1067 662585826
1570 1778 1042772118
1290 1328 604425609
217 290 479357867
398 1825 960235332
2099 1174 207641893
2332 1420 957989841
1570 856 409954069
2074 1500 733308111
542 84 225851912
773 1124 392480349
1215 2012 58910140
1392 1982 74413222
1582 1567 515685779
2287 887 67961994
967 871 657333730
1737 2189 989180910
727 2554 189796911
2426 500 232295784
2584 1955 395530722
844 685 1042580928
1262 849 365491264
574 2652 1008731880
57 1898 69136585
490 769 415599164
207 1443 835992243
1071 2673 987962895
612 599 31503437
264 2179 645544065
1558 2447 602515788
1077 2471 967344072
1875 552 74549177
1579 1144 639630729
2018 1938 611839702
2044 2404 776753804
2472 1189 760052230
2394 2649 291958562
879 843 474008208
1392 1637 993046790
2797 2059 787109884
2788 2353 687910783
975 190 695824662
1600 908 85474315
105 1226 148552802
472 1980 930663975
2428 1516 394354291
598 1327 571876130
2293 2745 148879409
237 780 800888626
1060 2535 446904874
565 1470 367260996
252 685 428502829
1667 1883 464297451
1936 1603 160295124
80 2599 314283153
220 1364 959517189
1341 1928 876369779
1772 1694 721041447
1699 453 746727273
698 1561 388620610
1937 2002 892885563
1902 417 622105961
2267 1233 285952727
992 669 568274950
1745 2412 297518685
1453 2608 409105945
1093 277 834429557
877 2365 239171750
1796 905 543315241
1986 1274 553410398
581 2143 1020030354
247 1496 741449719
1191 1045 595061595
2104 2514 1055194734
529 1272 1046697520
753 893 770025927
2319 2194 990242959
471 1824 882930399
1420 2782 935625629
1389 733 900145330
2302 1811 100519240
1732 2397 667564205
2462 2687 82755875
517 1277 836057798
1790 845 810261397
812 2346 639364130
36 2166 905843050
1866 2702 682347249
2351 1535 16124059
1747 1527 1058759532
1560 1230 762652415
1956 2371 64547237
1178 2625 349576986
1263 1137 1040208755
2634 2705 1036042047
2240 1095 43531559
229 2328 47665619
2521 405 913064917
2104 541 580326722
1505 1924 66729641
1677 503 1058199877
956 1606 511301591
525 1655 587769829
1766 330 363100090
2772 2687 709759751
2555 1311 380661116
1838 2526 849639381
874 1830 343440941
1076 2385 641226722
236 661 817669024
143 783 373264314
2610 2185 932160734
1930 416 698754213
2317 1739 359243804
1505 1762 271604505
1015 1226 861077483
2075 2392 411816441
2390 2207 513595386
1553 961 268760329
1458 2701 389473876
1210 826 951134443
1424 1314 727266036
1809 797 945791937
2782 1464 1002875637
1373 2110 1001396583
1762 2139 873810005
2050 1983 767104120
1769 320 721619868
2455 383 423138212
1129 1510 888335382
2116 785 398525914
1557 349 657589359
385 868 235628227
1121 1319 28442324
1343 2153 728760265
566 2675 563822946
342 2143 246314304
2121 1669 472385071
1674 1440 628109420
2503 1130 741902
2142 1963 64732190
2333 2738 77478548
1933 387 75545348
2418 1177 233430936
1622 2144 1028435556
1995 618 400491469
2057 2472 711423928
284 2348 461598029
2526 866 848238390
2232 2268 992044813
2721 2759 405351046
2467 1463 649610627
43 2440 1027334922
1157 186 55365049
1667 1438 693477981
2202 2363 851452693
2112 903 508141716
2230 2372 748499869
2666 620 920236881
2502 1603 99632498
2748 2148 388356444
1467 542 405383688
2400 76 973393033
758 1774 995697653
2565 348 739080021
2635 101 477996807
1807 1207 889424849
2440 809 757778831
2556 1396 432320069
1447 1783 643943390
86 2652 743120998
2479 2499 464889911
632 2103 1045228286
1564 1514 1063519418
1286 1517 649244028
2043 1259 37061795
2495 451 324832362
1804 1078 242807731
1844 282 930531248
1123 1767 245486883
2099 1321 1059305870
2373 1674 497396690
1545 312 334699184
238 601 1071889455
1259 23 647325650
718 657 1002791340
167 1851 627725621
2309 2411 199748257
2150 1435 784716301
1169 2468 693874867
2645 650 369746951
2456 1106 612509231
2366 2771 85477565
1952 2631 841825325
2415 2785 276146149
1122 1396 1003456253
2122 206 630149077
2737 1049 1039839586
852 640 1040111638
1624 984 893289080
371 2074 63751485
2797 878 834513608
434 692 18652726
1743 942 814667740
412 1684 776228751
2190 577 120466136
1541 946 571344141
610 2713 729495437
2109 2615 130575682
2498 2340 17596045
1511 1275 401865283
1238 904 213743244
1616 1955 765322452
2290 872 723619239
1827 2235 1005880687
1473 1086 432244170
1507 93 680396679
72 2256 317027317
292 151 722609621
2691 2805 787055859
1956 2153 786200813
2473 424 575243897
2763 2158 482091329
1673 1851 350442742
2039 603 483437718
345 745 6681689
1511 1218 196061673
1563 1202 1067171585
387 399 461479377
617 669 374904628
1418 180 126953240
2737 395 67996350
2536 829 235967484
281 903 224917682
675 1499 946565706
142 366 589789296
50 2772 756430646
1178 1076 14076502
2175 1979 614191102
570 663 888896055
28 228 985368928
2657 2752 610058054
1495 1333 155960576
2631 861 703161487
1485 1215 135684835
2396 2035 896145465
1957 1418 352856396
2276 2207 1004877754
617 2665 269384244
931 2091 446421274
162 1206 896869877
948 1031 601837126
930 165 588274222
723 1875 1051722700
242 522 814464689
1642 1629 711066491
1164 685 828946703
2735 390 858094851
1909 738 693065175
1160 1904 940546659
2677 2292 396506080
1124 415 195047373
2484 223 218292654
1166 388 273293035
225 1991 505677439
33 1608 766158375
557 507 162264270
38 1985 160928357
2601 2593 586666447
1791 1002 555504874
1766 1767 508149262
1095 1033 336300125
1903 80 888927269
2341 2179 112198238
2454 1275 81625279
197 694 21485356
2775 1775 290547526
1163 2525 55148909
2062 1541 629633940
2220 1951 844866882
983 607 424723422
172 728 684499648
1556 2300 1060574011
1807 520 161592366
2573 1800 277374884
2556 775 151089094
2620 2640 713894079
1535 1225 334480436
223 1433 792725971
1150 721 884872486
611 127 482572078
2611 2011 613159195
1290 1255 119252262
838 2053 979720523
1567 467 613597281
2064 206 674740863
1091 600 634123516
2067 206 75980492
313 2676 153926848
245 905 89519254
2653 444 507661636
2563 2130 914934819
1186 1917 112432514
856 324 1017029759
120 875 358602208
727 661 766333981
2555 1232 181752837
2338 1589 1006910157
556 1246 665667236
2066 1404 263253616
2596 2641 190619167
1775 371 931573691
1555 797 978211785
569 1329 279326039
366 1228 352142357
294 1532 388826197
1771 72 713886523
527 885 988460292
1524 10 980321204
987 2147 214761413
295 2610 1024190547
17 59 467618090
798 239 295257517
201 405 158942138
1224 1201 706797146
1318 1247 628982048
824 1898 555795633
403 55 873156534
70 344 399816357
2228 846 168478926
1365 849 539735540
1018 2611 589283394
666 1744 804444297
180 279 802675940
291 1513 606608623
1562 51 147107454
2491 1086 882337967
131 520 126671125
474 241 171844721
1548 1061 95182070
538 1974 102484270
1239 435 255289132
505 722 1045761352
1644 909 168412263
2499 1758 416996070
1900 685 596368761
1019 647 310477033
2588 556 300775785
1676 1792 102673823
108 1972 791008357
511 2558 325646130
2622 2160 931117885
1089 1826 375165192
58 1609 139435345
339 1879 1048897865
1860 487 803857580
966 997 916129845
2195 156 226632568
1187 1567 957514253
2414 2740 894331461
557 2500 599518208
466 762 130118539
2584 1625 175947112
781 1798 864650566
1381 508 944838504
947 818 41167497
1015 909 969853428
1540 948 951857821
1386 2488 68202383
1450 104 7991827
2349 482 42159012
1166 2210 120027255
2486 1178 873185275
1663 873 888662667
2063 1933 819078241
2725 2296 146429418
2731 1414 281569364
1456 650 741359665
2140 2370 817818837
2343 298 547303831
398 2545 246523394
999 2722 857502869
653 2481 769614906
2515 2388 456258522
2415 634 784273516
641 1762 331900940
2242 173 198170516
706 2772 1050354771
2384 1774 906567517
2111 219 1064653987
204 444 79145491
1603 1988 539101006
2100 304 1021347811
295 27 303621588
2793 552 384952456
2696 1637 745862204
1229 1296 577343463
973 1196 952879696
527 1790 206485478
808 451 535799696
474 2430 1034932912
1865 607 705144025
1362 2350 105049546
1068 360 282760680
166 1278 239425537
1066 1945 948463010
918 1949 15488715
744 2415 549692532
1206 135 417704831
754 941 800921871
1739 495 753165119
2421 150 304498571
2722 489 295362376
204 2731 328888336
1154 2091 114504378
671 1630 338211152
1146 1175 726849721
1249 126 725400636
2218 41 847622458
500 1718 506621879
2104 722 734918251
373 73 925404578
1265 2789 896242580
2120 2094 522483700
817 184 1029549601
2563 2358 398917394
1678 1603 822187995
2026 1619 11071808
209 1143 829382056
2651 1366 760351432
875 2634 24341531
757 2392 928086249
930 1883 443841494
685 2424 913478222
933 1259 377166102
1800 1781 629736432
738 1557 903861315
1894 124 739183734
1527 329 463142086
2782 2231 796963056
205 1842 90761298
418 49 682962999
475 2392 567170435
454 307 574649269
2269 82 342092102
430 2308 956468116
1030 2463 1047914507
2512 2501 9029933
1099 1870 315538588
1576 928 505678776
608 1046 189738232
985 2051 367279703
2446 443 203176359
190 975 1049977902
1942 2422 17426123
1593 776 62323870
32 1248 296600585
1532 2130 412795447
2722 93 160929595
1004 498 606663818
125 102 574060838
1739 743 512655591
1207 623 686488243
1848 1249 831345381
145 2647 1069780644
1421 406 569393737
541 1277 445670271
543 1795 127335541
2562 1382 630037053
1592 1898 111538803
649 2282 455590754
2749 889 278482209
376 340 850007083
364 1226 745316303
892 964 15082673
1288 2171 558890713
2243 962 50102043
2294 609 840078269
1546 2689 1465286
2559 1667 417334326
573 2052 665648180
2134 798 836997906
2637 2385 608722387
350 498 152715539
323 2527 1000995322
1903 2537 192899146
783 386 542845378
2536 903 450421692
34 2452 95648130
1892 1408 107718029
692 1561 1030701891
1009 2585 203970474
1619 1522 600122194
568 1466 432630011
1586 2771 474219479
54 2259 913055060
2334 2169 1041465997
2130 2358 558773041
1823 504 889130546
1950 2271 236050124
300 793 353435653
1418 2564 57828100
1970 1022 12496341
135 291 1060947
1558 400 562722950
249 1145 549486152
523 768 184329696
2680 1130 1007496708
103 2170 505398558
1377 1188 203186114
1216 2126 817023875
804 699 115968379
274 1006 1056146671
1238 848 615699361
793 1473 293059656
1968 1027 55026426
2181 2265 453144789
2402 544 745051776
1229 1282 303237736
2673 1008 367989286
814 2588 356079105
2237 1351 523054024
98 2552 263558061
1550 821 1068681951
2391 554 961784782
2772 1194 647359913
366 791 465423652
2759 1657 1003907975
995 1382 294496760
401 1330 566027833
210 561 60679130
649 1519 657584478
2060 2368 821863416
1594 351 342949641
2006 801 46111208
548 1198 718484631
128 2575 1006291893
609 1328 629732704
610 939 989989819
1970 1919 120389178
757 453 954901068
2351 2454 838980754
2765 325 364050141
1525 838 1005325341
1735 2330 84281675
143 304 957041546
1372 414 1010817684
1063 2586 478022378
388 2539 729817641
2631 1855 909057107
2038 2666 430919873
1309 1918 414562343
1681 510 191574342
1292 2525 232586415
2237 1748 672689530
2463 80 800480003
2709 1596 265516190
66 847 423433087
2291 896 194981765
1170 1835 347833573
1981 1013 662887770
596 504 309573770
2776 2515 836930765
36 1047 631215291
605 2205 292388769
776 946 176402535
1493 1176 837880999
1214 1458 243443226
2333 301 93117893
573 930 955595534
242 128 695203483
1606 2504 576951272
2760 2754 1004305249
2782 2550 173743686
733 15 762240495
137 1434 235505836
1932 1238 847379560
832 192 108917169
1199 83 356584749
2799 250 461210609
200 2590 628853433
1575 1359 315189773
489 1197 1005573149
674 23 281306765
877 2431 1049213660
2658 2469 1028613009
2054 2405 721949150
1587 1188 925745089
801 1312 225236835
2642 1044 948832795
33 1161 580543670
2742 1506 409558515
1131 1260 1069097977
1162 1519 307049186
2651 832 668258345
1059 2611 795572556
1956 1519 114183976
131 2785 343626727
1326 2729 652804478
936 1370 216022294
256 956 487386592
2743 768 165874371
2184 2531 84225710
124 1794 361414212
1493 2228 823407360
2124 1605 501678575
820 1502 242435600
2747 2221 311039894
181 2678 720707665
1313 1092 797563053
2348 2560 886698144
1818 1622 592778298
2356 2749 667249678
797 2375 105870589
2374 740 365598287
1628 1745 254920087
2041 1167 61317940
1647 2649 917944438
2327 2661 748720971
1895 2140 378825006
555 1192 601896192
1568 2463 791723719
736 167 918868354
2017 1677 594730345
1994 2579 638607165
2437 1440 917802084
891 1213 7209549
1128 2327 442736037
1911 2566 180053788
547 2352 823320431
615 59 974728608
592 1507 747694819
806 844 333679653
825 230 913435883
2252 1729 99164263
1944 2336 203704384
1568 578 522641413
1155 1544 574889081
21 1909 993801265
949 109 909315273
450 924 465528268
854 662 445320832
2761 231 286472982
127 2209 1002612010
1140 1472 796487719
2437 2165 119061280
552 2188 600726694
2672 1163 1048055986
2480 1987 734421457
617 2360 680294979
2173 2093 74867885
660 360 621901490
1550 335 279523033
1691 1821 516536321
2116 2673 827959859
1200 2415 497250423
729 2510 155877092
2117 129 524067659
2141 431 1239977
375 2413 192997041
714 566 713341088
2522 2762 853484764
1561 184 737952214
1436 2418 915700700
1896 533 1017710161
1122 2552 1018613847
1428 961 330931469
1870 606 135412814
1284 493 324858714
1282 1001 621415020
2231 2392 544935158
697 70 1034735326
1327 549 951347070
229 2181 754295850
1563 1178 622780254
426 1523 764772573
851 600 71696812
727 2608 718959905
1066 1896 623920414
2492 1842 1033025651
2300 1047 631977082
179 2026 197747086
2273 567 594151978
2721 411 243420295
345 2800 972187947
57 75 199848686
2435 1451 313336046
337 2291 998376252
2163 2478 525082282
786 2524 539974123
904 2076 194074787
640 1242 982737035
184 2097 381875329
296 2581 293429074
460 441 644812648
176 1564 367395906
669 598 213354931
1595 1416 948050203
431 2105 663736832
2529 2044 537942107
1951 2684 928357552
642 985 875366774
484 846 742555918
1192 549 488130434
1628 2205 622757489
1686 2121 207555717
1103 282 774888412
882 1076 245455011
1761 544 265797084
1221 1751 732817712
2629 2699 713323347
2199 1546 889244738
106 2264 333068660
1730 1297 716587671
2167 1132 87442200
496 1507 459128587
1194 2638 1056038150
2644 81 967051896
547 1244 223501998
1939 2349 1013720885
2519 1564 711481814
1488 695 393683341
1505 151 289860217
878 865 750052554
370 365 7849817
1110 1569 896861440
2037 472 815914984
2321 2146 696511331
2779 2785 915733916
276 1141 445911559
1505 892 144868832
947 2580 391255697
636 1655 411157764
842 2586 562009161
1570 611 210112320
1322 324 603221768
178 664 158545784
989 1002 754032617
373 643 994795023
171 1956 249219329
2586 262 395247927
243 314 472632589
937 727 666932163
1652 2676 23393806
639 2021 838108372
1866 540 380639178
1059 2201 991217211
887 836 39726948
346 1307 4466304
2534 1091 949554933
1468 1729 778978725
2549 1788 736363022
1865 2273 394837355
98 237 386944167
22 183 771650004
2674 622 7101806
2411 2713 138407270
1175 927 247183588
952 1220 47634698
1999 432 729120847
1241 1667 579399928
1863 2746 241144557
1419 505 66228672
2775 283 902026467
2230 2372 748499869
2055 737 777749094
233 130 843629052
1740 2457 548866382
481 1263 604024127
191 144 516213891
365 2328 97963962
665 1546 838683663
2566 951 924466289
2357 2036 810489706
1480 1206 592478656
2541 2584 330657677
428 2295 940497498
2414 1870 70422186
2159 2499 899222426
1442 824 27702707
3 851 950584434
2517 876 966998356
2647 2064 240674265
665 704 532540509
1131 485 790144100
14 2288 183363798
2396 2355 259504989
2705 255 131234870
1364 397 357236971
962 2566 970282063
792 2501 225312886
468 2174 836461797
1125 580 650346211
641 1453 801766241
834 846 975928041
2446 1312 348111036
1945 1873 389168856
2126 1019 240466048
2640 809 513831143
1977 1194 895711593
1418 2162 410983252
2468 609 725296801
473 1821 6777765
2582 94 459879820
6 435 247859660
2231 2570 875758796
2109 1191 1003892180
1146 924 521463426
2586 475 860724826
387 2669 1015981717
1797 1398 695581475
1185 505 222498067
1454 1997 382878504
265 936 320906633
2270 1685 79401608
531 1778 379464214
1045 2585 353044138
1160 40 297126431
1778 1827 881158843
1892 2678 966602047
985 1250 403742612
430 278 106845221
1709 2011 259651247
2427 1287 548410177
2645 1972 543118673
310 262 189881611
2519 370 588386121
1517 618 826113965
1720 179 309924129
1546 2325 545777886
502 920 1040314013
308 2254 510996856
1208 965 365069532
905 268 836379166
184 2694 442192677
1524 1297 167142845
1040 1845 178502053
2087 1141 544110954
2570 2239 516049677
1988 2007 606678111
1523 1338 172654324
442 850 474961231
949 874 684883475
1451 207 773678709
14 121 640749994
1629 687 387998154
515 284 339847980
1115 2577 700191393
981 316 981045427
819 261 484620404
2355 2630 737176385
85 1609 387430010
2091 2387 826125600
198 771 298902104
734 2626 636200681
2120 2094 522483700
1589 1382 1051441925
2248 1549 1006346621
1445 755 107739985
2139 2486 13325301
1446 399 479495331
2224 1715 995563578
375 1128 99397770
2357 1292 363500754
731 1758 612431608
2675 1398 1032363091
1854 2244 955471639
1705 1687 757851546
2629 1065 49503183
509 626 262284598
1241 1974 526762404
2241 1946 137777765
399 2066 722078103
1617 2515 960144643
2529 2649 116049898
858 2021 460722737
1613 2772 480754943
1001 2395 630189887
2710 2150 626257277
1829 2461 252575477
2290 2096 434640226
1833 1266 509016860
2097 1196 743143391
1041 2327 258119016
684 2267 54646741
794 401 108672839
2758 583 107168659
1842 1715 106968437
2369 1316 643199629
353 648 420529867
2780 1040 11350108
1336 1923 136491046
1339 2025 58192219
346 2208 376874772
996 685 230051084
572 2429 224375997
1929 119 862203885
1629 1559 527797778
1732 1088 330804858
1340 2745 79061317
770 2353 23651756
2741 355 302546479
625 1779 914566350
2210 386 888203391
2353 68 386193025
213 2474 190366342
1499 809 581721024
622 795 1051939477
2662 2153 127526266
141 1692 262394477
2536 1378 19416725
675 1130 173046775
2114 1696 675768564
196 1338 309133846
160 2624 1015190305
815 1219 91506140
1484 1878 735529670
482 148 762731363
2408 664 555769743
2746 1392 395875232
1450 1004 238887298
1988 753 594260018
934 2228 74212226
2321 898 816922615
164 1766 634099511
1630 1099 511560679
1269 2254 39045219
711 473 266457914
2254 738 850244620
1376 416 903019007
2635 775 166366257
2556 2764 389599296
2595 1293 972126412
2350 292 869772828
1283 2023 14752543
1 2674 300693658
2237 1563 777379256
1090 2042 82230100
846 820 1051342610
2488 2571 630496890
959 2223 449888384
2598 487 129197500
833 696 1000384104
1337 468 938085055
576 1630 363113440
1342 2740 743643381
1608 918 202850507
523 1936 925419610
227 2126 548794251
844 1357 39386021
1927 2005 732913447
2244 2543 205489274
858 2765 10191486
143 1163 98879541
2489 2707 893142462
2261 1816 210898625
2475 1584 1034262891
902 1933 414910129
169 825 112468378
2155 1370 821580414
2125 438 866445361
2077 1518 967136053
2067 2465 773717130
2501 468 837286795
2449 2206 573947627
1590 801 721479381
1088 866 202840552
2005 2175 1061131662
1538 780 379367128
2235 1286 742382790
2419 2545 391210910
896 1985 408169445
1801 2340 316809962
2470 1230 253524331
1043 1337 22726835
179 118 364433642
1195 1352 716784569
6 898 295328051
15 404 863648649
275 1822 606081077
1526 2345 536228731
1885 1284 903216272
2298 2433 799638148
2303 1262 474065166
418 2523 364658416
1186 2075 614816758
2054 603 187751335
2673 789 373069901
607 1973 716908400
330 2547 433173265
665 220 963806439
332 2146 204707168
2045 1432 262343744
1312 58 464543482
1959 484 625967969
1458 826 950210623
943 1496 710425285
179 266 898721742
767 2121 840335587
647 631 297401909
168 2447 364774190
2105 1074 3490142
1064 75 305001297
823 2405 152106485
1775 871 165997128
1613 134 837946008
785 2521 30064776
2093 1650 962969226
1467 1850 473300340
817 995 740406310
1283 2687 168021744
2132 1162 304609853
319 2265 54715511
443 1069 655533763
231 2410 988003289
290 2377 701131375
480 224 871482783
434 1093 978471882
655 511 1025393338
2169 2375 799646383
1938 1314 1059907355
1482 860 991592136
307 168 935522289
2769 1370 565425276
1061 612 28546054
1158 1445 601814762
90 1429 416512976
2363 2676 429587788
391 327 528391167
487 1231 253469426
2666 762 420001089
1440 2516 188993052
239 441 351164044
472 2312 1036581909
1618 1501 8927145
99 1329 111751454
575 517 515208876
1863 2147 1046755807
658 1889 803539061
223 1300 77635020
163 2023 254966510
70 1528 301330584
971 747 379049537
2765 1703 362093811
2573 1800 650479154
2440 1557 238957076
581 1078 112856214
1353 1814 704400393
1202 909 586040153
2523 1060 163179614
1741 2175 391074777
2686 287 195646391
1686 1256 4023907
1246 555 820326422
2175 2673 1050289779
2394 2717 983051579
162 616 97490439
944 2042 1024173670
1452 53 625502122
2016 1178 603176034
2009 750 190758314
1554 754 171749547
2148 532 814268648
1007 968 921068581
460 2637 886672493
1194 204 885901755
817 2287 321228090
875 2144 1017459821
764 2081 377548578
1253 2391 420284661
1732 1251 748286128
2648 1737 965059311
590 1463 890783496
1531 628 767207373
2511 447 192796124
499 2633 582519378
202 1588 513051713
2375 1666 139903712
2675 762 280453752
1092 2000 374821150
1111 1213 981937245
2139 341 645147177
1846 2235 666670050
251 2090 205344630
1927 307 811743296
1875 2203 628839185
1125 2062 946813332
180 1690 248071745
971 2761 290545440
2567 2146 952988335
1177 2200 729102578
2482 2718 1036157755
1169 2475 23825973
2655 422 1021657774
364 1356 65714119
2269 2416 317428703
1285 417 586163723
1490 698 865799511
1911 1766 251410947
1613 115 340285220
585 692 79068870
420 2365 42923293
1608 954 410521190
958 1959 552947233
1805 1308 806602674
2458 2193 21415677
1872 2465 283461065
1245 2495 851101404
2748 1289 560298972
1455 467 409270921
2764 1562 173384285
524 690 299478878
1794 71 270596350
123 2187 650822948
2290 2022 385817964
2322 45 338557179
667 739 790943568
1704 2384 187428488
1241 930 51140940
1484 628 388166476
2235 1827 755983996
2019 1268 538255638
1479 1637 983874024
905 2400 199454826
2367 2338 1049464625
2603 691 607197956
1133 1868 248541040
222 1697 458057244
10 272 50524008
534 215 17244309
2205 1777 53691582
524 1930 530560200
833 1007 508781466
2054 2119 472391556
2150 2406 100445064
107 612 627718627
261 1291 675935998
1062 2015 894597021
112 176 778123284
1824 991 80335885
1189 2215 381605028
1634 1381 1066102366
1008 1341 645318542
1574 863 86212056
1100 2292 219615317
1769 2479 1003323031
1604 959 699256615
1764 903 598524878
2739 2039 927804597
1075 946 689617710
2234 1358 873458907
2732 335 264623917
1734 1814 997407022
2575 242 311770414
2152 1172 451593342
242 128 976814011
306 562 1026371553
669 1812 415497895
129 1699 773197452
2024 1982 958948855
477 195 761504274
573 1883 578896088
157 641 657716935
1889 1632 531631803
1212 590 888567352
1282 1289 586727856
2451 78 238929895
3 1835 356995971
1694 1096 45134593
2476 291 919811779
1336 1440 131927764
1338 1366 50909557
2741 2495 334120041
1076 2505 204495573
2289 2260 212242290
1206 453 764688986
2725 162 24578974
2308 2024 857798879
2751 584 968321360
2653 359 907735806
1308 2094 744939211
1170 1751 109550374
488 2688 959008067
2616 1321 1046043852
2070 645 347950826
1281 2356 593622416
2001 949 425206976
2486 2625 551395553
360 715 316828370
213 2164 691801151
1373 1246 395569232
1763 2280 264106083
256 1882 232997579
154 617 244691554
2799 2409 17851631
980 519 488527275
380 2112 185237182
2471 1187 1010273201
1961 692 458430537
2559 335 815517483
1514 1332 914630637
2189 1921 320428628
745 793 108214515
1352 598 510071353
1061 933 962785472
821 1173 430610877
1385 2522 42094529
153 1014 928700713
1370 866 799600297
210 1197 1065197072
140 2240 548380657
1148 1654 1064013932
2324 1743 222450650
2694 985 859680625
496 2154 28422538
676 1558 48589058
607 1333 545811276
2127 52 315633577
492 2677 285307882
929 788 127670718
1499 545 592566132
1892 2735 679420160
1630 777 397605020
825 584 306844395
231 646 707479794
1026 1521 474517484
132 297 30155251
2400 1344 758775580
1679 2531 635659055
1723 1620 909284660
989 269 540266077
2177 643 73520202
1655 2496 852071081
92 2116 136184029
1196 37 312190735
750 641 64717881
465 2080 618558088
1333 408 1061687667
2239 2114 345559432
845 1688 281689251
2340 1365 578018506
1418 1233 838820108
2744 2417 1035651001
1580 1288 587078629
2728 244 604284837
656 1488 934346785
759 1642 561414852
1617 2388 886578518
1121 784 163190516
561 2135 356185684
1457 2501 1027873157
619 1396 855792419
1029 468 746013589
587 1469 532255171
2657 310 946770064
301 2465 811858002
2484 213 452386577
333 2662 941859833
2722 1867 909820970
1414 739 849005994
263 1790 235891023
703 170 57368589
2255 2208 501191244
46 881 136016997
1912 2710 708720692
1013 1391 164744882
209 702 1059966986
1736 2157 599367380
2035 1073 315435118
752 676 78156880
410 1845 224277180
1813 2396 249261881
1175 1075 78683842
1868 1550 640406459
2419 2204 601103541
2355 965 851865616
652 1180 437810384
656 1523 728342832
2184 1771 1073714792
389 1434 376129594
318 2111 390636428
646 1866 161841831
299 1334 811147811
803 1700 422283020
431 2049 212480634
1320 1645 123035448
2384 1226 465346700
1423 947 322428257
1686 1851 298087217
2111 2296 135690461
2449 1094 22351281
384 983 798839407
2680 2445 514914886
282 1963 247133229
242 522 814464689
610 1777 1026365900
1861 1191 2505951
2649 1400 563745394
2331 263 278630930
330 2582 878393487
2016 151 746158128
2085 2000 787493668
2363 1068 664779982
734 1339 488240279
128 2575 1006291893
1419 575 504159862
1928 1509 361720974
2486 1924 202822395
619 1956 741640082
1565 2465 751595860
139 818 923607362
361 1711 607968440
2559 2563 748386680
2614 1359 278819932
2456 1308 24834782
56 1615 58693978
2505 682 583219377
1289 2225 441002688
2489 2202 116797073
1553 353 194441500
666 2720 515793915
1413 2297 547704356
2111 385 623254732
1389 6 1052774835
1802 1092 102081380
227 612 160013628
712 414 86702387
1927 1962 122779772
156 221 458242907
2248 2089 447374800
464 126 144767268
203 1956 481203079
2516 840 339223339
2775 2529 202800926
2769 2035 603467416
998 1706 671644580
930 2150 627755229
2400 1727 1014509451
1083 2199 594865107
23 1563 330849072
2124 498 880776260
2769 851 662770039
1202 448 553215293
1006 1908 146190797
2208 2299 672601142
1044 2545 207091981
436 671 559859718
1529 2734 1063682025
1721 1992 791350443
460 726 8389324
987 1487 1038540867
627 398 266319686
641 1563 816554398
1919 88 150558490
159 168 378127635
931 1992 812281737
2438 610 265504820
1082 342 189636783
2633 1261 594221899
2640 1705 542688416
1359 2784 296719785
858 649 825335718
2758 278 254676254
106 2409 597544534
1273 1050 275861054
192 955 959501667
71 1997 231790528
2342 1476 519186191
2034 597 522309612
1980 432 174255680
1428 917 1023987834
366 1944 239388947
1189 1640 903870124
86 574 275457678
2500 1940 603981769
130 1263 64116530
1848 1399 306076418
1339 2061 102032525
978 2617 1057540861
2141 533 682891182
2647 1335 407590304
2057 1936 162864528
555 1291 346918071
383 427 78844673
434 1543 114321930
2373 2247 18227012
329 286 743832189
1480 1070 881512211
1279 1094 1044411357
309 87 106993101
117 1927 694545224
1076 314 566100780
651 625 71730162
161 1048 292181745
1624 1067 452385182
254 888 143362701
2763 2641 258856079
1240 2406 45097860
1436 816 778256610
1120 981 1021451840
980 706 769639169
951 1961 331809826
1782 2385 321148671
2022 557 470640464
2188 2291 658149475
2579 1887 571878741
1189 2431 1060999173
2128 202 203935518
2802 2218 898165613
561 2304 226924716
443 2539 474614631
2410 444 625899536
756 215 710267861
1480 2056 689714670
1738 883 188254152
552 2350 996865598
860 831 682245121
2051 451 104131856
1562 95 634470599
2756 246 529180632
2097 2618 943144445
683 377 1016351668
2693 265 526624240
945 1887 655732752
72 2769 1063870422
2278 2499 21237615
2739 934 28097873
123 2187 650822948
2323 537 321087601
1185 170 430669749
2490 1647 483242719
260 850 939364708
657 2578 316301178
1488 2082 194861381
2364 574 489871924
904 2221 496570182
1627 2350 689751906
1924 1563 876627732
268 1582 153596626
2154 289 356191697
2452 179 28729266
531 1846 682145075
1934 1203 989798293
9 292 694320010
2431 1357 964525194
2125 164 1045903492
1176 2447 834273967
414 2429 438047887
1236 796 456020940
1204 2149 861203954
1104 567 521875585
953 144 992271553
1919 255 93245777
244 1901 380799150
1516 1460 423982502
2350 696 972393330
514 105 333876132
2395 1503 934419864
2443 1947 715521028
121 2019 57069547
466 1797 656770425
789 944 354420274
744 1141 1016330125
233 1823 640345011
1586 879 357160102
2203 596 916086170
1552 1584 163710100
115 863 86347093
315 843 44211971
348 1045 784601256
2296 2341 124226092
2543 1041 109666029
1902 1945 860578853
2448 566 474928125
791 582 775497432
1688 2455 856545011
1712 608 342686762
576 2333 668818737
933 130 1066603223
696 2106 657955526
2134 395 906681563
1470 2371 518041154
1797 653 338469210
1131 899 67853713
2713 2433 886090036
1990 828 716349897
1355 1574 295121849
1219 2629 244436442
1846 1517 758243928
2037 2590 990509310
1637 2770 367457438
2631 2755 985690284
200 1272 377312609
2414 1068 1045834904
1680 1084 726943857
37 1919 374508838
612 917 1069075786
1933 2592 212810940
2401 812 1021762864
1898 2774 287829709
1655 465 930374025
2000 1508 931180202
2324 2457 595990513
2467 2245 717024210
550 1938 1035634003
1863 1177 499511921
2399 2081 242301476
1585 1899 103520260
406 1952 187134797
846 2005 578983442
354 2536 337580901
451 985 332452679
1981 245 555057745
1425 1181 157514553
2093 1125 1054119128
1492 2336 117850502
1302 1958 56753419
2279 2226 97981069
1539 2445 508035182
2035 459 355794620
2244 552 625010695
2550 472 552619305
2010 1713 966392075
43 2064 366455757
1929 989 683719043
84 1025 602934248
932 1552 376332707
532 135 500044727
593 1288 703649165
2234 30 466380947
1560 2081 609937626
28 2550 924001150
1305 215 841847947
2116 2228 410273554
159 116 783449725
233 1184 287253332
2453 2630 299463609
788 508 9150808
1496 2590 497215357
2587 829 581439319
1608 1021 907608087
848 96 456973504
1524 2219 884207423
944 33 1043849536
1393 30 223630510
2746 1227 888428959
1129 307 903975051
2018 2524 867697769
1721 2268 919079274
1921 2225 862842114
1999 1346 993915677
601 1493 966592194
2722 2140 576924528
1628 2119 164731128
1198 548 557665865
1859 1015 457022553
1630 2122 142819029
1020 1148 215811706
2070 195 873263592
434 872 856224405
1834 464 315222673
1328 978 990305245
758 334 441612865
1870 721 777268403
520 169 563877794
162 717 818446433
1548 586 185810437
352 1760 224367376
353 1701 439310435
56 2093 1034674141
381 71 9029202
978 1047 930038140
114 222 135917827
966 2770 510377493
2141 539 372164796
1588 171 866709444
1684 1409 145507533
12 747 547442860
1305 1960 706586439
854 1962 1030735746
2009 244 746664264
954 304 1033609412
1697 2179 262520388
2232 1820 92961309
2350 1664 34231810
204 1756 816214546
10 2415 773743932
481 460 745360666
2071 394 3836305
2363 1083 49852518
1947 407 847619480
206 2707 120044219
1854 2288 1050543423
469 2507 798505793
2200 691 715246171
194 928 764388506
939 2166 46620825
2697 1363 204301122
2191 1421 818023284
113 1755 1016237623
771 1437 117162730
94 371 130728852
2212 1171 986356535
801 1590 721479381
716 200 886919871
300 274 171104543
2106 2316 617170793
1920 2417 600796052
2298 2524 896447367
2063 1083 1012214393
469 786 822550868
2701 2158 49193045
2131 79 503790061
48 273 959402740
754 1500 851710122
2409 2228 231972204
1755 60 605799568
1712 126 546856635
501 143 532580053
1910 1826 219966851
1971 2336 912942402
589 510 836879082
1373 804 155586797
870 522 767323515
1954 224 361213749
2009 1833 464372467
2255 1577 810695062
692 455 245418605
133 1654 642109505
1853 307 931699791
384 703 833113654
1717 2236 484268919
1833 2286 347346619
1532 2491 1064295208
2073 2253 698969651
1729 529 91258040
2228 655 62215245
780 462 969463196
1195 761 212421059
682 419 262900237
2619 2360 873468627
2111 1487 592151938
362 2673 166996257
1633 2484 672910933
1258 1786 461119081
2262 409 522250584
264 1395 447451476
2261 1997 84083191
738 1211 1068833991
2296 2375 1023246262
2410 519 232015418
1091 2585 819838334
2523 2701 828966380
2340 1954 977427084
1840 2621 269501139
2042 2136 278212884
2193 2222 665711365
228 1046 598533200
1488 998 659706411
75 195 385087289
2523 2619 567999877
2473 2482 445722164
724 2088 411285375
2225 1479 800602524
2650 2063 598880433
2599 2256 142526732
1978 2367 734570648
210 1188 325989860
401 2597 463182050
1585 149 79525156
1503 1177 613202808
2596 1526 240330784
1338 1260 82555906
2512 1168 458899781
2167 960 716529248
1635 1351 30900791
2572 524 1016781543
2592 1577 933776865
2703 342 396040357
539 255 957205303
454 2349 465289010
1239 2589 218058153
2065 1476 489942824
1444 2771 130111053
2507 2370 744635352
1975 29 141231705
1946 573 847005250
2212 2454 613323066
830 1644 304626953
219 2001 913793902
570 1864 185475099
994 1603 527019801
1413 696 351304756
2521 474 990569842
1970 2125 291768279
93 2214 846856132
601 934 242401000
1334 63 431273685
2226 438 537764064
265 459 853618855
1656 480 907894089
229 2351 408119196
139 1423 642700970
2177 1962 827969577
872 560 1028896260
1164 2783 753926317
1343 2588 299181933
1457 1968 88196597
2422 1414 666119057
2790 2025 971844626
2384 1148 544565031
219 672 786464245
721 2363 507716837
818 1615 4245587
1674 325 697077319
452 2774 27132068
2257 786 850822142
1710 1549 897303475
1432 23 261532796
179 1565 354795766
712 1953 103438229
2034 1673 968952289
2766 1620 640020663
2658 363 586083568
427 190 868340721
2332 1631 736191849
2061 1941 199424891
833 641 79212560
899 572 265089896
1054 2572 135540267
2238 1597 378484537
2274 2583 762566499
1611 653 55942923
2025 1675 365062817
1785 230 45983262
1060 203 743261645
2037 1101 326322890
401 1036 10893300
323 861 597836130
1258 1694 425431897
709 1823 127664595
2428 26 580250889
1324 2730 793701784
1189 439 722848348
599 1985 518208186
2769 1085 222079968
2288 1607 581881351
1818 1964 303134152
2619 152 972419700
2205 2438 1016793537
599 1356 805901653
2712 2184 277606622
756 891 393208941
562 1018 80805407
1369 2600 851481559
1378 359 68444011
2652 2700 248970616
939 1376 929509763
284 212 897235117
857 2559 991981039
2534 581 1047419829
1861 2497 990621200
792 2012 508453779
767 783 503722472
938 2051 505911121
2639 2331 87012547
2142 651 982300151
2452 2208 726917303
1789 903 1068748509
263 2455 832324242
1698 1361 408898915
1824 1264 47398833
2387 1981 553966863
1308 467 24675915
1337 429 552557737
978 2433 773070106
21 1499 195613200
395 2791 906689887
847 2416 1066668229
1993 944 788427898
2163 1023 519496178
1374 2620 437511851
57 1214 610845040
1453 2381 61507529
2550 1175 332106855
1958 1350 902205245
2283 318 993061724
1237 1539 715133577
1971 2460 596608398
37 2775 786860500
2429 1647 122562443
2284 2355 431513225
1079 2481 401451400
1980 2014 649308391
2213 2399 1047546648
487 1300 862071620
801 223 569900992
1809 781 922172614
1763 692 533204455
236 2686 93018475
1665 14 459778441
1615 1118 850847023
493 1218 649120019
566 1683 982355905
1329 1880 289164334
1897 2089 400887850
981 2108 910339090
165 335 845444979
871 544 823787469
1791 2191 414763704
316 2035 1029720252
2113 1880 697587932
2532 2269 918853020
2603 1297 463340467
1198 901 152807848
2646 728 921770003
1216 14 23417611
951 2576 32786058
2084 442 991854479
2776 2515 836930765
372 1436 997047213
2688 858 965622692
2211 2429 917327794
136 941 850391519
1972 2327 956358165
607 1525 627125204
854 1752 341999949
1200 2172 646749524
2374 2604 495824290
18 40 188195055
83 42 1007809497
2093 2786 220906794
1815 640 95176514
772 2031 550771267
1381 197 489154152
1033 889 712315495
118 1183 16634651
1057 1519 457906674
1388 2015 7918413
266 1577 855208721
591 1780 915703578
2381 1041 34183878
961 2316 348301603
2592 1124 908168499
741 2161 781982337
159 1534 787208075
2460 521 847273000
1548 964 233458271
344 365 207835639
2311 106 91445274
512 2369 823312485
51 75 363009018
1278 2231 971114576
2722 2195 629226606
377 1154 1036974473
872 724 867945349
2592 1068 808921271
238 2487 423101813
464 1282 1006395151
2524 74 775696123
2013 2069 227124635
1828 1035 355949002
2341 207 553387058
2783 1138 219533173
2156 1234 891742719
1900 841 134598168
721 2063 117481069
1309 959 346576642
1651 985 640465777
548 2421 628156511
2016 917 208044990
1994 874 796351085
2751 1803 389392926
2169 790 956739573
2797 843 641326338
1537 1140 390130580
1600 1256 829683153
999 2039 257279080
1837 746 410115612
2454 1337 85380272
2061 1640 158405732
1252 1528 885041922
2008 722 934152469
822 936 573140986
1500 693 368875671
279 1188 941958762
1076 696 1067984307
139 310 119192700
712 2490 79001832
1674 146 224736475
1547 2456 792592032
2048 2101 112963748
1161 326 693400308
2225 1451 934741743
2014 276 476107533
1064 1117 381210508
2500 2642 1018233494
1086 2491 314800265
2031 491 1061472512
1098 2227 897415894
988 2250 562518104
914 1127 112578320
2741 1717 470519018
1984 765 409922646
2486 1184 637982416
2350 2198 544425218
292 2625 810483357
2502 528 565729129
2280 2464 906528302
2464 994 654850360
2687 1942 818620841
659 387 256486582
1853 2674 271712175
114 129 224338113
1067 2192 564643020
462 1620 169267232
751 2030 700552899
317 1944 392692419
107 2250 818509134
1223 1705 744699931
2523 2571 175817840
1537 1285 500401722
2564 604 317263069
1654 1184 1012480279
517 1196 209806114
1107 2654 936486231
2325 1363 320422612
2575 1303 1007126752
1812 369 271699642
1327 649 853431637
1320 695 1054590694
1729 1136 276040827
2086 2720 430113866
1350 968 645218557
1390 660 195861401
889 50 1004241841
1103 2463 393278675
878 20 64533074
2754 2049 647977903
2016 1569 366900095
2798 2406 779637775
598 290 592521538
2404 2594 320830252
1324 1922 15897201
94 2404 363961914
827 222 645034215
1808 2732 883090021
2055 1651 785045551
2547 852 90149292
2683 2014 640628501
1982 15 954011162
932 1750 374727274
1464 1798 909962090
1568 2577 102223188
2631 1348 266559078
158 1684 395655743
2253 1566 115113444
1729 608 511988119
137 948 440224868
263 1790 683581774
463 2573 427009558
1261 1293 772360334
1462 2187 523662711
2121 104 215747614
1838 772 182287566
2005 2294 103559567
2112 1067 1047457696
126 2163 751390469
1424 36 257699889
1711 516 329612381
402 2185 544595740
2324 1816 491159079
821 1435 460686021
89 478 712602852
2345 2128 94436157
841 125 510607387
282 2355 643400071
1164 1304 788661254
1347 2046 658441734
425 849 194627379
1156 798 938742855
1363 346 718574721
155 1596 994646115
2584 2092 1000793594
1698 1234 395604138
2062 2586 85045472
339 431 953340947
2649 2636 1059558085
2036 742 453494534
1946 165 201566040
2546 394 1054589457
2519 1332 1034733032
882 2518 406190665
220 1404 808333750
2428 369 900602568
1182 769 145062791
112 176 51789423
1015 933 132976728
624 2622 965193271
398 1277 428965566
1643 1731 281314279
2180 2342 391698646
1028 171 652747950
591 344 204649191
1828 2220 809658044
905 62 46476040
2803 2027 953844288
2038 466 723803043
1196 998 359656888
1938 1928 406576260
2349 2572 443637379
1839 1913 659865246
1890 2253 849340113
1320 465 68811011
2071 1460 322125678
1247 92 945463195
123 1043 15355649
950 260 947623243
740 1120 305425624
1857 815 541175603
2799 1261 4770484
2257 751 21441805
2649 1062 264665114
1043 1029 746205702
1816 1455 869525539
869 1988 217467433
1303 1053 965723994
1953 1832 1013842831
1836 326 11552820
1739 1516 793079410
2052 1974 106469650
2417 1070 247826225
1990 2618 997416724
491 269 102265238
1029 2679 260575788
942 1454 271898153
2277 24 399277699
1589 844 620178385
774 106 594611713
1070 1549 876190123
2478 15 813178435
1045 2805 90832375
2148 502 606599529
2101 2490 570847824
2043 1263 969362541
1933 1565 692757876
1309 1935 83031075
1783 679 611789612
2003 1453 426368062
1416 2786 135219242
550 443 421518247
1736 950 154169979
552 1748 133674439
380 1425 511630674
1133 2218 361823403
961 1563 412074858
434 2566 331443348
1181 486 670926097
1322 1778 154791684
477 598 396502138
1274 597 664819457
1865 65 395178479
2693 316 1065938743
1387 1572 721127533
2588 669 460882945
391 1383 672804938
421 1632 907115201
226 802 619286829
1580 1609 1070238855
736 1182 311104602
770 692 672098046
1346 716 411684221
417 2431 99036382
531 2263 625935506
1944 1362 403987956
366 1874 895376887
683 1805 559170488
784 1298 25028951
612 791 750467912
1987 1081 817847212
3 492 883325374
2374 2615 76993615
1019 1913 203925651
1290 2309 303177299
2241 1908 858053747
1820 942 571801268
2799 47 818275060
1509 534 879559919
2633 854 70858278
525 995 220275686
652 161 277169027
1383 1875 465540645
2307 468 877001830
1453 2522 1059392922
2270 2522 823766138
2441 2349 773779244
875 2097 932334761
390 300 297750315
1682 611 543608322
81 998 347897523
405 1365 728860464
2477 2628 404195380
2769 1858 671970841
2562 585 839091311
2070 549 478532986
1480 1340 121277276
1329 569 279326039
780 1467 564792579
2250 2139 925583719
2737 2156 717263919
2648 1807 857167577
736 1673 122540097
1739 1032 110783377
2574 1528 974615627
874 318 276022179
1774 2151 270577739
538 1540 276367229
1136 781 529786309
2738 644 869462978
1003 842 1066941975
797 396 540954634
455 995 202703617
2679 1332 337904822
2318 2287 868726980
2185 1716 230167138
54 943 954584684
2713 2727 1060193147
1139 429 557550738
555 452 686465964
293 2724 845792462
1314 1502 1029973245
2343 1795 768103175
2798 857 972992144
1985 1901 875033707
2574 1457 894816247
1080 2600 301182868
476 1281 348775337
1300 2002 33120631
1219 2654 59774697
34 1056 1055095828
371 1746 723811662
2482 1743 445932954
1519 1057 457906674
2706 2330 345276857
952 665 543197081
407 2027 860588107
801 1960 748973361
953 1452 735128367
1264 2144 470023171
231 134 581888792
1782 682 402147784
2353 1905 333696801
2062 1479 458088073
1526 2371 353523916
1169 474 922873843
2362 73 493769189
2356 140 926799207
571 692 665920571
2430 1749 956449260
1054 2370 348356109
1044 2096 440800204
1182 2504 584866029
2251 2773 282297577
2148 744 294265569
1779 508 585829628
2268 1721 919079274
2335 1576 70630084
1316 630 536115917
362 570 721901129
955 384 449322512
1139 1885 227712913
2056 2113 914914751
2313 912 329342322
338 2735 199610043
1755 1779 152296834
105 122 742450765
677 1777 88776119
600 976 216906416
47 918 173455014
193 1803 171727880
1995 618 400491469
2326 1508 1006293562
2057 893 1025962591
2761 1414 426669829
1041 1234 139359934
2109 1447 1064670845
350 2298 1053757805
2446 461 763215004
1504 2578 424068887
2460 727 597384462
1289 89 593751912
2166 2017 946746814
1007 709 314055767
1468 1830 657534067
1625 491 978771064
2781 1604 936071077
1641 1412 406242771
298 877 786150504
1353 1934 334542845
779 2670 646276405
644 436 644596843
42 507 495261233
1779 772 708633334
1767 1358 161033816
2031 861 1071226849
1859 1489 391464922
820 1993 325549533
2520 1777 233525625
395 933 18178685
1906 2596 545627246
903 1026 166395794
2507 2260 782579228
348 1100 272968532
251 62 270023163
891 2441 38130813
1652 1747 384530965
2719 1958 575907946
2239 1920 297068648
447 2138 248143159
927 2752 676918507
700 215 135474718
2227 839 505146698
443 2260 931121044
2527 188 446769128
1079 191 392487448
1334 1091 592278309
2725 987 760786207
2468 1161 794555022
313 2065 745713083
2573 1273 709661912
1496 2590 497215357
263 427 818714773
1073 1951 1005861346
162 1001 709317100
1420 54 231410300
55 1188 296448221
1590 1671 811949666
2206 262 253194328
147 493 584426089
2200 1692 602121385
2258 1035 78543965
1451 602 649386689
1195 1442 433893145
1524 1914 289342469
957 1775 487733813
1394 102 618732635
1751 784 865082918
2585 867 305947774
816 1715 703561679
2782 1070 982570310
366 612 923203180
29 1691 1024140472
777 1786 272973765
178 2359 575606703
2366 2133 566776117
2369 356 936892595
1466 877 593243922
2515 2196 240616208
1758 1700 852871860
2655 2610 661910964
197 1931 1037264337
764 873 648431813
560 1102 935074426
1771 1431 855476137
2568 771 495931043
2709 1659 523860909
2644 1970 907427858
748 7 660218011
2141 525 74987928
2113 87 430936816
1841 2557 275580814
2115 1280 345273789
82 172 606196874
2611 2366 29481530
358 1461 1068472348
1147 791 278484967
1355 2223 146098461
771 1460 628677040
1824 996 629477885
2490 1775 934528257
33 1957 786321290
1946 573 847005250
727 2139 159700507
177 131 609185495
2740 777 272260469
2561 1661 218872518
2373 2360 932131943
2080 2787 365726845
2591 358 719315362
41 559 304696373
2744 1615 994166266
1699 1639 485121773
1135 65 718545106
1817 2258 343152083
1189 2754 543136878
338 2735 199610043
1179 455 459167325
1733 1579 148895358
277 2760 722526865
542 2360 233773782
1832 2044 102729470
545 145 1001079592
1260 2025 107261995
2603 1807 101210560
503 605 202489146
2800 2027 419573595
832 1072 737052732
2008 1831 178565368
1132 667 426675490
313 67 598554820
763 1822 321442653
2651 232 632608187
46 876 871261479
359 1309 1038726820
390 181 52453690
1798 2024 640922885
2289 241 799321187
2239 1513 464264666
1775 1338 794257292
662 1745 807774325
2363 67 923951712
2482 44 588476113
1927 1262 627285369
1955 1295 953658615
979 1455 837389314
1043 1275 930613530
497 1797 811946050
1689 888 143020984
936 772 637173343
145 59 53897165
2125 283 457124348
1913 909 128769000
2284 1042 285723757
889 829 413709198
390 2150 1014363104
2343 1647 959629
1766 2726 414930925
147 344 489348225
778 988 126720764
465 2600 802962562
2324 79 312741934
65 1304 354558306
1534 2298 859739335
1441 2275 99482886
702 554 971790442
896 2557 517088253
2718 424 390139632
2410 888 330780987
2353 906 794192058
1003 1464 685557926
581 976 779255931
2064 2740 77270803
183 374 728143832
29 915 69437443
2766 2681 486431834
969 879 316757039
199 492 657828084
1830 1524 381769329
2294 2195 691808103
2136 630 72927357
528 1466 213647674
83 991 815721215
2712 1636 166900468
336 677 443430768
2363 59 702335814
2635 1562 616826622
2723 886 119391331
1787 1616 927306816
39 1175 169128076
2770 249 723590361
1745 1188 639015167
262 2147 727651427
1558 490 678291622
461 2433 184888991
2318 1400 1018714777
735 647 910252107
1343 639 841105153
1228 2381 429043121
1339 2295 496683702
221 2558 417566150
221 33 499098380
1032 154 466572307
1062 1603 31102577
102 2343 739214823
2679 2012 20498903
314 1698 662614814
337 353 972110665
1846 618 470588917
1441 2793 1000931736
1980 1278 456432186
620 1050 481765688
934 1071 355825668
2100 2616 443678853
2423 32 43350110
113 2712 861779670
1546 2663 814622866
158 2211 489988971
1336 2272 45872075
1129 1153 836096974
970 1583 973909148
1579 2427 537014036
200 2172 372919893
2187 2181 1050955660
1694 1083 999064866
298 2061 516919913
1373 771 770784623
427 2331 542575239
1606 1608 723261389
1448 408 629639434
892 2250 668211345
2687 2138 18138319
1813 1447 213808568
2461 1708 661629128
600 2542 202676102
1542 562 669682105
334 122 724905181
1165 1686 574059851
282 1298 224901431
1608 2730 191731676
1983 2675 221844641
2169 1272 469478282
2027 1473 256384288
2724 641 562149416
1348 518 323039821
2247 814 129409559
443 2447 974090914
1468 205 848246907
1052 1832 774610983
2184 2577 865400324
2170 888 381853909
92 1954 456754988
2475 2271 1054676036
247 2225 873152325
2008 703 511186678
2403 2047 1018369257
1400 1062 345270114
1725 856 421772278
96 1129 210336007
1664 674 1000773764
1677 755 520507723
2764 2301 553824208
1176 673 525573156
265 2615 205183282
1661 2494 987810640
2288 1007 434940211
468 2012 583506030
253 2049 420162452
2094 2131 7531757
2013 962 772629227
639 824 508362267
2730 1169 755875850
2509 575 714414256
2096 973 515286202
1409 1831 950177043
1511 1457 466414946
114 99 274376453
494 887 10394799
1673 553 563081275
1835 1108 1033515204
78 1596 995443466
2776 2196 1068830685
2222 1199 828309488
385 1714 108337617
160 436 192058242
38 2237 826770045
1609 2129 934483729
1456 2686 554924403
2179 2259 688158862
985 1388 272239303
1727 1641 214169114
2746 1982 335013638
1883 1667 833478658
153 2304 605243089
353 718 1056754277
1163 376 247790265
2505 2033 350699045
484 1312 645387175
2131 1727 801562547
2508 203 135357095
2596 2568 415531643
1152 221 560079615
2497 1348 139035086
393 1348 102305150
889 2587 539762072
2463 1082 263359979
923 1968 505055493
2332 1423 1051377323
1067 730 1025070964
1224 2759 18659769
1733 632 531862723
666 1364 941253250
2570 247 512347053
1009 788 188408462
120 1039 422651800
1182 1166 379379069
183 53 843507596
2406 2803 762378536
1154 1308 662429172
2453 2258 1032526292
2198 38 95545852
1303 940 28697240
1881 1252 716171555
1406 1483 822450045
102 24 875158744
2710 2559 419547051
378 909 658818773
2050 1742 42828435
2405 1450 269417505
854 1600 914094851
2404 358 716832271
636 628 528855173
1202 2578 922877597
2057 877 194038135
455 1575 98181861
1046 2200 497450509
698 451 107188103
400 511 770773593
11 272 504827832
1406 1339 975735871
2024 1016 383131054
1574 115 454797
1359 479 690660026
1933 1397 514872098
385 2786 847104285
2003 1128 869682360
1147 1259 8983322
2750 959 162010250
551 2356 141917842
1226 433 37871760
2488 1386 68202383
280 96 411648243
779 2772 851042108
2219 1368 1051662097
1948 1564 81798725
1830 2602 679130157
2060 1405 973476918
2588 2110 442748666
1708 1229 518638376
1987 1090 279503074
1840 1838 320603820
2491 2241 447145745
1806 2006 628478854
745 1856 291578672
829 254 215973218
2273 567 594151978
445 2020 563573156
1644 402 1063511885
2030 1987 839088924
2133 2778 632903114
643 2099 611726864
1758 1700 852871860
1043 2512 72277132
651 1121 390147534
1866 587 386930802
1488 2149 852859494
