2766 2722
1 2
1 3
3 4
3 5
5 6
2 7
5 8
8 9
3 10
7 11
1 12
2 13
8 14
7 15
10 16
2 17
16 18
4 19
8 20
13 21
6 22
15 23
10 24
7 25
16 26
25 27
25 28
5 29
21 30
15 31
30 32
12 33
29 34
1 35
21 36
28 37
27 38
17 39
19 40
22 41
35 42
24 43
39 44
26 45
34 46
21 47
5 48
26 49
27 50
6 51
12 52
9 53
37 54
29 55
16 56
53 57
34 58
45 59
5 60
41 61
16 62
42 63
14 64
4 65
59 66
61 67
37 68
36 69
42 70
61 71
62 72
4 73
69 74
18 75
23 76
38 77
32 78
12 79
33 80
66 81
49 82
2 83
60 84
73 85
75 86
41 87
27 88
74 89
79 90
11 91
75 92
29 93
28 94
73 95
94 96
43 97
97 98
35 99
42 100
43 101
72 102
38 103
90 104
25 105
58 106
85 107
8 108
13 109
34 110
92 111
104 112
56 113
49 114
47 115
5 116
44 117
95 118
114 119
83 120
7 121
80 122
32 123
5 124
120 125
73 126
33 127
114 128
97 129
72 130
61 131
34 132
50 133
61 134
61 135
66 136
125 137
7 138
10 139
41 140
32 141
14 142
114 143
143 144
142 145
46 146
36 147
38 148
98 149
103 150
59 151
51 152
50 153
58 154
88 155
28 156
54 157
102 158
114 159
111 160
71 161
157 162
126 163
36 164
144 165
93 166
165 167
26 168
56 169
118 170
110 171
22 172
133 173
124 174
145 175
38 176
35 177
40 178
107 179
128 180
56 181
126 182
128 183
133 184
141 185
34 186
166 187
164 188
91 189
61 190
44 191
31 192
123 193
114 194
22 195
25 196
1 197
67 198
198 199
161 200
114 201
33 202
185 203
201 204
74 205
61 206
143 207
55 208
151 209
54 210
176 211
20 212
112 213
180 214
51 215
85 216
143 217
21 218
200 219
212 220
164 221
152 222
156 223
154 224
223 225
64 226
220 227
46 228
113 229
24 230
112 231
4 232
180 233
92 234
63 235
58 236
119 237
210 238
14 239
217 240
59 241
102 242
84 243
216 244
100 245
170 246
203 247
28 248
217 249
198 250
28 251
237 252
51 253
48 254
209 255
167 256
82 257
140 258
58 259
3 260
197 261
244 262
138 263
33 264
197 265
169 266
125 267
1 268
50 269
243 270
156 271
135 272
158 273
130 274
64 275
11 276
251 277
59 278
230 279
116 280
185 281
260 282
96 283
208 284
254 285
116 286
15 287
21 288
21 289
190 290
262 291
16 292
236 293
115 294
45 295
113 296
213 297
286 298
117 299
30 300
157 301
295 302
268 303
191 304
112 305
245 306
88 307
78 308
234 309
66 310
95 311
90 312
289 313
83 314
144 315
293 316
149 317
145 318
212 319
3 320
295 321
36 322
72 323
88 324
218 325
285 326
1 327
38 328
133 329
39 330
259 331
181 332
122 333
77 334
5 335
197 336
177 337
200 338
280 339
131 340
184 341
144 342
340 343
59 344
32 345
334 346
248 347
294 348
338 349
304 350
247 351
280 352
40 353
158 354
114 355
145 356
251 357
92 358
217 359
191 360
212 361
44 362
119 363
174 364
344 365
159 366
81 367
227 368
194 369
42 370
351 371
83 372
73 373
278 374
138 375
131 376
127 377
149 378
335 379
229 380
363 381
62 382
149 383
100 384
312 385
105 386
160 387
259 388
148 389
110 390
373 391
282 392
378 393
345 394
133 395
239 396
252 397
292 398
259 399
233 400
33 401
134 402
332 403
109 404
285 405
205 406
342 407
181 408
36 409
325 410
47 411
185 412
151 413
35 414
148 415
283 416
375 417
413 418
245 419
179 420
284 421
411 422
89 423
266 424
63 425
283 426
193 427
421 428
16 429
344 430
403 431
53 432
401 433
319 434
185 435
291 436
188 437
156 438
217 439
231 440
1 441
365 442
232 443
406 444
430 445
42 446
164 447
298 448
326 449
428 450
225 451
31 452
247 453
78 454
16 455
132 456
67 457
306 458
172 459
128 460
331 461
218 462
403 463
410 464
463 465
221 466
234 467
293 468
223 469
61 470
130 471
457 472
77 473
414 474
237 475
120 476
301 477
331 478
364 479
96 480
452 481
166 482
341 483
183 484
93 485
392 486
173 487
176 488
231 489
195 490
385 491
226 492
481 493
366 494
25 495
236 496
124 497
174 498
62 499
87 500
361 501
213 502
466 503
381 504
113 505
396 506
61 507
127 508
282 509
304 510
398 511
219 512
17 513
79 514
1 515
17 516
63 517
50 518
268 519
500 520
490 521
93 522
406 523
522 524
370 525
525 526
169 527
467 528
9 529
104 530
446 531
258 532
178 533
258 534
505 535
139 536
11 537
1 538
240 539
66 540
159 541
48 542
77 543
88 544
301 545
303 546
65 547
206 548
231 549
137 550
447 551
458 552
164 553
227 554
303 555
392 556
247 557
149 558
479 559
559 560
133 561
199 562
562 563
454 564
351 565
196 566
120 567
196 568
101 569
148 570
409 571
497 572
288 573
546 574
490 575
308 576
473 577
211 578
433 579
217 580
403 581
203 582
571 583
353 584
526 585
372 586
149 587
283 588
535 589
238 590
372 591
168 592
241 593
470 594
242 595
237 596
110 597
212 598
124 599
31 600
62 601
262 602
440 603
227 604
571 605
417 606
14 607
510 608
340 609
123 610
207 611
608 612
155 613
305 614
17 615
155 616
55 617
42 618
340 619
193 620
550 621
247 622
398 623
12 624
187 625
107 626
1 627
133 628
433 629
495 630
403 631
55 632
7 633
13 634
413 635
286 636
334 637
401 638
410 639
466 640
606 641
263 642
37 643
130 644
125 645
143 646
576 647
512 648
191 649
497 650
233 651
78 652
616 653
552 654
509 655
620 656
5 657
463 658
194 659
540 660
319 661
334 662
503 663
655 664
118 665
219 666
283 667
18 668
456 669
285 670
593 671
45 672
472 673
485 674
452 675
566 676
283 677
200 678
613 679
651 680
382 681
22 682
441 683
621 684
250 685
12 686
444 687
543 688
270 689
398 690
401 691
460 692
661 693
19 694
259 695
349 696
165 697
115 698
171 699
315 700
217 701
689 702
158 703
65 704
608 705
101 706
56 707
460 708
704 709
517 710
263 711
281 712
556 713
270 714
258 715
579 716
675 717
641 718
196 719
319 720
438 721
303 722
712 723
514 724
434 725
189 726
351 727
464 728
275 729
52 730
247 731
647 732
210 733
716 734
425 735
32 736
376 737
332 738
662 739
578 740
197 741
495 742
81 743
341 744
194 745
731 746
404 747
606 748
31 749
369 750
681 751
342 752
526 753
588 754
434 755
291 756
226 757
201 758
349 759
41 760
321 761
550 762
77 763
333 764
602 765
622 766
402 767
362 768
671 769
181 770
566 771
247 772
344 773
203 774
177 775
253 776
231 777
453 778
110 779
614 780
686 781
515 782
782 783
608 784
357 785
689 786
198 787
394 788
633 789
14 790
575 791
11 792
733 793
297 794
627 795
342 796
13 797
480 798
706 799
698 800
86 801
265 802
220 803
161 804
191 805
693 806
796 807
472 808
467 809
617 810
338 811
583 812
589 813
704 814
750 815
727 816
251 817
215 818
778 819
79 820
379 821
119 822
17 823
614 824
569 825
2 826
657 827
730 828
547 829
98 830
494 831
254 832
411 833
306 834
754 835
372 836
425 837
625 838
322 839
361 840
39 841
68 842
442 843
389 844
495 845
385 846
209 847
100 848
96 849
408 850
567 851
484 852
333 853
503 854
563 855
155 856
724 857
411 858
107 859
381 860
456 861
231 862
518 863
732 864
656 865
276 866
120 867
580 868
566 869
648 870
671 871
640 872
417 873
844 874
56 875
302 876
120 877
264 878
307 879
194 880
197 881
831 882
233 883
243 884
734 885
677 886
234 887
230 888
295 889
53 890
788 891
457 892
289 893
194 894
516 895
419 896
469 897
583 898
502 899
506 900
643 901
485 902
534 903
463 904
787 905
126 906
332 907
90 908
544 909
318 910
288 911
362 912
168 913
583 914
806 915
697 916
570 917
671 918
614 919
412 920
248 921
292 922
542 923
390 924
213 925
588 926
141 927
681 928
712 929
286 930
531 931
541 932
651 933
570 934
160 935
641 936
29 937
276 938
862 939
777 940
880 941
104 942
277 943
191 944
59 945
715 946
151 947
162 948
710 949
93 950
300 951
467 952
81 953
332 954
199 955
300 956
317 957
927 958
30 959
232 960
11 961
477 962
523 963
686 964
890 965
266 966
281 967
432 968
357 969
840 970
3 971
280 972
47 973
695 974
439 975
397 976
814 977
47 978
33 979
243 980
540 981
328 982
735 983
881 984
257 985
983 986
488 987
379 988
347 989
760 990
137 991
887 992
157 993
215 994
773 995
326 996
816 997
68 998
447 999
64 1000
5 1001
144 1002
532 1003
256 1004
765 1005
46 1006
840 1007
579 1008
415 1009
801 1010
552 1011
946 1012
786 1013
523 1014
941 1015
646 1016
632 1017
274 1018
272 1019
724 1020
381 1021
936 1022
592 1023
968 1024
766 1025
45 1026
573 1027
102 1028
806 1029
4 1030
697 1031
918 1032
436 1033
807 1034
213 1035
780 1036
878 1037
964 1038
491 1039
39 1040
352 1041
136 1042
92 1043
240 1044
75 1045
846 1046
440 1047
527 1048
55 1049
271 1050
497 1051
113 1052
874 1053
542 1054
604 1055
1027 1056
1006 1057
818 1058
625 1059
529 1060
679 1061
577 1062
282 1063
57 1064
986 1065
268 1066
996 1067
20 1068
763 1069
855 1070
1040 1071
855 1072
432 1073
2 1074
122 1075
190 1076
40 1077
529 1078
577 1079
941 1080
1021 1081
722 1082
946 1083
727 1084
1046 1085
745 1086
851 1087
520 1088
494 1089
672 1090
371 1091
922 1092
323 1093
211 1094
170 1095
763 1096
440 1097
291 1098
430 1099
214 1100
487 1101
107 1102
491 1103
370 1104
783 1105
129 1106
661 1107
833 1108
560 1109
562 1110
1086 1111
348 1112
1026 1113
136 1114
165 1115
428 1116
666 1117
945 1118
208 1119
288 1120
989 1121
776 1122
137 1123
146 1124
1010 1125
36 1126
461 1127
789 1128
396 1129
224 1130
565 1131
412 1132
558 1133
114 1134
1088 1135
661 1136
462 1137
1096 1138
59 1139
371 1140
615 1141
1033 1142
347 1143
731 1144
230 1145
145 1146
1070 1147
507 1148
140 1149
669 1150
782 1151
889 1152
411 1153
207 1154
513 1155
471 1156
661 1157
422 1158
610 1159
1114 1160
1160 1161
750 1162
854 1163
577 1164
1128 1165
786 1166
845 1167
86 1168
956 1169
925 1170
498 1171
363 1172
277 1173
816 1174
92 1175
518 1176
538 1177
124 1178
926 1179
538 1180
138 1181
993 1182
1077 1183
781 1184
584 1185
167 1186
520 1187
773 1188
1171 1189
1030 1190
402 1191
151 1192
508 1193
641 1194
770 1195
1164 1196
1114 1197
362 1198
878 1199
412 1200
1017 1201
932 1202
81 1203
1102 1204
86 1205
409 1206
1141 1207
35 1208
709 1209
1041 1210
354 1211
439 1212
236 1213
230 1214
245 1215
1193 1216
517 1217
226 1218
422 1219
342 1220
908 1221
44 1222
39 1223
628 1224
126 1225
884 1226
51 1227
426 1228
1099 1229
131 1230
1070 1231
362 1232
389 1233
1063 1234
837 1235
18 1236
795 1237
107 1238
428 1239
833 1240
167 1241
982 1242
163 1243
1014 1244
1048 1245
980 1246
439 1247
290 1248
945 1249
513 1250
1160 1251
221 1252
168 1253
22 1254
1108 1255
201 1256
1088 1257
167 1258
179 1259
956 1260
579 1261
729 1262
643 1263
992 1264
321 1265
806 1266
116 1267
875 1268
939 1269
456 1270
976 1271
84 1272
456 1273
921 1274
1036 1275
275 1276
408 1277
34 1278
990 1279
1169 1280
812 1281
109 1282
568 1283
952 1284
312 1285
1193 1286
447 1287
370 1288
721 1289
123 1290
81 1291
804 1292
1091 1293
599 1294
919 1295
792 1296
219 1297
202 1298
872 1299
759 1300
1234 1301
239 1302
633 1303
1077 1304
721 1305
877 1306
540 1307
590 1308
491 1309
63 1310
1254 1311
834 1312
23 1313
24 1314
214 1315
200 1316
198 1317
1193 1318
852 1319
243 1320
209 1321
704 1322
920 1323
581 1324
185 1325
238 1326
965 1327
1018 1328
1061 1329
605 1330
782 1331
912 1332
337 1333
578 1334
254 1335
453 1336
273 1337
1197 1338
958 1339
1319 1340
889 1341
1169 1342
549 1343
227 1344
1040 1345
845 1346
1042 1347
1168 1348
456 1349
669 1350
18 1351
243 1352
649 1353
212 1354
598 1355
789 1356
1039 1357
6 1358
604 1359
809 1360
959 1361
321 1362
59 1363
1100 1364
786 1365
1331 1366
406 1367
76 1368
584 1369
304 1370
396 1371
1210 1372
1335 1373
332 1374
218 1375
22 1376
377 1377
197 1378
1316 1379
17 1380
1378 1381
1309 1382
668 1383
738 1384
503 1385
1277 1386
445 1387
1321 1388
448 1389
597 1390
30 1391
567 1392
439 1393
1013 1394
27 1395
417 1396
83 1397
1159 1398
1257 1399
1245 1400
1198 1401
1042 1402
1161 1403
82 1404
520 1405
165 1406
22 1407
43 1408
433 1409
1388 1410
1300 1411
627 1412
154 1413
524 1414
320 1415
576 1416
509 1417
271 1418
607 1419
48 1420
385 1421
583 1422
334 1423
58 1424
1295 1425
857 1426
1144 1427
501 1428
599 1429
631 1430
1289 1431
1289 1432
804 1433
667 1434
197 1435
94 1436
24 1437
1163 1438
713 1439
186 1440
825 1441
3 1442
967 1443
477 1444
562 1445
23 1446
552 1447
49 1448
195 1449
315 1450
1327 1451
690 1452
548 1453
1409 1454
861 1455
994 1456
854 1457
969 1458
59 1459
615 1460
543 1461
1311 1462
6 1463
379 1464
1337 1465
956 1466
1348 1467
22 1468
171 1469
814 1470
669 1471
214 1472
207 1473
181 1474
121 1475
1295 1476
373 1477
446 1478
17 1479
1379 1480
919 1481
590 1482
670 1483
772 1484
1359 1485
1284 1486
1019 1487
1209 1488
173 1489
1402 1490
895 1491
546 1492
170 1493
740 1494
1131 1495
1095 1496
221 1497
284 1498
1189 1499
1385 1500
965 1501
1497 1502
1105 1503
498 1504
565 1505
1010 1506
1129 1507
164 1508
640 1509
885 1510
520 1511
1141 1512
1323 1513
53 1514
571 1515
188 1516
1113 1517
785 1518
404 1519
69 1520
1106 1521
1121 1522
118 1523
1232 1524
1052 1525
933 1526
895 1527
87 1528
464 1529
926 1530
1353 1531
1214 1532
1223 1533
157 1534
1018 1535
117 1536
811 1537
679 1538
1166 1539
92 1540
1361 1541
1279 1542
898 1543
1077 1544
62 1545
1150 1546
734 1547
1389 1548
411 1549
601 1550
146 1551
424 1552
1255 1553
151 1554
1480 1555
1073 1556
797 1557
1289 1558
851 1559
1174 1560
1035 1561
463 1562
190 1563
1203 1564
640 1565
569 1566
900 1567
1269 1568
335 1569
177 1570
564 1571
1357 1572
826 1573
277 1574
1172 1575
874 1576
1264 1577
214 1578
497 1579
752 1580
1315 1581
1350 1582
800 1583
1241 1584
1067 1585
148 1586
1092 1587
655 1588
1489 1589
1314 1590
515 1591
734 1592
1525 1593
809 1594
707 1595
24 1596
1276 1597
338 1598
1371 1599
910 1600
323 1601
1354 1602
979 1603
1537 1604
386 1605
1041 1606
453 1607
372 1608
25 1609
569 1610
485 1611
1359 1612
91 1613
890 1614
623 1615
289 1616
990 1617
307 1618
127 1619
500 1620
309 1621
1271 1622
65 1623
1054 1624
934 1625
886 1626
1594 1627
24 1628
428 1629
1342 1630
394 1631
1607 1632
582 1633
1280 1634
1401 1635
1502 1636
129 1637
848 1638
342 1639
71 1640
186 1641
744 1642
754 1643
1346 1644
1078 1645
284 1646
183 1647
173 1648
545 1649
1218 1650
23 1651
267 1652
52 1653
1382 1654
1464 1655
495 1656
350 1657
1369 1658
1591 1659
1437 1660
91 1661
1065 1662
793 1663
1425 1664
664 1665
968 1666
1259 1667
831 1668
1228 1669
1172 1670
765 1671
1587 1672
682 1673
554 1674
671 1675
1020 1676
241 1677
183 1678
1491 1679
915 1680
771 1681
563 1682
154 1683
194 1684
354 1685
548 1686
940 1687
803 1688
190 1689
1163 1690
1689 1691
1586 1692
49 1693
79 1694
597 1695
525 1696
793 1697
1217 1698
600 1699
902 1700
1414 1701
205 1702
595 1703
544 1704
1249 1705
71 1706
441 1707
1225 1708
666 1709
190 1710
463 1711
332 1712
68 1713
679 1714
637 1715
1438 1716
1144 1717
533 1718
1044 1719
155 1720
1429 1721
1271 1722
437 1723
180 1724
366 1725
965 1726
549 1727
345 1728
554 1729
195 1730
1224 1731
469 1732
871 1733
129 1734
1068 1735
1565 1736
56 1737
1182 1738
1126 1739
897 1740
279 1741
460 1742
27 1743
997 1744
916 1745
1128 1746
1271 1747
1498 1748
468 1749
978 1750
1195 1751
1334 1752
1179 1753
721 1754
1414 1755
208 1756
539 1757
576 1758
637 1759
376 1760
1354 1761
1488 1762
1034 1763
70 1764
1715 1765
1201 1766
60 1767
1603 1768
1446 1769
1240 1770
406 1771
1313 1772
464 1773
1684 1774
645 1775
417 1776
771 1777
116 1778
148 1779
1694 1780
844 1781
364 1782
1221 1783
623 1784
240 1785
1616 1786
382 1787
70 1788
406 1789
888 1790
291 1791
264 1792
505 1793
1793 1794
179 1795
492 1796
1359 1797
1113 1798
660 1799
1236 1800
1707 1801
330 1802
532 1803
139 1804
1347 1805
72 1806
371 1807
1113 1808
386 1809
1249 1810
550 1811
1463 1812
83 1813
1219 1814
470 1815
1717 1816
1781 1817
386 1818
1399 1819
980 1820
577 1821
1635 1822
933 1823
659 1824
375 1825
496 1826
991 1827
496 1828
118 1829
1786 1830
1645 1831
1474 1832
1399 1833
1601 1834
1165 1835
1322 1836
38 1837
961 1838
899 1839
1337 1840
608 1841
1638 1842
930 1843
1413 1844
1242 1845
689 1846
1704 1847
827 1848
1473 1849
1057 1850
1431 1851
1398 1852
1676 1853
1194 1854
1621 1855
1420 1856
1349 1857
889 1858
514 1859
1575 1860
1112 1861
1357 1862
1233 1863
1818 1864
1282 1865
729 1866
1725 1867
165 1868
1259 1869
427 1870
1428 1871
391 1872
1598 1873
649 1874
459 1875
1212 1876
312 1877
716 1878
1702 1879
418 1880
684 1881
455 1882
825 1883
63 1884
757 1885
1435 1886
1395 1887
1090 1888
930 1889
1202 1890
1122 1891
1067 1892
1565 1893
1718 1894
1282 1895
742 1896
1669 1897
1770 1898
1200 1899
1067 1900
1761 1901
1679 1902
422 1903
233 1904
394 1905
75 1906
17 1907
1083 1908
693 1909
316 1910
129 1911
1348 1912
1078 1913
1274 1914
876 1915
1654 1916
1910 1917
1314 1918
669 1919
898 1920
1358 1921
346 1922
1758 1923
1310 1924
774 1925
433 1926
529 1927
538 1928
279 1929
1403 1930
337 1931
291 1932
37 1933
356 1934
1595 1935
707 1936
1590 1937
104 1938
570 1939
221 1940
949 1941
1328 1942
1284 1943
1798 1944
1696 1945
1937 1946
1326 1947
1337 1948
690 1949
1531 1950
1004 1951
1054 1952
426 1953
168 1954
73 1955
561 1956
202 1957
515 1958
1079 1959
1860 1960
336 1961
267 1962
516 1963
1230 1964
1365 1965
41 1966
870 1967
1381 1968
1217 1969
1601 1970
1599 1971
89 1972
244 1973
771 1974
1461 1975
224 1976
553 1977
728 1978
1887 1979
373 1980
949 1981
875 1982
1133 1983
1432 1984
20 1985
967 1986
1707 1987
640 1988
1421 1989
1169 1990
1194 1991
1696 1992
513 1993
1206 1994
1987 1995
354 1996
200 1997
1737 1998
42 1999
12 2000
1163 2001
949 2002
1359 2003
1352 2004
451 2005
625 2006
1566 2007
698 2008
1425 2009
1147 2010
1326 2011
1225 2012
96 2013
58 2014
500 2015
1395 2016
782 2017
941 2018
275 2019
1510 2020
1015 2021
1416 2022
1558 2023
1579 2024
17 2025
1502 2026
1118 2027
1981 2028
242 2029
1592 2030
789 2031
1132 2032
389 2033
403 2034
232 2035
1664 2036
477 2037
1634 2038
1210 2039
1817 2040
104 2041
721 2042
1316 2043
1839 2044
1885 2045
1954 2046
23 2047
1076 2048
663 2049
1687 2050
1526 2051
140 2052
1501 2053
442 2054
800 2055
1051 2056
696 2057
1933 2058
845 2059
115 2060
855 2061
1644 2062
1850 2063
1199 2064
1358 2065
940 2066
1794 2067
2004 2068
82 2069
1767 2070
807 2071
536 2072
1383 2073
961 2074
611 2075
455 2076
1806 2077
259 2078
1049 2079
2079 2080
1072 2081
1422 2082
1454 2083
997 2084
1037 2085
364 2086
1529 2087
220 2088
758 2089
1078 2090
844 2091
251 2092
1772 2093
397 2094
1408 2095
1409 2096
1398 2097
1892 2098
1526 2099
2033 2100
1699 2101
259 2102
138 2103
1398 2104
245 2105
41 2106
1398 2107
467 2108
575 2109
2084 2110
221 2111
1965 2112
1303 2113
983 2114
1895 2115
591 2116
905 2117
1321 2118
641 2119
740 2120
483 2121
660 2122
2010 2123
1334 2124
1104 2125
1248 2126
636 2127
2072 2128
381 2129
1091 2130
1515 2131
1265 2132
1998 2133
1652 2134
487 2135
1192 2136
1890 2137
841 2138
1101 2139
1564 2140
38 2141
393 2142
2077 2143
472 2144
878 2145
1108 2146
175 2147
252 2148
1401 2149
794 2150
2091 2151
179 2152
1304 2153
1110 2154
1288 2155
561 2156
851 2157
2144 2158
865 2159
1907 2160
836 2161
168 2162
1021 2163
1483 2164
209 2165
1033 2166
167 2167
115 2168
926 2169
538 2170
1274 2171
981 2172
1765 2173
1387 2174
401 2175
1656 2176
469 2177
720 2178
1887 2179
619 2180
1351 2181
823 2182
1249 2183
250 2184
1412 2185
148 2186
246 2187
1780 2188
1109 2189
1201 2190
310 2191
1016 2192
2073 2193
1428 2194
2074 2195
32 2196
1355 2197
867 2198
1707 2199
1146 2200
714 2201
378 2202
1447 2203
410 2204
1991 2205
179 2206
1530 2207
783 2208
1098 2209
417 2210
138 2211
1148 2212
813 2213
607 2214
1605 2215
801 2216
2175 2217
2148 2218
260 2219
858 2220
1235 2221
103 2222
579 2223
1546 2224
30 2225
2050 2226
739 2227
1082 2228
441 2229
276 2230
1148 2231
590 2232
917 2233
1122 2234
1008 2235
2141 2236
1880 2237
1017 2238
202 2239
1736 2240
1231 2241
473 2242
1798 2243
2154 2244
398 2245
915 2246
108 2247
1508 2248
2234 2249
394 2250
969 2251
390 2252
1068 2253
2109 2254
2163 2255
955 2256
2003 2257
1945 2258
2113 2259
2130 2260
866 2261
1649 2262
1127 2263
218 2264
1791 2265
20 2266
1697 2267
347 2268
1053 2269
2139 2270
856 2271
533 2272
1155 2273
1959 2274
736 2275
1829 2276
927 2277
1692 2278
729 2279
1519 2280
379 2281
1181 2282
225 2283
1021 2284
1168 2285
151 2286
1426 2287
1820 2288
1190 2289
2112 2290
1196 2291
320 2292
306 2293
126 2294
1095 2295
1414 2296
1752 2297
846 2298
1443 2299
1012 2300
1761 2301
1787 2302
961 2303
339 2304
1542 2305
1810 2306
1715 2307
501 2308
450 2309
1390 2310
240 2311
1927 2312
2260 2313
2040 2314
2189 2315
848 2316
1983 2317
615 2318
1009 2319
429 2320
1177 2321
491 2322
1868 2323
778 2324
1373 2325
2191 2326
966 2327
1086 2328
1385 2329
1366 2330
472 2331
1875 2332
556 2333
1227 2334
2325 2335
712 2336
2008 2337
1059 2338
1013 2339
1576 2340
1969 2341
903 2342
243 2343
65 2344
1765 2345
788 2346
1426 2347
573 2348
1702 2349
506 2350
510 2351
751 2352
2155 2353
454 2354
558 2355
267 2356
1675 2357
1128 2358
1937 2359
542 2360
1457 2361
883 2362
1692 2363
1347 2364
2018 2365
2277 2366
2178 2367
604 2368
1530 2369
109 2370
1694 2371
1043 2372
903 2373
2155 2374
513 2375
1375 2376
2332 2377
2177 2378
1210 2379
1494 2380
368 2381
1696 2382
1883 2383
493 2384
1916 2385
339 2386
301 2387
2295 2388
2149 2389
2109 2390
683 2391
454 2392
1256 2393
722 2394
302 2395
1863 2396
795 2397
990 2398
1517 2399
859 2400
555 2401
731 2402
1512 2403
1984 2404
796 2405
1889 2406
2279 2407
2070 2408
299 2409
572 2410
1757 2411
1483 2412
1361 2413
411 2414
918 2415
636 2416
1229 2417
1145 2418
1449 2419
962 2420
1222 2421
920 2422
414 2423
1334 2424
78 2425
1130 2426
1411 2427
2171 2428
96 2429
1149 2430
65 2431
2320 2432
1323 2433
439 2434
916 2435
1425 2436
1909 2437
1268 2438
1854 2439
2158 2440
1409 2441
669 2442
1804 2443
2057 2444
2301 2445
846 2446
281 2447
709 2448
1117 2449
2272 2450
2288 2451
921 2452
2138 2453
83 2454
2366 2455
1328 2456
956 2457
1386 2458
461 2459
2101 2460
1832 2461
2405 2462
176 2463
1633 2464
1530 2465
1448 2466
2151 2467
1532 2468
2361 2469
1197 2470
1261 2471
975 2472
1766 2473
1090 2474
2239 2475
1871 2476
2461 2477
1138 2478
1546 2479
2192 2480
1708 2481
430 2482
2113 2483
1668 2484
1054 2485
2267 2486
228 2487
43 2488
537 2489
2129 2490
573 2491
1642 2492
1419 2493
726 2494
1242 2495
381 2496
153 2497
1581 2498
1109 2499
2017 2500
968 2501
2019 2502
867 2503
891 2504
171 2505
1792 2506
2286 2507
1375 2508
1096 2509
612 2510
1722 2511
2424 2512
346 2513
701 2514
407 2515
1944 2516
628 2517
1355 2518
58 2519
2465 2520
1109 2521
187 2522
1375 2523
733 2524
1962 2525
1781 2526
636 2527
2187 2528
423 2529
1462 2530
517 2531
1511 2532
50 2533
1382 2534
2129 2535
617 2536
318 2537
326 2538
537 2539
2356 2540
2106 2541
926 2542
1065 2543
517 2544
1128 2545
1956 2546
966 2547
493 2548
1790 2549
84 2550
2392 2551
743 2552
1736 2553
2182 2554
791 2555
270 2556
2396 2557
926 2558
1219 2559
966 2560
324 2561
599 2562
2356 2563
2055 2564
400 2565
1031 2566
279 2567
887 2568
2561 2569
1841 2570
726 2571
1248 2572
2347 2573
575 2574
1759 2575
2408 2576
1589 2577
1561 2578
446 2579
284 2580
2223 2581
1520 2582
2126 2583
2053 2584
1723 2585
851 2586
116 2587
198 2588
1049 2589
125 2590
927 2591
1897 2592
1169 2593
1561 2594
564 2595
1878 2596
1297 2597
891 2598
1066 2599
1344 2600
908 2601
2172 2602
2193 2603
2260 2604
1908 2605
1138 2606
1039 2607
693 2608
113 2609
2047 2610
1744 2611
616 2612
1432 2613
1097 2614
1460 2615
1583 2616
916 2617
995 2618
2243 2619
2495 2620
689 2621
1633 2622
434 2623
897 2624
812 2625
2240 2626
867 2627
454 2628
1509 2629
1244 2630
2596 2631
359 2632
293 2633
2031 2634
35 2635
2200 2636
1096 2637
169 2638
1616 2639
2309 2640
380 2641
1797 2642
1531 2643
2129 2644
144 2645
198 2646
2004 2647
2459 2648
1462 2649
29 2650
859 2651
496 2652
85 2653
1300 2654
1811 2655
18 2656
1943 2657
646 2658
535 2659
1684 2660
628 2661
1508 2662
2171 2663
36 2664
582 2665
2555 2666
2515 2667
1783 2668
1947 2669
1426 2670
1132 2671
2484 2672
1990 2673
355 2674
1449 2675
1625 2676
1626 2677
2311 2678
525 2679
1513 2680
2358 2681
907 2682
199 2683
620 2684
507 2685
2458 2686
2619 2687
1687 2688
2513 2689
1983 2690
1611 2691
2686 2692
687 2693
1978 2694
1224 2695
457 2696
526 2697
721 2698
1067 2699
2474 2700
2661 2701
1526 2702
2056 2703
2335 2704
1008 2705
116 2706
1736 2707
216 2708
881 2709
86 2710
2641 2711
2133 2712
1486 2713
2101 2714
1400 2715
2279 2716
2517 2717
766 2718
1314 2719
470 2720
2107 2721
784 2722
1548 2723
1184 2724
1897 2725
1889 2726
1552 2727
1516 2728
1605 2729
560 2730
635 2731
2118 2732
243 2733
1936 2734
1526 2735
1028 2736
153 2737
2011 2738
2195 2739
2213 2740
2262 2741
1068 2742
1597 2743
198 2744
2188 2745
1057 2746
1171 2747
1792 2748
2563 2749
1579 2750
2074 2751
260 2752
308 2753
519 2754
472 2755
506 2756
670 2757
2139 2758
2457 2759
2360 2760
860 2761
108 2762
1066 2763
1595 2764
2032 2765
84 2766
2210 417 305475033
1234 1301 171902356
68 998 536939188
72 130 5239993
925 213 673867241
1109 2189 728898322
2142 393 1043216688
877 120 901890569
1352 2004 71312037
1261 579 97111407
1723 2585 801909093
2160 1907 709853309
1425 2436 845331841
2753 308 839322228
874 844 97549342
1745 916 380300554
1106 1521 466163310
1057 1850 639254899
1450 315 209039972
705 608 741941228
655 664 644979544
1992 1696 141349815
1912 1348 331078736
722 2394 73053915
1104 2125 1055567124
579 2223 797709911
1371 1599 271658558
2018 941 46049470
1142 1033 525228046
1675 2357 49082426
2683 199 462821895
525 2679 402254201
254 48 1209241
503 854 178508261
795 2397 667688923
1137 462 698079382
1229 1099 288707229
1419 607 769571744
374 278 462111389
1035 213 673271869
1545 62 510360103
1698 1217 990763323
2008 698 829085949
305 112 26711007
383 149 132291097
147 36 620002710
454 2392 810899130
1323 1513 340514253
2114 983 908232516
1097 440 370006383
1977 553 795974571
1219 422 289478272
1912 1348 331078736
2122 660 645634979
712 723 513143488
1639 342 978532631
2606 1138 1025315756
1645 1831 175892042
1909 693 344744373
1594 1627 673801720
2027 1118 716154631
2207 1530 736241313
881 984 588834810
24 230 955301798
1410 1388 179043508
2421 1222 945107996
383 149 132291097
865 656 860759286
1363 59 786175243
1342 1169 613022872
715 258 185839970
955 199 738313064
2208 783 953949354
932 541 656014801
2372 1043 594416152
2164 1483 463638898
2703 2056 8600649
546 303 872884807
799 706 306738319
719 196 773455442
1446 23 450419027
847 209 926816305
1647 183 1069011317
1752 1334 1057115175
1790 888 908377227
1350 1582 291807902
560 559 460516035
1577 1264 778063662
429 2320 881510641
299 117 204956574
1019 272 393870917
209 847 926816305
1341 889 423580583
559 479 928492524
1139 59 786957872
1528 87 896445904
927 141 654324754
1853 1676 327626380
880 941 409882954
2005 451 1026320953
759 349 892344679
898 583 674727116
2623 434 980394221
2613 1432 1032206207
219 666 901974242
1399 1257 388737867
863 518 370983748
929 712 492583094
1767 60 359602885
894 194 986062672
1403 1930 527376326
454 2392 810899130
838 625 958043504
2636 2200 519661341
2297 1752 849524568
2216 801 770909827
2608 693 1051357035
1446 1769 121047890
288 1120 628157682
2766 84 415276042
1739 1126 697872447
1329 1061 205902539
2247 108 869924782
2431 65 635279353
2758 2139 220421373
2092 251 276813568
886 1626 619745392
1038 964 696196897
1899 1200 587314557
2461 1832 36636631
1726 965 1057865016
807 796 967418311
858 411 846920174
2705 1008 608830677
2432 2320 540307454
2041 104 1043583423
2632 359 641671345
825 1441 866548187
1885 757 822185901
230 279 404476042
2041 104 1043583423
2263 1127 398213341
2678 2311 165630586
292 398 681793430
2753 308 839322228
871 1733 538944254
1305 721 704522702
1140 371 308411660
1298 202 494355856
2406 1889 66384251
1890 2137 338701237
2012 1225 300763207
566 771 992436104
99 35 968899865
2423 414 214002601
1457 2361 656278561
2112 2290 421543602
1293 1091 584124465
1259 1667 770561887
2672 2484 212014858
1831 1645 175892042
602 765 782660918
2530 1462 433481758
336 197 706001671
2511 1722 211389137
1011 552 27987479
2658 646 122872310
1085 1046 888552724
613 155 46212810
2536 617 331834867
510 608 1016869969
830 98 851589583
2272 2450 593483715
96 849 496845365
110 34 578776360
62 1545 510360103
2313 2260 910211102
104 942 644652836
982 1242 13180914
138 7 1000589172
543 688 1055091647
1668 2484 344226309
1646 284 437883016
2037 477 264523923
1020 1676 213386875
793 1663 848851947
1637 129 1063789618
1971 1599 388726225
435 185 354741981
1012 946 139648189
1932 291 693407190
2731 635 819477498
317 957 533836994
2348 573 885552721
2134 1652 810409227
421 428 769108252
422 411 690619243
794 297 1045338930
85 107 399565186
251 2092 276813568
334 637 735186513
2530 1462 433481758
1820 2288 1038041879
1128 1165 43907302
2289 1190 234668535
2351 510 460502188
2682 907 1044155232
1392 567 390396006
1967 870 720744467
654 552 776683926
876 1915 347532520
1793 505 539973675
641 606 586824412
1639 342 978532631
433 1409 1008420174
287 15 299595019
2039 1210 983623803
604 1359 851976600
1485 1359 713644606
404 109 840356015
2221 1235 506746810
962 2420 112784179
1616 289 241788111
1683 154 313150442
1556 1073 900593706
1319 1340 405622910
2405 2462 502728563
2664 36 683863412
726 189 235146484
1553 1255 196764442
1186 167 944814242
2703 2056 8600649
2517 2717 721562739
77 473 312655912
839 322 389409018
2578 1561 965206244
298 448 561175603
879 307 770843636
2490 2129 59429199
959 1361 237704494
1227 2334 744109371
2273 1155 162488044
2164 1483 463638898
59 278 908355019
636 2527 1031942930
180 128 1031819371
2748 1792 356563569
876 302 791589293
1187 520 353397265
2733 243 1060822227
2749 2563 653263734
378 393 774341337
1431 1289 786368760
2644 2129 275168766
156 438 886852053
678 200 750064332
1438 1716 765170145
974 695 251033414
681 928 543451024
620 656 910726034
56 1737 82600596
1752 1334 1057115175
559 560 460516035
2541 2106 423143506
2086 364 549497934
2587 116 1064802928
1583 800 114235692
1624 1054 19653409
2372 1043 594416152
84 60 196337819
2141 2236 583426056
2378 2177 192004747
2006 625 597128079
32 2196 819695168
2700 2474 1020562971
1958 515 576570541
1242 2495 511048990
1809 386 748792074
805 191 34060761
2196 32 819695168
332 181 468804980
1684 1774 338445237
374 278 462111389
1975 1461 82034890
2307 1715 995805161
724 1020 766478739
1728 345 353600900
2137 1890 338701237
1118 2027 716154631
2079 1049 166811157
1932 291 693407190
1694 2371 602257636
1288 2155 921380565
2450 2272 593483715
531 446 640378643
645 125 144046968
1563 190 112806495
1046 1085 888552724
1608 372 711873626
792 11 850875539
742 495 916986014
300 951 939442262
47 411 973889244
2361 2469 539345284
1746 1128 470502929
47 411 973889244
269 50 708691883
2044 1839 379729439
1909 693 344744373
1834 1601 774449695
2550 84 182449677
15 287 299595019
1202 932 869534499
431 403 981558172
303 268 585153348
1385 503 217558573
880 194 375433940
99 35 968899865
1865 1282 785847372
360 191 387942370
94 28 1072678491
961 11 580193564
2019 2502 351023626
2452 921 491061022
1576 874 333881377
2283 225 668049253
1510 2020 42028923
413 418 490632003
1862 1357 913915878
886 677 621802732
2738 2011 965791561
1744 997 1046600738
252 237 1053058153
1483 670 874044085
2096 1409 556210091
941 2018 46049470
584 1185 513880854
29 93 1058443297
346 334 860059474
449 326 411119010
1845 1242 338164365
429 16 169600727
881 197 382111103
1447 2203 204200106
1141 615 650871240
1194 1854 255022373
2426 1130 557767766
1160 1251 466736311
140 1149 7043395
1696 2382 386090223
2434 439 329581198
788 394 210727356
1633 2464 632690235
2240 1736 77279200
1618 307 545018233
1971 1599 388726225
644 130 816238692
2263 1127 398213341
674 485 690007052
2305 1542 104035146
1755 1414 748526353
2361 2469 539345284
2601 908 814952164
1912 1348 331078736
200 1997 389755646
1347 1042 507674157
835 754 973060191
1124 146 224353371
1302 239 996795349
2556 270 64325915
1727 549 597526683
2408 2576 685377923
1459 59 908869836
2199 1707 742787658
1328 1018 473007687
2518 1355 358128311
2271 856 995943870
1059 625 368777947
127 508 468971524
1596 24 201856526
767 402 881859045
489 231 1027557869
207 1154 892979327
2671 1132 845230306
2533 50 498685046
1062 577 224629692
1658 1369 902141823
1652 267 911987181
2597 1297 36416595
420 179 765734531
1291 81 369379697
1046 1085 888552724
2182 2554 773515887
565 1131 283208643
419 896 845230405
185 435 354741981
226 1218 260705432
579 716 178530568
1852 1398 221770088
1347 1042 507674157
2423 414 214002601
99 35 968899865
1529 464 521104220
867 2198 1004795636
2501 968 981376381
3 4 682920343
859 107 1065609306
2596 1878 589453702
1762 1488 946405903
2306 1810 935610658
594 470 208106115
1347 1805 23787890
437 188 225865520
1087 851 43124628
2521 1109 963152519
1092 1587 944615308
887 2568 456142899
2356 267 994904267
1557 797 589365712
1551 146 88718759
2716 2279 779211846
1048 527 865443475
2673 1990 2551464
435 185 354741981
151 1554 378276639
1530 2465 123248864
2608 693 1051357035
1030 4 32971789
1561 2594 1026802866
165 1406 224942353
1654 1916 535972510
1064 57 863216282
557 247 144444916
2662 1508 753953280
1349 1857 641030605
1187 520 353397265
1618 307 545018233
231 112 908742283
2121 483 412146592
321 761 243024333
1742 460 347104482
2229 441 13163891
1241 1584 939664463
699 171 632754595
2020 1510 42028923
1327 965 178096400
161 804 993867766
1595 2764 703549130
1925 774 145359929
1616 2639 711586166
1057 2746 820132945
2385 1916 908811485
1409 1454 40502868
299 2409 814885460
682 22 929495116
222 152 342208036
2634 2031 422294549
150 103 650926357
1303 2113 472826755
525 370 1002775949
1756 208 1073228232
1336 453 363838088
677 886 621802732
1610 569 804396469
2673 1990 2551464
1568 1269 436384375
799 706 306738319
1032 918 952244476
606 641 586824412
2729 1605 923610848
1523 118 323183614
2705 1008 608830677
487 173 623120807
1986 967 324345593
1374 332 948874129
1725 366 433593819
1342 1630 557562069
683 441 459553469
1127 461 79064055
2045 1885 14347235
14 64 544165779
905 2117 769581506
2108 467 860399243
1369 584 234646018
53 1514 613168843
2147 175 305449341
912 1332 126785513
2429 96 805938766
2125 1104 1055567124
2069 82 670813093
770 181 209664483
1242 2495 511048990
1573 826 783803855
2244 2154 66915217
2571 726 62417080
298 448 561175603
1457 2361 656278561
358 92 605682622
1926 433 329251010
2166 1033 919837117
1045 75 67242446
1973 244 838295836
645 125 144046968
2350 506 324055199
1547 734 774441522
2207 1530 736241313
684 1881 308346719
1635 1822 934204854
1890 2137 338701237
2528 2187 66261769
2128 2072 619159937
2530 1462 433481758
2542 926 400385220
555 2401 858419272
2451 2288 654511731
799 706 306738319
599 2562 756253979
1318 1193 668998855
1757 539 781145934
618 42 49183903
322 36 596392537
485 93 435797288
1614 890 791765540
1107 661 608387876
949 710 631664981
949 2002 419364497
1123 137 665186275
842 68 118934663
1242 1845 338164365
1056 1027 350594334
39 330 296150243
605 571 222923049
1199 878 1032453237
1136 661 448425105
2137 1890 338701237
153 2497 936349953
2606 1138 1025315756
636 2527 1031942930
2130 2260 1042398404
180 1724 274597058
1046 1085 888552724
1669 1897 102934070
2240 1736 77279200
1080 941 293892655
614 919 144986120
439 1212 891914401
2050 2226 540315875
1568 1269 436384375
1607 1632 915942647
1448 49 21321186
2711 2641 564913949
983 735 249982974
2051 1526 1029787443
1981 2028 647700305
1469 171 778206952
1363 59 786175243
2203 1447 204200106
991 1827 722047993
1183 1077 467581582
1455 861 193541922
1216 1193 637274252
2489 537 247396416
2732 2118 1753068
1438 1716 765170145
2120 740 84128659
1141 1512 523700658
2253 1068 584576030
2550 84 182449677
1014 523 215709843
1 35 412530686
2256 955 520449901
1838 961 371645464
1047 440 181582469
1132 2671 845230306
1458 969 470206386
2330 1366 985399692
394 1631 355923193
473 577 826466987
2114 983 908232516
159 366 717123560
459 1875 118739038
588 283 213609855
1210 2379 729690627
466 221 461292509
2072 2128 619159937
1073 1556 900593706
163 126 976958043
1741 279 641258420
2693 687 339741071
1073 1556 900593706
116 286 744836544
2597 1297 36416595
560 559 460516035
2497 153 936349953
2142 393 1043216688
1391 30 843598018
1982 875 750745711
966 2560 800349598
1891 1122 866668915
946 715 118478294
239 1302 996795349
1064 57 863216282
1050 271 953389881
379 1464 284666666
571 583 106090658
258 140 593507200
2640 2309 392316055
872 1299 817029821
2271 856 995943870
1692 2363 1068319395
2089 758 401025791
730 828 370669239
363 119 931745150
1830 1786 13944080
160 935 213090114
2293 306 498416454
335 5 315248702
426 1953 233880724
1858 889 796682253
2027 1118 716154631
847 209 926816305
931 531 972702464
2256 955 520449901
1717 1816 846388459
560 2730 943188767
147 36 620002710
2070 1767 792275566
2389 2149 625766832
1984 1432 334844677
1185 584 513880854
1121 1522 989154608
1109 560 615727629
1715 2307 995805161
2227 739 25847639
1876 1212 14777061
93 485 435797288
2646 198 503997444
1086 2328 311568749
819 778 865571730
1737 56 82600596
857 724 939316154
2386 339 42911004
2223 2581 604112718
2496 381 853614611
2500 2017 287323416
1975 1461 82034890
2729 1605 923610848
1190 1030 435853760
1934 356 312385010
284 208 105029644
2196 32 819695168
45 1026 439296726
315 144 1027283884
866 276 963962804
1315 1581 464191704
2031 2634 422294549
2305 1542 104035146
2645 144 664304124
1136 661 448425105
916 697 2519381
2568 887 456142899
2198 867 1004795636
1333 337 116400308
1027 1056 350594334
712 723 513143488
130 274 986560223
2452 921 491061022
18 2656 178176813
1246 980 906540521
1496 1095 49990922
966 2547 595850217
1037 878 110842320
701 2514 804879061
917 2233 940479059
519 2754 268575458
1636 1502 224772779
433 629 110430963
995 2618 255763524
513 17 541317255
1339 958 650294464
593 241 864253680
863 518 370983748
1109 560 615727629
441 683 459553469
52 12 369105961
1824 659 806138985
274 130 986560223
1012 946 139648189
2583 2126 758121513
1788 70 716485071
737 376 673260233
1740 897 1029036961
79 12 42357456
616 155 493398173
2095 1408 272440058
1910 316 507271512
826 2 228608767
1900 1067 704376701
1174 1560 860217024
2054 442 101019318
2457 956 526512709
642 263 381914522
1355 598 62857124
1078 2090 509495322
2299 1443 423214049
1558 2023 76670799
1073 1556 900593706
1622 1271 274737493
2122 660 645634979
2756 506 906424968
2114 983 908232516
966 2547 595850217
176 2463 967522862
713 1439 407280552
2195 2739 965735530
1434 667 306969418
325 218 837021143
2269 1053 14307688
2275 736 550604075
1877 312 710071670
957 317 533836994
2545 1128 1052708633
1349 1857 641030605
2745 2188 828768626
117 299 204956574
452 31 185910876
656 620 910726034
1478 446 492588010
779 110 421972630
2150 794 626649096
526 753 86474930
2683 199 462821895
1645 1078 886822036
1720 155 36329432
2079 1049 166811157
2675 1449 61544457
500 2015 1025484806
417 375 619993382
1638 1842 499295969
879 307 770843636
1196 1164 1072286267
2470 1197 638922827
980 1820 938969145
1293 1091 584124465
805 191 34060761
698 2008 829085949
288 21 286604661
795 2397 667688923
366 494 820106010
1437 1660 157217586
741 197 434530968
1234 1063 1041618003
543 77 625590398
1258 167 879122938
1869 1259 787025758
559 560 460516035
1838 961 371645464
672 45 791175957
411 1549 514660711
2703 2056 8600649
813 589 73569453
154 58 299521880
2418 1145 472501483
2685 507 460316687
759 1300 998376669
1195 1751 971962560
273 1337 948114582
2120 740 84128659
1816 1717 846388459
947 151 457459322
1614 890 791765540
1602 1354 1055734871
1956 2546 79290292
1283 568 672712351
646 143 580579268
2158 2144 818309254
628 2517 122510568
454 78 805285593
82 1404 184427151
2262 1649 34075579
224 154 692830065
2389 2149 625766832
570 917 888565719
12 624 604548912
2764 1595 703549130
1612 1359 929667590
1303 633 610595965
695 974 251033414
2534 1382 927703451
1132 2032 922268778
14 8 840334627
1967 870 720744467
1986 967 324345593
16 455 38251101
2145 878 20033513
1053 2269 14307688
445 430 878957808
1174 816 1025063293
1663 793 848851947
836 2161 279783267
594 470 208106115
328 38 567693583
659 1824 806138985
1709 666 1018679284
2756 506 906424968
2239 2475 682106277
450 428 742956993
215 994 299188745
2015 500 1025484806
1173 277 946611939
969 357 844683775
545 1649 744532659
2104 1398 517336808
357 785 377515048
1106 129 270798460
2319 1009 870130605
1734 129 98548888
1357 1572 786255330
632 1017 416777741
327 1 86055431
1331 782 714081846
954 332 724571449
2255 2163 613181644
1286 1193 628334174
776 1122 60432095
2520 2465 1068837845
530 104 981516650
517 1217 592095536
534 903 670652077
211 176 625864961
1524 1232 40078325
587 149 842589093
1422 583 239268794
413 635 810749198
2026 1502 124823504
2446 846 1040603885
1744 997 1046600738
812 583 783604081
1329 1061 205902539
378 393 774341337
616 155 493398173
1969 2341 24439587
2349 1702 51197184
378 393 774341337
2172 2602 327921268
2364 1347 458619255
2309 450 934775432
2254 2109 397704468
326 449 411119010
1028 2736 648820938
1265 2132 688717935
2210 417 305475033
1809 386 748792074
1720 155 36329432
402 767 881859045
826 2 228608767
2127 636 145885293
1232 362 736401211
635 2731 819477498
2540 2356 175915256
700 315 21679011
1627 1594 673801720
709 1209 987712338
2602 2172 327921268
2293 306 498416454
2184 250 78843084
139 536 590539083
905 787 286346059
1222 44 149426124
1140 371 308411660
1971 1599 388726225
1109 2499 439414117
807 796 967418311
2182 2554 773515887
204 201 226682865
2386 339 42911004
1894 1718 884566438
2222 103 9678859
2306 1810 935610658
2037 477 264523923
244 262 928999040
1619 127 379955230
602 262 1017928752
570 148 1070654549
2082 1422 468823057
562 1445 8013930
843 442 296784323
1865 1282 785847372
1511 2532 471023531
2146 1108 160168853
992 887 168608600
1810 1249 129751407
1291 81 369379697
351 727 771064930
838 625 958043504
579 2223 797709911
907 332 876770360
1262 729 842355531
497 650 192327014
1047 440 181582469
645 125 144046968
2425 78 858742142
216 244 523610332
1842 1638 499295969
346 2513 687852477
1708 2481 251297737
1824 659 806138985
1538 679 428864574
1124 146 224353371
1009 415 748310006
1787 2302 338163812
2525 1962 368637972
1493 170 155383134
1505 565 449107092
1392 567 390396006
2755 472 154135898
1249 1705 385655072
1239 428 1023034519
804 161 993867766
103 150 650926357
394 2250 627603459
568 1283 672712351
1469 171 778206952
997 1744 1046600738
1571 564 57355480
567 1392 390396006
474 414 183731429
1559 851 92860530
1091 371 411537231
1333 337 116400308
1114 1160 883503172
1039 2607 732439611
324 88 782528256
1078 529 556961038
1052 1525 656785675
1720 155 36329432
905 2117 769581506
2215 1605 432608406
402 767 881859045
170 246 1068310172
2175 2217 226500598
2429 96 805938766
2581 2223 604112718
2382 1696 386090223
949 1941 499466948
1955 73 1062853587
2324 778 7055626
2625 812 237720990
2656 18 178176813
188 164 1038331338
598 1355 62857124
2198 867 1004795636
247 772 1061945379
1188 773 677929110
944 191 162746505
849 96 496845365
372 586 730755429
2064 1199 41608441
839 322 389409018
1238 107 70644722
567 120 681053102
1019 1487 447293676
2764 1595 703549130
705 608 741941228
1863 1233 652323770
1043 92 576620546
2181 1351 136538827
818 215 1066146472
2534 1382 927703451
1373 2325 676364607
2442 669 979156103
1354 1602 1055734871
964 686 644979349
2516 1944 1009152779
910 1600 588432196
1175 92 232525953
411 422 690619243
2589 1049 225581666
2024 1579 73028577
1015 2021 885859940
2168 115 947524290
55 632 676421485
1450 315 209039972
28 248 106426649
896 419 845230405
474 414 183731429
1671 765 271942352
444 687 1042982578
697 916 2519381
2059 845 128791131
1760 376 433481184
278 374 462111389
1228 426 565385794
1307 540 829834843
1973 244 838295836
1640 71 781216576
2027 1118 716154631
1659 1591 289132835
617 2536 331834867
1862 1357 913915878
285 254 1049501882
2086 364 549497934
131 376 183578193
1344 2600 400506588
701 2514 804879061
1053 874 223537461
2240 1736 77279200
2330 1366 985399692
793 733 320767528
1828 496 234080942
1457 854 390031683
1223 1533 815801567
727 351 771064930
1108 1255 476285032
1610 569 804396469
461 2459 692675323
2356 2563 613173132
2488 43 768499001
2241 1231 734264948
2618 995 255763524
1734 129 98548888
1804 2443 61291788
117 299 204956574
2322 491 73867345
98 830 851589583
1473 1849 431966673
1108 833 438640445
2061 855 882252882
2227 739 25847639
2306 1810 935610658
984 881 588834810
2100 2033 843220501
1880 2237 5903231
2612 616 631783722
629 433 110430963
2183 1249 607337283
115 698 328812254
936 1022 126263830
2102 259 830767596
2370 109 599604732
4 3 682920343
1218 226 260705432
2134 1652 810409227
1552 2727 112151804
309 1621 578902409
307 88 278666146
1018 274 146494983
1467 1348 882282201
1041 352 536901801
2390 2109 276943903
375 1825 265972992
1585 1067 754448547
206 61 519374051
896 419 845230405
331 478 451735084
2552 743 887378328
780 614 545105253
2050 1687 889348010
1809 386 748792074
474 414 183731429
891 2598 580195581
1930 1403 527376326
814 704 391907670
2528 2187 66261769
2183 1249 607337283
2403 1512 1068180468
126 2294 510653998
2062 1644 123874350
2013 96 310417361
986 1065 428669809
320 1415 646841010
1374 332 948874129
1350 1582 291807902
2338 1059 889709793
2695 1224 802844330
494 1089 988293641
1786 1616 512078598
623 1784 121996653
694 19 995710793
700 315 21679011
373 1980 372495488
1524 1232 40078325
2155 2374 749421703
123 1290 428485503
637 334 735186513
2742 1068 599270985
2677 1626 2827583
2595 564 1007170029
642 263 381914522
1154 207 892979327
673 472 817616572
1352 243 370319346
1613 91 546574718
2521 1109 963152519
1489 1589 518808614
840 1007 255794645
1496 1095 49990922
1463 1812 1034423457
270 714 926876386
535 505 701447307
283 96 933142094
2313 2260 910211102
2531 517 340797528
2392 2551 410088993
1922 346 263636639
744 1642 958535008
1077 1544 203380437
1395 2016 873961749
572 497 882236034
1937 1946 257153950
2332 1875 203579365
2696 457 199149030
1610 569 804396469
778 2324 7055626
1615 623 712241368
890 53 561777425
2073 1383 57540109
2294 126 510653998
163 126 976958043
2329 1385 214725207
1899 1200 587314557
795 1237 925902880
2640 2309 392316055
1332 912 126785513
997 816 744815294
317 957 533836994
1131 1495 190191149
540 981 46227031
1241 1584 939664463
2168 115 947524290
1785 240 864711787
2260 2313 910211102
941 1015 901576459
1503 1105 157223790
115 294 947811585
1805 1347 23787890
2622 1633 792832201
595 242 400855775
715 258 185839970
299 2409 814885460
677 886 621802732
619 340 261574792
678 200 750064332
1219 2559 187505493
2022 1416 737940917
362 1232 736401211
2105 245 572439639
2513 346 687852477
872 1299 817029821
1235 837 379760946
2760 2360 457656804
2635 35 807891963
233 1904 376995421
712 929 492583094
210 54 740855267
2454 83 150404829
422 411 690619243
560 559 460516035
896 419 845230405
1720 155 36329432
16 62 638597233
326 2538 703003993
1763 1034 516712471
865 2159 1048228721
101 569 638021698
2294 126 510653998
1876 1212 14777061
1395 2016 873961749
2561 324 518706864
2316 848 432980558
1751 1195 971962560
794 297 1045338930
2602 2172 327921268
2587 116 1064802928
964 1038 696196897
1373 1335 719846355
1881 684 308346719
2205 1991 906667856
125 645 144046968
1258 167 879122938
2126 1248 584381861
1774 1684 338445237
2051 1526 1029787443
1827 991 722047993
171 1469 778206952
1105 1503 157223790
106 58 635925253
2757 670 61317478
1931 337 901564732
760 990 276893198
1594 809 202088772
2110 2084 833819541
777 940 96116306
2025 17 947407324
1402 1042 520353273
1647 183 1069011317
74 89 409584274
1451 1327 428856530
1659 1591 289132835
131 61 63867872
1223 1533 815801567
1707 2199 742787658
536 2072 598723024
399 259 842832928
2515 2667 664798891
2477 2461 520200348
2428 2171 922721745
2744 198 282203851
2187 246 953273437
1520 2582 555316031
1213 236 1008108171
148 2186 578295382
2149 2389 625766832
149 383 132291097
1808 1113 555833754
1858 889 796682253
1655 1464 316291879
989 1121 1059618909
1610 569 804396469
1018 1535 39479619
222 152 342208036
1195 1751 971962560
207 611 585187748
262 602 1017928752
2034 403 921656816
807 1034 902840355
1842 1638 499295969
249 217 596840988
2091 2151 31020842
762 550 972355699
386 105 487341801
59 278 908355019
2609 113 740294771
2541 2106 423143506
2495 2620 671854123
2222 103 9678859
601 1550 968869957
2660 1684 779508792
2141 2236 583426056
1580 752 225267961
2162 168 64790665
1071 1040 393838290
1586 148 281308145
1675 2357 49082426
1088 1135 949218029
2059 845 128791131
572 497 882236034
1234 1063 1041618003
1360 809 289039067
2528 2187 66261769
1441 825 866548187
1909 2437 1014132882
2566 1031 659540337
1055 604 773793085
2533 50 498685046
1294 599 12152411
1417 509 104331730
530 104 981516650
11 7 727492335
1975 1461 82034890
1762 1488 946405903
2068 2004 786794049
1056 1027 350594334
2158 2440 388404509
269 50 708691883
2178 2367 1048972694
446 1478 492588010
1768 1603 494843853
2734 1936 719261477
1701 1414 1052082721
996 326 579716105
1513 1323 340514253
2218 2148 615929252
1898 1770 931940707
1289 1558 177000674
2209 1098 167583879
445 1387 414985204
1161 1160 745335756
920 2422 349326195
2087 1529 588594563
2422 920 349326195
2237 1880 5903231
1945 2258 1011275475
1069 763 506174652
428 1239 1023034519
719 196 773455442
2457 956 526512709
834 1312 475421022
1048 1245 872706441
1612 1359 929667590
855 1072 253982039
1107 661 608387876
2598 891 580195581
2203 1447 204200106
2181 1351 136538827
169 527 28791990
1520 69 386833243
2133 1998 91436761
1370 304 169209870
1251 1160 466736311
512 219 547752460
2312 1927 942400550
895 516 170000611
2615 1460 264936073
1371 1599 271658558
1229 2417 785909683
1066 2763 906450924
2306 1810 935610658
1517 2399 203895092
1187 520 353397265
778 453 70148712
654 552 776683926
2212 1148 856030660
702 689 237484739
1746 1128 470502929
1593 1525 1041528977
1784 623 121996653
2339 1013 951272068
1029 806 154206266
2680 1513 553775185
1947 1326 732510501
1475 121 603136212
2210 417 305475033
2599 1066 6514092
1760 376 433481184
259 331 407492117
1215 245 588989908
180 214 476930361
2142 393 1043216688
856 155 271784202
999 447 585538197
2253 1068 584576030
261 197 61439725
393 378 774341337
2440 2158 388404509
4 1030 32971789
1745 916 380300554
1502 2026 124823504
2273 1155 162488044
400 2565 1055636330
1204 1102 245222763
1732 469 502293566
1523 118 323183614
1165 1835 89329353
632 55 676421485
2592 1897 1008785236
2363 1692 1068319395
2411 1757 660437817
2326 2191 575954670
2728 1516 809522123
2224 1546 387941105
100 245 279530614
110 34 578776360
161 200 714143963
1074 2 695060949
1360 809 289039067
2728 1516 809522123
1366 1331 940352692
1832 1474 338079066
1532 2468 1066253718
2122 660 645634979
766 2718 869915799
1670 1172 809284359
1464 379 284666666
2543 1065 302897715
1244 2630 433885361
1229 2417 785909683
2642 1797 349457535
486 392 1006062490
1781 844 134423508
618 42 49183903
1029 806 154206266
970 840 154276565
1355 598 62857124
2278 1692 1068375328
379 988 601038848
211 176 625864961
2593 1169 800625650
1978 728 391470702
944 191 162746505
1918 1314 97619095
516 895 170000611
2164 1483 463638898
212 1354 915570351
679 1538 428864574
1112 1861 143776988
2253 1068 584576030
1839 899 584237860
2036 1664 780312018
373 73 680380792
1635 1822 934204854
1523 118 323183614
2378 2177 192004747
908 2601 814952164
1807 371 441796684
27 1743 835898330
388 259 919291287
1932 291 693407190
330 39 296150243
1885 757 822185901
1646 284 437883016
162 157 1033933690
1977 553 795974571
1257 1088 509900110
831 1668 892151989
2640 2309 392316055
2523 1375 549230103
1138 1096 129619338
805 191 34060761
1741 279 641258420
706 799 306738319
1495 1131 190191149
1635 1822 934204854
2057 2444 748817830
1503 1105 157223790
1062 577 224629692
2498 1581 390505
560 2730 943188767
1229 2417 785909683
250 685 145635430
1208 35 575305653
484 183 34072774
1490 1402 946151761
294 348 607141348
1339 958 650294464
1706 71 237572269
1951 1004 130071985
2250 394 627603459
201 758 523333786
498 1171 839452954
1573 826 783803855
91 11 197143281
2029 242 218775288
159 114 212924492
520 500 83633414
1780 1694 979478159
699 171 632754595
2240 1736 77279200
893 289 25195776
2587 116 1064802928
2591 927 786915888
619 2180 658673236
2715 1400 595602457
672 45 791175957
2172 981 833088723
1077 1304 522406733
2405 2462 502728563
1244 2630 433885361
2327 966 705312832
1107 661 608387876
2639 1616 711586166
2491 573 899085655
447 164 655188484
2476 1871 416101069
2164 1483 463638898
371 1140 308411660
2307 1715 995805161
1111 1086 6720491
1703 595 315154724
2236 2141 583426056
524 1414 1066667229
2412 1483 1071973787
1896 742 732938200
838 625 958043504
2647 2004 920725579
2584 2053 255819716
733 2524 58672673
851 2586 736650458
496 236 405932648
216 244 523610332
346 334 860059474
2238 1017 1016075032
2255 2163 613181644
241 1677 790952018
517 63 108500519
268 303 585153348
23 1446 450419027
1178 124 949731825
1904 233 376995421
69 1520 386833243
652 78 725102443
611 2075 35451086
1661 91 88156808
394 1905 158964152
1360 809 289039067
1745 916 380300554
111 92 1008111672
2173 1765 537313826
2403 1512 1068180468
483 2121 412146592
359 2632 641671345
287 15 299595019
1304 2153 322354370
2120 740 84128659
1257 1088 509900110
1810 2306 935610658
1914 1274 472680038
2617 916 838358320
1648 173 213865045
130 471 869428675
2283 225 668049253
34 110 578776360
1833 1399 149172756
1380 17 913197647
1008 2235 738275268
2232 590 267267295
96 480 326969232
1520 69 386833243
467 234 606159946
2172 981 833088723
752 1580 225267961
974 695 251033414
1925 774 145359929
1287 447 252850410
448 298 561175603
786 1166 45263783
2595 564 1007170029
1819 1399 71919408
1785 240 864711787
2433 1323 293004736
2147 175 305449341
513 1993 61170981
1050 271 953389881
2429 96 805938766
369 194 539406144
2192 2480 250400337
1711 463 647905708
861 1455 193541922
730 828 370669239
2066 940 37835904
252 397 754224642
1526 933 764000887
2654 1300 483733840
729 2279 556803605
2234 1122 511895726
2651 859 402309462
740 2120 84128659
2120 740 84128659
1917 1910 345554826
644 130 816238692
1171 498 839452954
647 576 682885830
139 10 258350781
1323 1513 340514253
1784 623 121996653
1691 1689 18034798
1306 877 679691041
312 90 941472891
1583 800 114235692
2080 2079 119956276
2097 1398 490910017
613 155 46212810
1500 1385 693672850
1975 1461 82034890
2139 1101 354576397
2636 2200 519661341
809 467 232858266
828 730 370669239
197 336 706001671
1453 548 113092881
2449 1117 58244196
1163 2001 378293878
484 852 635361879
1187 520 353397265
2294 126 510653998
2668 1783 437509239
902 1700 36401243
1323 920 355233159
2714 2101 843143733
594 470 208106115
2308 501 365939149
1525 1593 1041528977
521 490 66745891
2527 636 1031942930
249 217 596840988
2422 920 349326195
305 614 565636026
1784 623 121996653
1007 840 255794645
362 768 326927687
2101 1699 11720681
1466 956 1006949650
605 1330 180465219
2644 2129 275168766
810 617 114554747
364 1782 593214563
1464 1655 316291879
988 379 601038848
36 21 699309755
424 1552 562373332
2221 1235 506746810
412 185 994256225
1569 335 446808611
1966 41 798298696
2 7 825587392
1927 529 375077291
289 1616 241788111
1235 837 379760946
26 16 952146530
181 408 637996525
2322 491 73867345
324 88 782528256
1238 107 70644722
960 232 115233045
1537 811 671037556
1589 1489 518808614
228 2487 776550385
1487 1019 447293676
2470 1197 638922827
986 1065 428669809
1765 2173 537313826
844 1781 134423508
1991 2205 906667856
170 1493 155383134
468 1749 328972817
198 2646 503997444
2042 721 797226525
1275 1036 83000010
1854 2439 767663000
94 96 287957779
1308 590 790803889
1011 552 27987479
205 74 152213100
1091 2130 346381178
1528 87 896445904
1051 497 643434277
1600 910 588432196
868 580 740734161
835 754 973060191
447 164 655188484
380 2641 459592997
275 1276 194715529
469 1732 502293566
1135 1088 949218029
2243 1798 739808094
2045 1885 14347235
2091 844 999754877
1219 2559 187505493
424 266 627649193
2186 148 578295382
1139 59 786957872
669 2442 979156103
922 292 358208121
2516 1944 1009152779
1195 770 841165502
1512 2403 1068180468
2642 1797 349457535
2496 381 853614611
486 392 1006062490
1324 581 309191234
612 608 474091439
556 392 858109782
415 1009 748310006
2522 187 257326065
537 11 562978428
22 1376 271661576
192 31 60626632
1795 179 806160746
148 2186 578295382
468 1749 328972817
1872 391 759789659
2539 537 862332113
299 117 204956574
1908 1083 337769051
2351 510 460502188
1249 1705 385655072
1879 1702 206554793
2284 1021 684577248
20 2266 699571964
506 900 702054939
127 377 239653678
1625 934 856783566
564 1571 57355480
1275 1036 83000010
1612 1359 929667590
985 257 338552866
543 1461 771503951
1695 597 981953374
1135 1088 949218029
1738 1182 715910772
1157 661 827720640
424 1552 562373332
1888 1090 644598207
2571 726 62417080
1626 2677 2827583
2443 1804 61291788
689 2621 138802497
1496 1095 49990922
2297 1752 849524568
1699 2101 11720681
1444 477 672930500
239 14 902667085
126 906 1038438865
2397 795 667688923
1360 809 289039067
2454 83 150404829
2573 2347 502397585
1670 1172 809284359
873 417 981443127
273 1337 948114582
1345 1040 1060618512
736 2275 550604075
2743 1597 487159617
1606 1041 910212975
895 516 170000611
2132 1265 688717935
251 817 599552011
1810 1249 129751407
2666 2555 104456240
1453 548 113092881
1900 1067 704376701
1581 2498 390505
491 1039 452889204
1977 553 795974571
693 806 112397506
1115 165 645733143
527 169 28791990
1684 1774 338445237
589 813 73569453
1191 402 402526886
2081 1072 337028673
2397 795 667688923
2546 1956 79290292
159 541 46806051
2217 2175 226500598
1488 1762 946405903
89 1972 80585625
1832 2461 36636631
2517 2717 721562739
2605 1908 254265613
2507 2286 450699310
1739 1126 697872447
504 381 636923288
1679 1902 355922030
1394 1013 994124008
2253 1068 584576030
1022 936 126263830
1954 2046 1014316607
2341 1969 24439587
2417 1229 785909683
2503 867 435616466
516 895 170000611
2361 2469 539345284
1729 554 589938184
667 283 868901267
576 1758 926820721
1152 889 323283078
182 126 817015475
107 85 399565186
423 89 813538354
1754 721 977676725
1161 1160 745335756
722 303 384911769
171 1469 778206952
1331 782 714081846
1664 1425 527884817
2266 20 699571964
2743 1597 487159617
2625 812 237720990
2318 615 759103020
404 1519 382860928
1382 1309 371228181
214 1578 678750788
1995 1987 984817751
1668 831 892151989
119 363 931745150
1764 70 566216705
1524 1232 40078325
819 778 865571730
1859 514 473756590
342 1639 978532631
328 38 567693583
1684 2660 779508792
416 283 260634996
1455 861 193541922
1231 2241 734264948
485 674 690007052
2747 1171 127296566
533 2272 582777890
1144 731 868084304
608 612 474091439
247 622 245969625
1321 209 934628941
2328 1086 311568749
1680 915 565281764
1711 463 647905708
2534 1382 927703451
2044 1839 379729439
2753 308 839322228
150 103 650926357
1219 422 289478272
753 526 86474930
2410 572 356518603
1722 1271 714935952
452 481 967320826
805 191 34060761
924 390 984443882
430 445 878957808
5 3 1018421480
2151 2091 31020842
246 170 1068310172
2163 2255 613181644
2476 1871 416101069
735 425 891888036
2624 897 827343022
1516 188 167632846
154 1413 388252851
2355 558 431119259
2640 2309 392316055
1967 870 720744467
1325 185 794597919
316 293 970572821
2614 1097 624639553
2655 1811 273472983
1014 523 215709843
1500 1385 693672850
619 2180 658673236
1839 2044 379729439
2601 908 814952164
2536 617 331834867
2689 2513 712440986
1030 1190 435853760
969 2251 213745404
1053 874 223537461
118 665 151790650
1655 1464 316291879
497 1579 334187297
906 126 1038438865
2264 218 514193293
788 394 210727356
734 1592 36616730
1488 1209 345174498
59 66 282611625
1086 1111 6720491
173 487 623120807
150 103 650926357
318 145 725675210
1232 1524 40078325
1804 139 282748039
2670 1426 604320071
1812 1463 1034423457
807 2071 268074580
2512 2424 957620344
444 687 1042982578
1409 433 1008420174
1571 564 57355480
2415 918 254751931
1947 1326 732510501
2173 1765 537313826
2573 2347 502397585
736 2275 550604075
2436 1425 845331841
64 275 1012725983
602 765 782660918
1852 1398 221770088
2706 116 634720310
2058 1933 593340250
2049 663 598224840
1109 2189 728898322
151 2286 917949668
2150 794 626649096
2259 2113 981787699
273 158 509649045
927 141 654324754
2020 1510 42028923
1502 1636 224772779
2005 451 1026320953
1289 1432 114687983
1282 109 549202505
37 643 952643926
1018 1328 473007687
1687 2688 638939476
1060 529 695748743
375 417 619993382
2421 1222 945107996
505 113 152207826
125 645 144046968
53 432 811633166
2344 65 635205816
363 119 931745150
1816 1717 846388459
113 296 541995674
1149 2430 331143648
2371 1694 602257636
1156 471 63217339
618 42 49183903
1607 453 295191663
645 125 144046968
1353 1531 736989597
1049 2589 225581666
1997 200 389755646
1412 2185 1039121665
1736 2240 77279200
2119 641 180148419
49 114 89452187
1142 1033 525228046
1623 65 404452375
1179 926 872649574
1042 136 944956610
1271 1747 739429464
255 209 1006513720
601 1550 968869957
1120 288 628157682
2502 2019 351023626
1882 455 508393907
788 394 210727356
1820 2288 1038041879
891 2504 764041820
336 1961 953567369
2095 1408 272440058
2733 243 1060822227
1128 2545 1052708633
1978 2694 851996506
1003 532 777959440
38 103 804668564
897 2624 827343022
1539 1166 345711246
1993 513 61170981
1136 661 448425105
1812 1463 1034423457
441 683 459553469
2139 1101 354576397
2687 2619 428411959
1182 1738 715910772
2497 153 936349953
2452 921 491061022
48 1420 756107818
497 124 594290706
1798 2243 739808094
121 1475 603136212
1743 27 835898330
517 2544 494939613
1738 1182 715910772
1360 809 289039067
445 1387 414985204
2660 1684 779508792
2419 1449 706680117
2642 1797 349457535
1944 2516 1009152779
1264 992 38603000
1207 1141 329839799
614 824 582311184
1818 1864 700351546
1174 816 1025063293
355 2674 249695118
1559 851 92860530
1957 202 530657677
1472 214 715768667
1661 91 88156808
952 467 618871160
1968 1381 60904107
390 2252 556961060
2097 1398 490910017
1120 288 628157682
1810 1249 129751407
1840 1337 557863792
1290 123 428485503
333 764 49614951
808 472 638822988
1176 518 360943705
1695 597 981953374
2502 2019 351023626
1396 417 1006955560
2593 1169 800625650
2091 2151 31020842
1584 1241 939664463
1889 930 283221742
335 5 315248702
965 890 465747548
1052 113 756163674
2252 390 556961060
2254 2109 397704468
2042 721 797226525
309 234 422133887
2759 2457 380890548
1851 1431 1036668184
2183 1249 607337283
863 518 370983748
202 33 984375519
704 814 391907670
2254 2109 397704468
395 133 773673732
1069 763 506174652
213 112 94997946
1457 2361 656278561
2022 1416 737940917
2574 575 392784603
1016 646 21039426
2075 611 35451086
1624 1054 19653409
2547 966 595850217
1667 1259 770561887
1542 1279 117238336
1396 417 1006955560
428 1116 416643081
1253 168 668754328
738 1384 961397410
86 75 275300813
1768 1603 494843853
1614 890 791765540
109 1282 549202505
1600 910 588432196
572 497 882236034
2599 1066 6514092
1482 590 313156766
1618 307 545018233
206 61 519374051
2315 2189 483344835
2154 2244 66915217
323 1601 229086460
2621 689 138802497
733 2524 58672673
1201 2190 815450135
2584 2053 255819716
90 104 457604897
866 276 963962804
1300 1411 991236217
1542 1279 117238336
1149 140 7043395
1695 597 981953374
1590 1937 948383472
1020 1676 213386875
1939 570 457052821
2376 1375 1036936806
2055 800 361074655
1585 1067 754448547
969 1458 470206386
2133 2712 256729268
1261 579 97111407
510 304 310433447
312 385 637682475
2647 2004 920725579
895 1491 1004693807
797 1557 589365712
1719 1044 114843889
472 2144 67245152
2417 1229 785909683
1783 1221 390653156
958 1339 650294464
532 258 716065257
364 174 878594556
2559 1219 187505493
2111 221 258048348
1767 2070 792275566
2042 721 797226525
557 247 144444916
725 434 497329155
2235 1008 738275268
84 243 299850189
512 219 547752460
118 665 151790650
1838 961 371645464
1091 371 411537231
727 816 482143617
334 662 1061592487
2019 2502 351023626
2466 1448 442221994
551 447 603157183
135 272 618953195
2292 320 383366589
1305 721 704522702
1007 840 255794645
1018 274 146494983
665 118 151790650
656 865 860759286
2019 275 931348074
1188 773 677929110
233 400 1013696509
2041 104 1043583423
1088 1257 509900110
1574 277 197823459
608 510 1016869969
1809 386 748792074
515 1591 727486260
1617 990 341083362
432 1073 3815065
2628 454 279248147
211 578 896876682
2657 1943 228824077
823 17 928386516
2298 846 933805206
1737 1998 315466274
419 245 1044151077
747 404 69440754
1657 350 484669595
1273 456 914064018
938 276 477153843
2721 2107 1034875294
2217 2175 226500598
2076 455 668946795
2548 493 1057632850
2237 1880 5903231
913 168 752644548
2089 758 401025791
2326 2191 575954670
2267 2486 722966093
62 382 523222866
2483 2113 747675018
237 119 971643571
2071 807 268074580
722 303 384911769
2300 1012 188737337
1642 744 958535008
679 1714 1064087425
1157 661 827720640
2559 1219 187505493
1639 342 978532631
1548 1389 426564401
313 289 285981019
2529 423 517495422
1367 406 418167939
34 132 309435826
1212 439 891914401
1093 323 1029215083
947 151 457459322
321 761 243024333
201 204 226682865
1426 2670 604320071
1377 377 40680232
1049 2589 225581666
1306 877 679691041
2140 1564 339352290
696 2057 817992006
468 293 712045899
1165 1128 43907302
320 3 850434770
2095 1408 272440058
1861 1112 143776988
2302 1787 338163812
515 1591 727486260
2511 1722 211389137
1242 2495 511048990
1264 1577 778063662
1524 1232 40078325
618 42 49183903
667 1434 306969418
1686 548 214650006
1922 346 263636639
1637 129 1063789618
466 221 461292509
2113 1303 472826755
1495 1131 190191149
1665 664 277458067
2632 359 641671345
1125 1010 274203668
410 2204 373240767
1494 740 435378091
1991 1194 324331591
2593 1169 800625650
1224 628 1022864076
2681 2358 752947455
177 1570 719822709
571 1515 672533873
2399 1517 203895092
1541 1361 724025121
1451 1327 428856530
1574 277 197823459
1794 1793 119809204
701 217 348234127
2034 403 921656816
536 139 590539083
1074 2 695060949
1577 1264 778063662
304 191 743074079
2559 1219 187505493
626 107 353514897
1794 1793 119809204
976 397 287426605
636 2527 1031942930
1355 2518 358128311
319 434 168849662
136 66 415275852
2378 2177 192004747
2180 619 658673236
1684 194 832522753
1578 214 678750788
833 411 336272360
2125 1104 1055567124
2100 2033 843220501
945 59 585237469
508 1193 600904286
2239 2475 682106277
1478 446 492588010
1501 2053 396587739
646 1016 21039426
1199 2064 41608441
2567 279 584537481
582 203 613898044
1333 337 116400308
1593 1525 1041528977
1824 659 806138985
1626 2677 2827583
2369 1530 372344350
111 160 509355692
1427 1144 470847339
2459 461 692675323
1692 2363 1068319395
158 273 509649045
2464 1633 632690235
1268 875 570755589
1015 2021 885859940
2176 1656 501679361
1235 2221 506746810
2117 905 769581506
1628 24 175008996
1917 1910 345554826
789 1128 887439868
928 681 543451024
1135 1088 949218029
748 606 445178510
2290 2112 421543602
72 62 149506565
261 197 61439725
529 1927 375077291
2202 378 864144026
2107 2721 1034875294
991 137 6536523
56 169 834356503
1456 994 802567016
1712 332 56572285
1448 49 21321186
660 540 398313325
915 1680 565281764
1994 1206 217311467
2253 1068 584576030
586 372 730755429
1634 1280 316851512
530 104 981516650
2737 153 113034375
308 2753 839322228
2394 722 73053915
1353 1531 736989597
2539 537 862332113
2511 1722 211389137
321 1265 700007391
611 2075 35451086
37 68 948761909
52 1653 23173233
1608 372 711873626
1669 1228 397232347
977 814 215469477
2102 259 830767596
1730 195 314912258
1163 1438 231823435
452 675 775589724
2568 887 456142899
1753 1179 854948702
105 386 487341801
2724 1184 300558545
1948 1337 10485865
1196 1164 1072286267
1826 496 715486787
979 33 147312738
537 11 562978428
1050 271 953389881
46 228 276301761
2101 2714 843143733
286 930 833282518
2089 758 401025791
801 2216 770909827
245 306 645712913
1295 1476 241589874
270 2556 64325915
793 733 320767528
604 1359 851976600
2684 620 1040785816
2612 616 631783722
40 1077 913521720
1422 583 239268794
2256 955 520449901
2704 2335 868720069
1979 1887 681361278
406 1367 418167939
209 2165 196538094
2629 1509 469075499
2306 1810 935610658
49 114 89452187
2420 962 112784179
829 547 1015094038
2197 1355 829344675
1177 538 511759899
405 285 295388447
787 905 286346059
1042 1347 507674157
846 1046 1020085913
1397 83 353541922
1470 814 158825841
2117 905 769581506
2581 2223 604112718
1391 30 843598018
232 2035 971427994
1729 554 589938184
1266 806 871028017
2566 1031 659540337
198 250 125110128
992 887 168608600
956 1466 1006949650
1263 643 386014652
1687 2688 638939476
1526 2735 997726838
1369 1658 902141823
2238 1017 1016075032
2688 1687 638939476
685 250 145635430
252 2148 187130528
1270 456 931393501
2241 1231 734264948
2356 2540 175915256
318 145 725675210
2092 251 276813568
2384 493 1054925887
747 404 69440754
2278 1692 1068375328
231 440 397970603
1435 1886 122100746
236 293 588850963
2648 2459 849094494
1172 1575 738783822
871 671 497570243
541 159 46806051
792 11 850875539
1714 679 1064087425
1104 2125 1055567124
2030 1592 470672180
544 88 16718633
2117 905 769581506
333 764 49614951
1428 1871 681380980
297 213 813043451
1502 1636 224772779
1890 1202 1001749606
1195 770 841165502
477 301 808734975
936 1022 126263830
1680 915 565281764
647 732 565291685
944 191 162746505
1637 129 1063789618
660 540 398313325
2494 726 546500913
1762 1488 946405903
1208 35 575305653
629 433 110430963
2223 2581 604112718
2039 1210 983623803
1756 208 1073228232
2734 1936 719261477
2110 2084 833819541
670 285 471811536
164 1508 1026568432
451 2005 1026320953
1685 354 622697561
236 293 588850963
505 113 152207826
1634 1280 316851512
986 983 520915298
877 120 901890569
2284 1021 684577248
12 624 604548912
1721 1429 273997897
1975 1461 82034890
1799 660 100283942
2131 1515 191521227
2233 917 940479059
2620 2495 671854123
941 1015 901576459
1963 516 200028449
2344 65 635205816
22 172 838752206
2003 1359 445623983
932 541 656014801
2760 2360 457656804
380 2641 459592997
1691 1689 18034798
2450 2272 593483715
101 43 594275411
1516 188 167632846
2420 962 112784179
1078 1645 886822036
2523 1375 549230103
74 205 152213100
2317 1983 67761671
1729 554 589938184
383 149 132291097
2654 1300 483733840
669 1919 1043521491
2530 1462 433481758
2315 2189 483344835
2323 1868 504205163
2397 795 667688923
2237 1880 5903231
1941 949 499466948
1852 1398 221770088
346 2513 687852477
1718 1894 884566438
156 223 860364078
154 1683 313150442
606 748 445178510
207 143 3247547
370 1288 598838444
1987 1995 984817751
2036 1664 780312018
1732 469 502293566
117 44 811504626
1248 2572 189210304
349 338 507070746
1836 1322 855793976
1403 1930 527376326
933 1526 764000887
869 566 950986516
153 2497 936349953
536 2072 598723024
1933 37 843254600
1640 71 781216576
293 468 712045899
508 1193 600904286
1658 1369 902141823
2197 1355 829344675
2137 1890 338701237
729 2279 556803605
688 543 1055091647
148 1779 939707766
2306 1810 935610658
1854 2439 767663000
2752 260 422782880
807 2071 268074580
889 1858 796682253
2514 701 804879061
1065 986 428669809
1121 989 1059618909
1017 2238 1016075032
1371 396 309384097
1623 65 404452375
1842 1638 499295969
2710 86 954882198
90 104 457604897
273 158 509649045
124 599 166686643
927 958 115335223
2053 1501 396587739
1764 70 566216705
1741 279 641258420
538 2170 784983725
1007 840 255794645
2518 1355 358128311
151 209 33911181
1384 738 961397410
1969 2341 24439587
913 168 752644548
467 2108 860399243
2617 916 838358320
1167 845 829753662
787 905 286346059
2319 1009 870130605
729 1262 842355531
996 1067 78848505
2759 2457 380890548
404 109 840356015
606 748 445178510
1037 878 110842320
861 1455 193541922
2359 1937 353266936
2515 407 1055801571
2474 1090 44598353
2053 1501 396587739
1600 910 588432196
2057 696 817992006
1539 1166 345711246
1940 221 915630220
2360 2760 457656804
91 189 914741991
2655 1811 273472983
789 1128 887439868
2563 2356 613173132
1727 549 597526683
1030 1190 435853760
873 417 981443127
2435 916 860699037
588 283 213609855
2266 20 699571964
435 185 354741981
1016 646 21039426
1519 404 382860928
519 2754 268575458
1856 1420 74975897
999 447 585538197
1960 1860 429986132
1265 321 700007391
773 1188 677929110
2527 636 1031942930
1230 131 307311475
1810 2306 935610658
1622 1271 274737493
2327 966 705312832
1262 729 842355531
2509 1096 10908435
2361 1457 656278561
1394 1013 994124008
171 1469 778206952
806 1266 871028017
2479 1546 103680120
2365 2018 921455557
132 456 91349794
511 398 709761280
38 2141 713063993
2553 1736 767449398
379 335 827073225
1731 1224 414220565
1540 92 286000863
2444 2057 748817830
757 226 94162028
1698 1217 990763323
130 274 986560223
1760 376 433481184
533 1718 773434433
2318 615 759103020
2654 1300 483733840
1549 411 514660711
1983 1133 701267881
401 433 13798668
284 1646 437883016
2190 1201 815450135
2680 1513 553775185
13 634 887323054
2651 859 402309462
2179 1887 591861745
1635 1401 1012197334
153 2737 113034375
712 281 1069217506
1157 661 827720640
2222 103 9678859
1433 804 403003955
378 2202 864144026
1387 2174 1007762947
208 1119 398524985
695 259 155808370
501 361 496437623
440 231 397970603
1144 1427 470847339
853 333 695385726
773 1188 677929110
414 2423 214002601
232 2035 971427994
585 526 695626613
1619 127 379955230
1166 1539 345711246
1936 2734 719261477
2474 1090 44598353
1871 2476 416101069
1027 573 593699229
2071 807 268074580
1734 129 98548888
2644 2129 275168766
475 237 340729695
1896 742 732938200
1277 408 592190140
2050 1687 889348010
1292 804 894876388
2472 975 87429291
2442 669 979156103
29 5 65468262
257 82 731759689
335 379 827073225
749 31 52865895
227 604 1010900050
1662 1065 116285851
799 706 306738319
1645 1078 886822036
2248 1508 582595661
2024 1579 73028577
1020 1676 213386875
2397 795 667688923
653 616 738294990
129 1734 98548888
1227 2334 744109371
1972 89 80585625
550 137 809280473
808 472 638822988
2465 2520 1068837845
421 284 1038543520
1779 148 939707766
1103 491 687540918
665 118 151790650
114 201 355748887
1311 1254 350578311
102 242 576221120
112 104 561117748
30 21 703116045
2282 1181 45057028
2313 2260 910211102
1300 759 998376669
1175 92 232525953
352 280 332120261
1164 1196 1072286267
2286 151 917949668
2293 306 498416454
319 720 61178040
1480 1555 919832997
2007 1566 898236496
1857 1349 641030605
2487 228 776550385
1841 608 649681952
363 1172 1045303909
2197 1355 829344675
513 1250 173273781
1626 886 619745392
1549 411 514660711
1695 597 981953374
2450 2272 593483715
1203 1564 193019984
840 970 154276565
2013 96 310417361
484 183 34072774
2367 2178 1048972694
865 2159 1048228721
441 1707 196721395
2131 1515 191521227
1598 338 349094950
2584 2053 255819716
1844 1413 268530952
1623 65 404452375
1852 1398 221770088
2356 2540 175915256
116 2706 634720310
302 2395 654802891
2345 1765 828337647
902 485 883101499
2715 1400 595602457
2133 1998 91436761
501 361 496437623
2526 1781 72256590
2184 250 78843084
2760 2360 457656804
2499 1109 439414117
1297 2597 36416595
25 27 735980107
415 148 481355505
347 1143 455992555
1460 615 605424593
2111 221 258048348
2091 2151 31020842
2474 1090 44598353
2116 591 1035245829
2285 1168 460473722
1624 1054 19653409
1108 833 438640445
2665 582 483336938
649 1353 985515828
1894 1718 884566438
2232 590 267267295
186 34 94968139
1091 371 411537231
2575 1759 171875432
730 828 370669239
1564 2140 339352290
2376 1375 1036936806
247 453 957724068
592 1023 632407271
473 577 826466987
546 303 872884807
1877 312 710071670
2112 2290 421543602
2678 2311 165630586
1461 543 771503951
2017 782 506522815
1290 123 428485503
2464 1633 632690235
1375 218 803944139
1592 734 36616730
1195 770 841165502
1036 1275 83000010
797 13 341550498
1340 1319 405622910
2721 2107 1034875294
402 134 658126668
793 733 320767528
485 1611 773891944
45 1026 439296726
69 36 793995365
2688 1687 638939476
2400 859 172036314
1030 1190 435853760
1288 2155 921380565
591 372 177387017
1126 1739 697872447
382 1787 970430140
2073 1383 57540109
79 820 351949166
770 181 209664483
2670 1426 604320071
1589 1489 518808614
1331 782 714081846
1750 978 397030964
649 1353 985515828
2555 791 513442791
1514 53 613168843
2750 1579 317421244
590 2232 267267295
1376 22 271661576
1146 2200 298144519
1391 30 843598018
2724 1184 300558545
2285 1168 460473722
1871 1428 681380980
1011 552 27987479
237 475 340729695
360 191 387942370
2422 920 349326195
686 964 644979349
906 126 1038438865
1973 244 838295836
1095 1496 49990922
1569 335 446808611
1720 155 36329432
114 128 10154395
1014 523 215709843
662 334 1061592487
1086 745 142187131
2290 2112 421543602
1761 1901 313788950
641 2119 180148419
2157 851 255225326
