67 52 77
....................................................
....................................................
....................................................
...................................X................
....................................................
....................................................
....................................................
.............................................X......
....X...............................................
....................................................
....................................................
....................................................
............................X.......................
....................................................
....................................................
....................................................
....................................................
....................................................
....................................................
..............................................X.....
...................................X................
....................................................
....................................................
....................................................
....................................................
....................................................
....................................................
....................................................
....................................................
....................................................
....................................................
....................................................
....................................................
....................................................
...........................X........................
....................................................
....................................................
.........X..........................................
....................................................
....................................................
....................................................
....................................................
....................................................
....................................................
....................................................
....................................................
..............................X.....................
....................................................
X...................X..............................X
....................................................
....................................................
....................................................
....................................................
....................................................
....................................................
....................................................
....................................................
....................................................
....................................................
....................................................
....................................................
....................................................
..X.................................................
....................................................
...................X................................
............X.......................................
..................X.................................
1 32
2 6
3 21
4 1
5 21
6 46
7 33
8 6
9 26
10 41
11 36
12 17
13 28
14 9
15 11
16 22
17 8
18 46
19 44
20 28
21 8
22 15
23 18
24 28
25 31
26 31
27 33
28 38
29 3
30 3
31 10
32 22
33 13
34 32
35 8
36 20
37 25
38 35
39 34
40 8
41 23
42 34
43 25
44 41
45 1
46 36
47 32
48 12
49 11
50 2
51 28
52 11
53 41
54 11
55 40
56 12
57 22
58 20
59 36
60 11
61 39
62 35
63 8
64 10
65 31
66 42
67 24
68 2
69 24
70 17
71 40
72 7
73 39
74 39
75 10
76 29
77 5
