408001558
459602969
51429936
208199209
44286761
148181514
161531782
958771286
1689049941
271344473
745097516
2000718225
1244200539
375796678
296701787
1668349896
463857799
441592782
488409760
1460964118
716090983
295497225
403300113
749705627
397325134
33922213
-120173212
77151855
146577890
37454758
11541263
53291044
509448483
322072728
133045453
346895494
729567908
516142909
701157392
909219659
288457972
257827502
1732060626
1507488941
162429411
138187587
1395310127
743943122
257790351
182648594
1261358238
572381976
555411642
55153445
85123603
109115899
31386428
213026864
815193973
25632637
657288849
-53987179
447568978
597199715
514188174
835036407
956333890
170089660
354871561
1386349274
70706366
288816928
971985888
520177642
304320591
1274375678
352479166
571380378
923964519
116869690
683517711
457042501
656619194
1380323705
665652215
1343506816
598768764
660044707
1634029791
97308639
1855622945
889759087
1964455437
462635052
1529504736
50845216
1281316891
850887414
187284123
28659136
65122517
333819290
410896697
57928538
730655335
-29574268
483061877
-10600821
761876197
75082528
-94015888
-116357169
1104717947
537663664
1060879856
81618547
1597958099
184353981
238777021
1731379322
828595760
521352676
-41034304
367342423
1335658804
1153931532
1764113314
699210605
-83664239
262471004
694305839
1005121911
842994637
213012809
2642380088
3158762726
3277041085
220857762
3174948002
33976220
1963001548
796044741
579275034
924185683
-63022321
1887896046
3206262045
347847870
229920557
252165366
1922722093
1670147538
2649484977
3502955527
1822909279
2015219960
2537867260
734735297
3610067588
44253968
3120089653
1429629975
3068709463
2329793605
2299051879
1192782814
1733165124
943242702
1435585624
555607340
4034510966
5136810052
2214272660
411999922
1734242414
1998551805
155697828
-43728138
-206569951
278545095
27298007
4159162017
1781418060
2954411018
2064523841
1917317168
3216858918
1557428188
1260494813
1100542118
1551423985
3316189379
89715665
3307855322
331336269
978937321
1399372942
3146285888
378990186
3737709184
-2133027
-109759461
993303130
393741815
4230545679
1344730
1225917854
690422607
1021449812
469463440
1646571813
3051875595
1914562359
2243562727
2480885511
534342496
1792460844
84991775
815311438
2144942263
782292654
680837558
2402633597
814388163
804929952
-182701985
72733034
3309262145
1806211165
1476578566
686538899
-345100613
152554181
2174443979
1465965728
3277543168
2845779609
4211498730
852182548
783619811
1074221431
11538889
1176779849
445928410
3908792931
351079013
1738320504
1661108200
284254734
1955559523
1554166914
227151238
227471523
606858854
31894416
2308604185
1399942903
2171567416
3618644833
42999176
-300678749
2649627263
-530500354
4244051514
491476856
4096228326
2634483091
2033435694
2553602563
2524709711
314375331
1830088557
2374234306
5399744877
2989967499
-24766575
1618059302
331842402
467821329
3071324877
-52875271
4658156746
4047256471
3716586657
537998581
1233002001
2365789895
1541063032
161593993
688788353
2060858343
2927071772
1332214653
3829654423
-175343572
5545051774
705963775
1859756275
3429586090
3433618931
1750043375
4123923649
5794340041
2245653296
-360584025
2097255429
2501237457
5456280312
862362272
4282752200
3917099645
1124554510
1458540413
1115339395
3424183003
3782668853
1825310158
1384871537
4237040690
1511436201
2157129381
3395921893
4696157366
5968610750
179471343
210201153
5615572927
1358938964
854542871
718580182
1711727910
4948452844
3792588308
616974735
2872338125
2894170795
3355940286
3078187011
4336381742
5269620734
3553891974
1014751643
2122407355
3155377655
2847021187
4501271855
3519976075
3457622248
5185496369
3860896087
6263365314
2457238004
3751806501
281353461
77366507
6048136067
4277015046
2917061782
5120653522
5601433405
2498873668
2730150895
1030490362
6039773938
461688133
1276200688
412599751
2843342102
3721224452
150316797
1359747318
-544483065
599436323
1677023102
1319349675
376402351
924168760
4070639595
2604365376
4827232860
2238615856
55443022
4601220742
-67905760
970934916
2570085021
1537564200
1837433598
256033448
-734456959
1022851703
3018084342
3382415939
319565575
3303353174
4424767120
1085838861
2201463904
2584091324
-76414365
1860386664
1335142877
-211668322
305036431
83085809
2102952468
2179356448
2959641373
1595909932
2851266402
4667816844
2971439756
4012131307
1185493477
3783145682
4523643277
3962376167
3762000853
3238369912
196043600
2977906291
1960463702
3031376816
-68912160
2641826846
1607389445
2322032276
3816750138
3299891508
1794469087
322895719
2162726070
1755042144
553761850
541774408
1267337816
393581312
1376986800
3605576443
751466732
363889294
1467784575
110266664
2731538967
2089812610
1124427896
2137680754
637269670
661005754
1886500601
2772530953
884505441
2829380785
4007974804
2722705191
3639231606
264436704
3626824515
3058790320
497825604
103825179
1745668679
1292104758
3710590433
3918021360
-595081881
1390246921
142862586
128116572
929797790
3880631249
141868036
3450322774
2146576482
2715622552
-60582686
3067855807
1046910794
2156724116
2944860209
1479222151
865375044
3641206497
-100011354
1613097946
7282043
893527431
-733828495
2734535504
62681890
2149680564
848218747
2329485022
1237344086
3213638719
-382907124
335454281
-330785074
2391613790
1986644619
1108367792
892425332
1233604651
2459745540
-130244527
2469641347
4047749316
350770442
1572870826
3831376290
1183708840
2818590543
2743110592
-107146939
3737090037
1023061032
628219868
4123284092
2263759468
312015022
1826849083
768068721
2598484022
2074547907
438351652
3127183549
395562737
3072355070
626276525
2147407815
2916348769
2992210208
1053182847
3697687825
3743712870
3470410250
-1065242001
220996030
2333872806
3354788677
1428561210
3456174190
474040383
725860299
950305674
4507934275
344068353
3807657939
1976683705
1773382174
2328046409
4184557802
494459769
3342879771
274101643
797343033
882510329
1256511094
1334216928
471649260
153154484
-687409110
3320074791
1828964193
-512661497
4070255082
-331248175
3852746478
2150438101
4931122125
1761385431
77345610
349700216
872293544
5321981618
4482888780
177684231
3630092470
2068337414
4798981534
3962435181
2686288757
-449213840
-208281931
-344269650
3737118836
3523149077
245075251
332558360
4181103704
511669267
406648099
1592785320
616980207
2929629063
369087130
854481064
1946980968
160865923
2336329867
606465287
1527997507
-107223898
1631862705
866327375
152073563
1444013410
224124103
2067349286
626290180
-64662219
-1454247654
1251992396
-1443109423
753345682
1293264601
2844768143
-33223649
768388016
1928500658
-316042889
2445186858
1422357063
702923273
929854553
-235203499
1274577867
2652912112
1177324993
-53444601
912417065
832799954
1031998482
-140627351
1343702165
-2843578
-875434120
218703315
1041323392
66358842
982081769
20438374
-1484082837
-35939900
1049429622
155374629
633294422
28955486
707636442
737875005
1068360434
-1167299402
1128822493
-776832208
680752177
1164218383
935235026
1669754516
-198968823
447212577
1113477087
-102053309
-1576232340
276946203
192515019
680855178
722961858
451311771
1453982490
-370464591
-1789260053
-408645021
444185558
1809070789
-266217156
-55596250
-2086636076
663826020
-10394708
1152458052
283679934
1190611478
2056436915
559849396
1263641422
881612455
-100009445
-428688862
-937730682
898945186
-1841541368
-1829434318
-733434044
-399229287
121812751
-1130381528
-60551662
-411716862
345554382
-2272600579
278256360
-1776466473
-1849388014
69439856
454813977
-763910378
-633188366
-963604804
-850630204
-492432396
-7456050
-121357259
-1611003811
438000115
292509023
24082791
-1538722176
-668607514
95220926
-96077944
660871700
-999201574
-685918620
34733038
69807326
976394070
914164117
-1272242683
-758213803
752653289
-8969680
-1310347208
-174074266
495935615
603961201
308909993
-505047652
-384344959
1442841138
-563201544
-1474954427
-213927661
991537940
662006689
70249196
153609588
517363400
873948053
952903836
236423104
-545579190
1152340
-497264371
880061048
-675770527
-658438124
-171894844
-1443589884
-1775127313
-834636759
70297729
-332510541
-969552295
-145961259
51973528
-1365303260
-1170215348
-3075617
133601086
-332034575
218914764
-802449628
479700322
-638174798
-1163027352
-651279267
-93935235
-225980833
59889323
-158239099
-816962384
130037920
-559846861
-1371613760
-24769241
-566599913
-1209011033
-1447142215
116190155
336625794
-1751306447
-74187102
-473258019
-939321700
-774899440
-147984521
-1078333878
-599356161
-732829176
-45013596
-761932517
-617264636
-87480614
-1548857365
-256814415
-1119052343
-128512800
-1114877431
-1585848684
-545675124
114264257
387204542
-1041297381
373449818
260324904
-274903985
378591610
-669189537
-488918375
-25903552
-1563503133
36158596
-514322232
-1152127153
-515522504
45787528
578844497
484590169
540622203
410108512
377265841
1267218706
-48585590
-179374114
1178550323
-839828759
-256038045
1191023087
261145923
175295368
221266137
-116962994
212722333
490610602
1453500772
1932264122
-779098810
-1261560915
301488232
210138366
934106927
-30972751
2495895927
1454620664
-121273128
990041998
1586758164
2270100394
2552216294
2573530624
992635380
577799203
141382174
-507201836
439947567
-36486022
2200005270
2579072848
-480660383
397845255
446016873
734842699
1598059763
-238832424
2496785264
-455700691
338733623
2811689671
15136643
-354801911
1888361892
944120527
525034601
1747391677
2053379855
3475725239
559713468
-44755286
2957722527
2287300791
166191960
1988619536
217175454
2967030821
2336789313
2625066842
2610274343
1800759942
933027029
1616533619
4398299080
3304197153
909910465
1083381300
134927435
96394927
2964902938
1463511886
744671059
1684526174
3436199988
4140202412
144957128
-29990247
2355631583
-654149188
351479947
2170538367
159380965
1415296798
1133073228
-1095931162
294116226
240957324
3134598276
209647266
1396768908
-541362837
-640544280
-1145039666
2498790336
2272432524
-306957830
2657096366
-601396693
2856896419
3702458120
-747472548
1722438881
2035630038
3674293344
3344227826
1860298377
3245990801
3066475646
3587456882
4209014886
2628888147
2276219889
759770254
1009640707
-81132205
5443585371
4132593121
1482029707
4117270350
517244520
3041093232
2770389733
4790962285
208336627
4321634047
1218857231
649876377
3678381015
3156786967
3848739954
3624660480
2939160884
6109324695
1300500204
2526979270
5287137989
4751408590
2297016191
1390561553
386777870
768205325
2460373943
166210586
3405540266
1839640418
281939254
2800206542
2140676715
4066693116
4104722806
1436876095
5010269392
1628423052
1250615341
718688331
4388342530
1562516936
2819575538
415796845
4074113910
-182099364
389264792
-279398387
3180425630
1085021943
2844652593
3340173018
972570091
5099844157
1981417524
594576432
337945307
-1057812353
580429735
3502479858
1288186489
3682165140
-216513851
6003637973
2367161295
1688917116
2006358818
4102283696
3114345046
-655701090
-232212109
4349734450
1118781922
1164820333
34716754
4748068533
4428982765
3133521198
-18841738
2002337089
5111023700
6351208899
2105259058
1179997383
3465950102
2871805586
-810435198
6001495328
3626590691
648629052
3117938457
-528906763
6507334622
1711867814
2812295174
593396792
7424267292
4982952005
6142105643
5248387988
-799317947
4910771617
6616950630
3551469906
3982259267
6019362585
5067378241
797708087
80995170
932392274
4793950321
-413912635
4025513743
4353509144
1420456361
2697746344
196292516
7119346239
5042838915
4181043869
772200089
-626151468
3121041317
5316888573
2649438964
-390813107
4144328834
961673056
1159338661
523014732
1019542600
6868521584
3205599462
718347653
2061475987
7530956862
3228203031
6940186523
6753212881
2105833660
1440592515
5889037689
-389809381
942691578
3478895727
3411795256
3924938777
253255411
760245616
2184539608
1036622876
1544872159
1949692857
3525646355
524950814
1270828434
685192414
942991802
2215182710
95842502
2608469270
6570977675
5550198305
3440769175
926870671
936965215
1469775563
5314054338
5690000953
64556786
4115781608
1856100479
1084453332
4267821572
5752527752
567514721
560772511
6122669835
167336954
1874885540
2864260358
2965246981
2608720189
2556764122
292499077
4249910432
-725781933
1349562899
-775858224
81689519
5654348714
-594012737
2275192721
2016220640
2025947872
4875986515
3290434804
1803343532
1036879299
1463980941
1948749238
1158022304
279890883
4799640243
744960026
4656572687
-24388236
-120031318
3236190017
1953923822
-936109290
5555637183
3803250706
2317384897
3969698742
4039894357
4876660027
3555245848
-863761118
4303048854
121359240
1167379157
1908462705
4527383812
-686520861
604046757
4893703393
1526057371
-594503865
2386053646
1826925225
3844126688
-571372043
-818152212
97036844
641503004
1005280797
2406966311
-962882948
-40822305
-1005943050
37206073
401515119
318470573
194657307
1326908948
2668050184
2647770707
-599362949
3531677338
-35879386
2755284001
70855874
3096124512
2709209344
-798155876
2366072653
2059664773
66869719
1752986314
1198042917
2708075582
428135091
1694207994
3063044166
140994611
580062203
1123584858
2191769334
1345485527
-1406437304
-219826791
2832356822
814594281
1910049829
1379552311
1234954943
171898591
2724211947
3023995303
34560275
2987836968
1522778329
3323662390
1744872452
932020025
2875807558
3890626692
-332263098
25188866
284274407
2150345621
318934590
3899934209
-38334210
2561048585
-590493927
-1312874906
3939855267
316528099
1352359563
-1289749265
3146455015
1048825400
-87771013
1466353587
1674304357
-947246895
1383240525
-1590519210
108628166
448412709
1859891262
3049984586
2800012343
-250868644
-588293792
3975563633
1870966915
252952233
1021186641
197736261
1932463911
2573957474
3964740063
1878037514
802910757
690107733
-655430109
265465867
338847081
2635645878
46780114
1522867926
3055204841
245933428
2037298174
1081364696
-1556406095
-1252474082
251555468
226260716
2161511770
3636525072
-1328300636
-131182175
31857195
3050011864
