945 961
3342 3608 4680 9754 6371 7577 4395 1982 4658 8356 8605 5110 2208 1939 4951 2995 2407 8176 5123 8982 9377 4529 142 939 3909 8566 2612 7261 7841 10000 3400 8582 8483 6082 7828 3560 1903 4681 7135 8515 1410 8190 6586 856 6103 5507 5941 5148 2294 9373 9347 3061 3891 9418 2088 3133 2102 374 6573 8839 1888 3857 1155 6112 6264 4906 6253 3864 7210 7183 2126 9327 3632 8836 2899 6655 3123 1463 7564 2387 9001 1911 7459 1983 3362 5138 6992 6102 3538 2083 7779 6349 7701 8611 6734 5373 2939 6890 3891 1925 2425 7583 2036 8414 1462 2902 9516 182 9432 8592 3366 2147 9109 8742 6640 3906 145 7225 5829 8691 3461 5472 2185 3266 6509 4875 5796 778 4617 930 6888 3384 8598 7396 91 9185 2557 231 2823 507 2276 6121 4549 3593 721 9768 2820 6199 5361 1053 6180 9477 8662 7788 2879 5896 2156 6669 1127 38 1210 5787 5335 574 6631 1807 5748 3618 9189 6757 3373 7180 8767 5942 816 7182 5548 1246 3808 4601 2940 6883 1595 349 6325 6607 6099 8305 2849 9973 9438 2239 5396 6680 3251 8214 656 1248 2793 6408 4351 4636 7193 3820 77 9763 4850 8418 8198 6259 5493 5170 7563 9408 938 5710 3319 4785 9144 3642 506 9491 1736 3390 472 2938 8396 4773 3960 9323 5288 3354 6028 4772 9892 8816 8962 6942 9020 8000 2563 9392 9772 6974 6360 8641 2732 7482 6874 761 6992 1610 1974 5538 6660 1608 465 7030 6150 8606 3812 2421 5539 2127 6749 8736 9714 9278 7221 5749 5582 3373 6413 874 932 1436 731 6705 1713 4573 6445 8633 6219 7214 6808 2694 180 9332 6855 2305 7352 5907 9138 9892 8004 7521 6935 8908 1824 1519 7435 8296 1148 8774 6685 3439 4942 2621 1079 8858 1485 6502 8179 596 5137 986 810 5492 4172 9736 2260 4260 7253 8118 6067 564 6463 1841 4178 8628 6780 7040 714 8702 5083 6081 9630 7727 4263 9676 1598 8475 19 9766 2311 1716 4617 9619 4793 5264 7693 925 5165 1041 3545 2025 7593 3931 9838 6684 1831 6576 7039 1358 5495 7794 2453 9459 8693 2714 8274 4914 6273 8406 2542 1523 6319 8102 9247 3951 4875 2313 966 7902 2474 3990 1811 8880 4895 33 4633 2123 9713 2070 3791 1001 7082 3982 1946 2713 5027 4317 2580 4790 8987 945 7515 686 8621 3076 8063 3651 8102 817 8427 5790 5652 2978 9433 4752 4952 4686 8408 9701 7863 9165 6643 9519 1777 7901 80 7231 5933 8132 2095 6750 9380 6351 9396 6799 8703 272 6637 7113 2535 4102 8810 195 1177 7139 5869 111 3818 9308 5089 7391 7808 7085 180 1680 9227 1098 4866 421 9324 4268 1637 4462 4368 1255 5853 5313 2049 6379 2570 9704 6535 9224 1702 1371 9891 5484 6081 5223 8171 1666 3962 3253 8977 5529 2040 8656 1264 7799 6252 4754 1467 8847 7651 637 956 3339 6367 937 2075 2978 9437 2230 8799 6922 1628 2519 7180 8077 4368 3842 584 7001 5853 7305 3776 3102 877 9428 3141 3561 6667 7954 5800 3641 2394 6034 8067 9558 7671 5179 5623 4717 3262 3963 8558 4893 2172 6631 2524 7118 8246 1130 9792 9894 9012 4013 5033 5137 2507 5533 7200 7536 7223 4535 6921 6723 7136 3907 2870 3710 6643 8663 8309 6783 46 4434 9156 4685 745 2754 4634 6057 9904 7256 749 6424 8043 4960 3119 7266 7663 7321 7791 9441 4296 1936 271 9547 6157 9424 7749 2574 3135 257 3213 2257 5675 6418 3028 5942 5366 9791 8769 3456 6874 8485 1199 9261 466 818 1942 4597 9476 1823 8465 5675 145 2542 1258 5263 5938 9577 9405 6852 142 6534 8803 8623 555 6539 5214 9809 2576 1899 8582 1920 7917 8319 1321 2929 1899 3917 1116 6174 3339 6409 365 4006 6495 189 9713 624 3088 2893 2799 5563 6572 3232 3413 481 2386 8163 1285 9968 5906 9649 2359 397 4785 7735 9724 2930 1947 8915 2797 2982 949 1850 914 1360 5125 6292 6614 3285 405 5849 693 6876 569 6295 127 6055 3908 7884 9571 2446 2366 6853 5930 6707 409 4214 8380 2647 8985 1656 4105 7917 2258 493 2766 3126 6802 5417 2945 9958 438 4726 8059 528 5818 6968 4405 1022 6732 2486 5090 4157 6081 8127 4845 5176 4868 5089 2786 2858 3004 5580 6452 5845 4477 8175 8381 9317 8342 359 8234 768 8246 6447 4969 5102 6560 8028 5438 6003 2451 2689 6039 2151 2030 5968 6494 2317 3895 4335 2271 8811 8833 8097 9558 1976 974 6136 7053 7538 4731 3752 8401 3282 1548 9065 2087 6151 3671 1252 1644 7204 4296 5558 2031 237 9245 402 3893 7165 9189 2310 6122 4775 3599 7471 9335 1145 9345 9453 7946 7742 4312 87 3467 5029 958 6656 9581 3777 1246 4752 5070 8042 8627 9383 9819 7939 719 1913 6819 4034 7576 7896 9996 871 3875 955 7819 5543 8266 7090 8925 2448 1136 4437 5132 1970 7465 3670 3410 5168 4857 9731 6123 263 8280 5335 2372 150 7738 9281 3672 6901 7862 186 2379 2043 6121 8314 8347 4073 9720 2983 4307 1663 3344 8808 2541 4836 3652 2179 445 4425 3199 7826 127 8817 4271 9378 697 6689 531 3686 1950 339 8719 8474 5273 5825 1161 8974 9717 9737 1615 3112 9856 9656 1746 9003 3031 7110 2191 1556 7135 6964 9037 4464 7119 45 4110 331 2183 3182 4783 9666 4733 9102 8859 8291 280 9725 3852 6823 1013 9697 4137 2544 6505 4646 820 6786 7478 
1 2
2 3
3 4
3 5
5 6
1 7
3 8
8 9
4 10
1 11
7 12
12 13
12 14
8 15
7 16
6 17
17 18
13 19
17 20
9 21
5 22
10 23
21 24
2 25
5 26
15 27
16 28
5 29
1 30
19 31
29 32
4 33
22 34
20 35
19 36
12 37
37 38
4 39
13 40
18 41
32 42
11 43
8 44
22 45
19 46
1 47
5 48
7 49
17 50
38 51
18 52
9 53
49 54
42 55
29 56
50 57
1 58
25 59
48 60
24 61
12 62
46 63
58 64
25 65
32 66
6 67
39 68
27 69
10 70
23 71
34 72
52 73
55 74
37 75
31 76
30 77
53 78
23 79
64 80
59 81
57 82
66 83
15 84
47 85
31 86
43 87
13 88
84 89
18 90
88 91
79 92
71 93
82 94
67 95
26 96
95 97
57 98
10 99
63 100
20 101
7 102
61 103
90 104
94 105
9 106
33 107
75 108
98 109
14 110
63 111
3 112
12 113
5 114
71 115
15 116
96 117
89 118
24 119
1 120
107 121
24 122
112 123
48 124
26 125
87 126
108 127
39 128
3 129
73 130
100 131
103 132
19 133
60 134
56 135
1 136
109 137
39 138
121 139
61 140
8 141
67 142
119 143
75 144
140 145
115 146
18 147
7 148
131 149
21 150
5 151
85 152
53 153
74 154
121 155
99 156
151 157
83 158
89 159
99 160
105 161
78 162
101 163
18 164
22 165
36 166
47 167
64 168
77 169
63 170
64 171
65 172
126 173
22 174
157 175
135 176
50 177
43 178
133 179
14 180
83 181
75 182
130 183
107 184
88 185
74 186
172 187
123 188
72 189
147 190
73 191
2 192
174 193
26 194
89 195
73 196
55 197
65 198
93 199
49 200
188 201
78 202
173 203
38 204
10 205
20 206
72 207
169 208
71 209
37 210
158 211
138 212
25 213
50 214
209 215
75 216
98 217
6 218
24 219
74 220
51 221
50 222
218 223
112 224
191 225
207 226
222 227
219 228
194 229
136 230
141 231
99 232
36 233
69 234
225 235
32 236
98 237
219 238
56 239
135 240
96 241
22 242
162 243
44 244
55 245
88 246
130 247
107 248
177 249
44 250
104 251
147 252
129 253
226 254
41 255
156 256
169 257
178 258
132 259
38 260
38 261
102 262
119 263
27 264
23 265
98 266
101 267
88 268
44 269
87 270
184 271
210 272
150 273
20 274
173 275
149 276
204 277
88 278
49 279
65 280
55 281
153 282
177 283
58 284
3 285
95 286
198 287
259 288
127 289
221 290
120 291
85 292
77 293
225 294
188 295
183 296
217 297
185 298
188 299
79 300
96 301
229 302
109 303
76 304
195 305
144 306
267 307
266 308
85 309
110 310
203 311
196 312
272 313
162 314
95 315
160 316
175 317
57 318
232 319
122 320
16 321
99 322
314 323
180 324
110 325
275 326
102 327
274 328
232 329
122 330
110 331
219 332
93 333
161 334
324 335
227 336
28 337
183 338
337 339
236 340
88 341
129 342
167 343
142 344
53 345
30 346
229 347
163 348
331 349
23 350
286 351
156 352
40 353
263 354
153 355
267 356
28 357
333 358
170 359
51 360
125 361
40 362
284 363
45 364
207 365
76 366
147 367
86 368
241 369
341 370
211 371
74 372
54 373
268 374
296 375
135 376
117 377
303 378
227 379
293 380
218 381
55 382
39 383
291 384
97 385
309 386
67 387
215 388
270 389
262 390
68 391
50 392
189 393
113 394
30 395
221 396
162 397
325 398
249 399
184 400
298 401
377 402
21 403
181 404
386 405
226 406
215 407
20 408
299 409
195 410
3 411
191 412
37 413
136 414
225 415
330 416
36 417
219 418
174 419
298 420
137 421
80 422
297 423
254 424
359 425
327 426
31 427
16 428
334 429
381 430
272 431
241 432
232 433
188 434
353 435
84 436
260 437
74 438
251 439
119 440
425 441
66 442
273 443
17 444
233 445
314 446
154 447
414 448
122 449
210 450
48 451
70 452
78 453
305 454
281 455
49 456
155 457
338 458
288 459
446 460
435 461
171 462
143 463
48 464
363 465
220 466
349 467
239 468
255 469
168 470
62 471
140 472
307 473
348 474
67 475
409 476
448 477
293 478
4 479
335 480
394 481
275 482
325 483
32 484
107 485
156 486
188 487
232 488
413 489
167 490
427 491
395 492
13 493
3 494
401 495
320 496
220 497
330 498
464 499
95 500
146 501
343 502
242 503
473 504
297 505
55 506
443 507
4 508
459 509
48 510
163 511
467 512
167 513
309 514
496 515
349 516
500 517
404 518
343 519
202 520
108 521
434 522
510 523
269 524
334 525
288 526
8 527
193 528
322 529
234 530
457 531
7 532
471 533
426 534
490 535
469 536
64 537
157 538
256 539
172 540
411 541
471 542
151 543
218 544
443 545
218 546
40 547
230 548
544 549
105 550
225 551
15 552
359 553
242 554
257 555
66 556
447 557
470 558
11 559
555 560
235 561
489 562
374 563
384 564
452 565
554 566
446 567
109 568
100 569
86 570
454 571
40 572
417 573
125 574
519 575
29 576
404 577
505 578
512 579
407 580
464 581
420 582
73 583
438 584
180 585
492 586
228 587
292 588
290 589
411 590
84 591
326 592
31 593
137 594
70 595
409 596
586 597
388 598
523 599
465 600
407 601
266 602
308 603
554 604
57 605
201 606
524 607
149 608
332 609
29 610
11 611
343 612
84 613
79 614
358 615
508 616
79 617
156 618
384 619
573 620
495 621
166 622
18 623
139 624
622 625
118 626
541 627
217 628
28 629
297 630
406 631
135 632
86 633
346 634
215 635
149 636
487 637
80 638
541 639
510 640
174 641
57 642
609 643
542 644
406 645
556 646
637 647
115 648
539 649
51 650
8 651
435 652
547 653
406 654
94 655
653 656
110 657
436 658
400 659
583 660
341 661
260 662
331 663
605 664
394 665
568 666
276 667
237 668
387 669
225 670
564 671
272 672
377 673
364 674
266 675
55 676
213 677
564 678
318 679
597 680
507 681
517 682
682 683
291 684
415 685
602 686
41 687
683 688
74 689
183 690
58 691
342 692
525 693
631 694
131 695
259 696
414 697
487 698
377 699
117 700
283 701
448 702
642 703
19 704
467 705
272 706
439 707
680 708
488 709
373 710
206 711
459 712
268 713
706 714
468 715
620 716
139 717
436 718
541 719
284 720
80 721
165 722
557 723
609 724
661 725
89 726
210 727
308 728
174 729
9 730
399 731
168 732
199 733
429 734
78 735
653 736
653 737
269 738
287 739
309 740
121 741
279 742
124 743
316 744
623 745
634 746
495 747
582 748
388 749
522 750
552 751
305 752
640 753
751 754
388 755
118 756
391 757
376 758
478 759
354 760
384 761
20 762
454 763
713 764
61 765
145 766
472 767
682 768
626 769
198 770
51 771
683 772
682 773
339 774
411 775
584 776
451 777
14 778
467 779
695 780
391 781
649 782
527 783
404 784
402 785
35 786
362 787
558 788
162 789
156 790
600 791
145 792
477 793
504 794
127 795
584 796
237 797
658 798
76 799
42 800
349 801
754 802
768 803
751 804
743 805
436 806
99 807
155 808
336 809
121 810
554 811
52 812
626 813
654 814
38 815
460 816
19 817
642 818
789 819
279 820
92 821
86 822
257 823
4 824
547 825
629 826
686 827
726 828
623 829
722 830
317 831
480 832
369 833
573 834
53 835
494 836
456 837
540 838
8 839
463 840
271 841
436 842
496 843
62 844
277 845
408 846
582 847
360 848
337 849
494 850
823 851
74 852
421 853
7 854
382 855
533 856
534 857
218 858
117 859
261 860
682 861
155 862
700 863
384 864
848 865
736 866
38 867
443 868
46 869
238 870
354 871
565 872
680 873
765 874
665 875
535 876
165 877
513 878
449 879
813 880
194 881
640 882
689 883
713 884
626 885
510 886
463 887
94 888
318 889
402 890
414 891
92 892
433 893
604 894
488 895
350 896
604 897
402 898
791 899
894 900
517 901
445 902
396 903
380 904
94 905
594 906
842 907
566 908
254 909
134 910
742 911
705 912
203 913
302 914
278 915
259 916
705 917
466 918
306 919
445 920
767 921
304 922
27 923
674 924
781 925
746 926
640 927
761 928
134 929
445 930
347 931
250 932
239 933
735 934
423 935
631 936
295 937
713 938
684 939
434 940
167 941
131 942
39 943
734 944
783 945
138 16
257 855
229 17
561 583
512 945
573 22
485 17
9 15
550 22
201 17
884 22
716 647
381 945
4 14
804 588
383 16
450 20
248 17
107 16
107 16
19 19
774 21
734 25
79 945
369 18
545 945
778 490
710 20
93 18
692 16
732 19
927 18
908 19
800 945
353 20
168 945
569 23
559 17
66 17
243 19
286 945
372 20
766 21
563 22
338 22
883 21
760 21
97 18
604 18
764 22
462 19
266 20
129 14
576 16
490 18
75 305
603 22
83 18
503 945
904 945
186 857
658 18
463 20
646 19
501 20
340 18
596 19
39 15
707 22
478 415
820 19
152 18
20 17
458 23
240 18
425 178
157 16
679 20
915 902
897 69
685 23
621 945
812 539
654 21
254 20
611 706
910 945
515 633
1 15
384 859
332 19
315 18
406 20
801 22
544 75
863 678
779 23
259 21
333 19
141 15
326 22
51 20
418 945
626 19
918 945
203 322
873 228
142 17
684 18
45 117
487 17
939 19
403 17
528 18
212 507
270 19
624 19
766 21
576 578
316 131
418 944
4 14
205 16
584 21
893 19
941 18
269 488
423 22
35 18
771 21
938 22
713 21
783 16
32 945
238 19
586 945
666 234
190 19
423 516
803 22
248 17
546 130
293 18
888 21
769 20
102 17
622 22
72 135
886 117
368 22
618 429
805 18
866 68
892 19
9 945
158 19
127 945
19 601
231 945
697 18
823 609
332 945
629 19
396 22
17 16
769 64
219 18
290 22
588 19
716 24
592 723
110 692
858 17
171 18
483 21
920 23
376 439
855 20
312 21
184 17
163 19
536 21
149 24
521 945
566 939
897 19
902 23
227 19
407 20
878 19
18 17
867 20
695 945
217 913
691 17
161 22
227 945
41 18
221 21
673 19
18 17
907 19
407 861
877 945
60 16
309 901
315 18
114 15
407 20
191 20
89 17
442 18
88 19
354 20
305 945
18 17
162 18
756 19
267 945
131 945
146 19
142 17
418 19
726 18
104 19
534 542
449 19
360 945
433 18
621 24
745 506
224 144
144 18
37 18
87 18
25 15
907 19
457 19
375 23
581 17
529 18
828 19
297 945
398 21
400 945
553 24
757 18
334 23
36 20
538 611
93 122
627 16
559 17
103 6
196 20
837 945
620 945
317 18
543 837
357 19
594 22
324 635
340 18
824 306
827 23
233 21
201 560
426 19
419 945
339 20
868 20
546 17
726 18
367 283
519 566
28 945
659 19
346 17
186 20
477 19
630 945
448 471
46 20
513 945
474 21
177 945
753 18
926 20
198 17
169 18
882 18
823 20
878 175
711 19
477 825
537 18
593 21
343 18
916 22
387 17
655 21
581 17
735 18
217 717
879 125
418 19
184 945
925 366
674 18
763 945
619 19
156 17
486 18
165 16
556 18
569 23
625 23
91 20
360 618
645 21
700 667
447 21
321 781
197 592
673 19
738 306
834 23
475 17
812 19
293 18
142 17
210 319
492 18
772 22
804 648
353 945
412 21
345 17
661 21
53 16
580 945
64 17
7 16
502 19
289 597
294 783
76 356
70 16
52 18
419 945
176 18
377 18
626 19
158 19
519 19
196 945
136 16
887 21
236 17
73 19
207 18
212 17
655 21
479 15
100 534
289 945
631 21
922 23
779 23
816 599
158 19
606 18
177 945
454 20
841 945
282 44
556 945
290 238
45 16
666 22
578 23
175 17
537 18
713 945
323 945
159 18
706 21
305 423
138 16
192 15
874 402
653 409
128 16
783 945
252 19
424 945
818 20
270 19
495 23
99 636
892 929
636 25
113 18
68 945
605 19
151 15
730 16
426 19
537 18
340 18
70 16
556 18
175 17
717 588
726 18
399 20
802 466
182 20
761 19
802 19
212 17
308 945
595 17
388 792
463 945
199 945
859 18
549 576
400 945
605 135
813 20
649 945
488 878
640 17
473 21
520 945
119 18
829 19
701 580
920 23
115 18
179 21
546 759
743 17
564 19
294 766
606 18
842 945
584 21
247 808
268 20
288 22
250 945
603 22
675 21
435 21
901 344
746 19
360 21
871 702
454 644
214 18
161 22
593 21
752 334
172 149
398 21
300 18
239 17
618 92
408 945
591 945
129 14
503 17
20 17
217 945
426 859
396 22
579 24
718 18
396 22
772 910
541 15
436 945
460 21
778 19
833 945
707 22
862 19
705 23
828 19
483 21
413 19
807 17
512 23
392 864
515 21
695 24
275 21
268 41
454 20
455 408
458 23
245 19
94 945
675 21
356 20
139 18
928 20
760 945
344 18
287 18
160 17
88 19
888 945
83 945
232 17
925 945
932 17
813 20
3 13
205 786
606 18
844 19
460 278
121 17
57 18
86 21
126 19
514 19
939 19
620 23
736 827
560 945
821 272
568 21
626 19
695 24
873 22
317 18
848 22
853 23
363 18
489 20
59 16
50 17
792 21
69 17
510 16
721 19
351 563
16 796
943 124
232 17
160 517
508 680
801 22
877 794
250 16
378 22
51 20
515 21
622 636
429 202
891 219
449 19
892 19
830 18
940 18
439 945
838 30
299 151
92 94
875 21
272 20
544 945
898 945
446 20
374 21
513 18
30 915
114 15
91 20
787 21
322 17
811 922
921 22
474 21
433 18
430 945
580 21
130 20
240 945
262 18
681 21
897 19
831 19
474 21
774 21
182 38
872 19
513 18
428 18
447 360
864 19
615 21
317 18
444 917
420 170
810 18
538 17
752 20
641 457
383 16
604 18
787 375
419 945
709 19
506 19
344 18
712 24
433 945
502 19
318 19
773 21
623 18
31 20
403 883
18 17
624 19
561 464
518 21
158 19
291 118
677 17
732 612
689 20
673 19
882 18
878 19
102 17
87 18
944 739
658 241
376 18
149 317
863 19
201 17
601 21
108 20
236 17
621 31
2 14
643 21
88 19
712 945
582 23
362 20
656 945
423 400
514 19
931 19
386 19
590 15
752 20
584 21
351 206
53 16
270 945
51 20
696 22
900 20
861 21
210 19
48 15
577 676
598 21
281 945
464 16
638 19
456 18
85 945
510 16
546 470
689 20
682 20
797 945
361 945
891 945
501 945
707 22
247 21
882 531
259 392
223 531
532 847
855 26
231 770
739 19
77 17
878 19
798 19
28 18
650 21
103 745
389 20
705 23
284 17
304 945
924 19
476 945
477 19
339 20
722 17
337 837
115 945
210 19
562 21
155 482
70 16
127 21
539 19
875 754
770 945
584 21
692 16
547 20
410 19
616 945
13 18
46 20
335 21
899 22
213 16
293 18
815 20
762 18
174 16
681 21
667 26
884 22
337 19
387 889
130 20
495 23
29 15
917 425
317 18
154 20
570 22
332 19
655 918
843 21
162 18
600 20
203 21
708 22
558 402
629 19
822 22
229 17
32 399
373 80
640 17
668 945
827 23
563 894
597 945
915 945
654 21
618 885
844 19
870 507
584 945
305 19
210 19
855 945
689 20
62 18
672 420
139 405
773 21
182 20
783 73
6 15
732 19
236 17
279 18
483 21
383 818
688 22
284 17
484 17
3 13
708 22
838 19
72 17
569 23
642 19
261 612
456 631
320 19
47 16
152 945
407 20
80 18
886 17
155 18
8 14
855 945
127 945
628 21
233 945
642 19
24 17
904 590
282 18
265 17
388 20
928 20
792 945
684 18
46 20
720 18
447 227
46 20
308 435
306 874
420 22
357 19
200 18
62 62
596 588
506 945
84 16
871 21
890 163
67 16
568 21
14 18
862 19
256 18
909 21
543 16
5 14
10 835
195 18
587 20
612 19
924 19
826 20
870 20
702 19
107 16
188 463
320 19
386 19
471 19
33 15
364 17
195 18
694 22
82 19
260 20
36 20
471 19
184 17
11 16
4 14
525 24
263 19
802 19
775 906
773 21
618 18
160 17
291 17
914 19
359 69
75 400
336 20
41 18
769 20
289 22
405 20
728 22
890 732
227 19
827 945
154 742
214 18
332 690
496 20
921 22
682 20
138 16
94 20
803 22
695 24
263 19
111 22
210 19
661 21
923 17
48 15
938 122
591 17
701 20
551 945
768 21
183 945
907 19
190 19
195 18
664 20
173 71
231 548
540 18
220 20
368 22
411 14
100 22
912 24
255 19
382 945
163 19
642 945
507 20
412 21
552 16
763 21
291 17
41 940
840 21
878 51
872 19
52 18
516 738
212 945
849 623
71 17
554 17
732 19
294 704
437 926
128 16
202 18
30 16
187 18
872 19
135 17
523 17
54 18
909 21
423 945
585 945
841 19
558 20
668 21
779 23
927 945
