1927 1997
19 1490
382 1121
3 1098
560 1217
27 1150
1264 1736
448 735
679 1812
228 283
1268 1626
9 1119
182 815
777 1634
1442 1451
841 1477
1431 1586
1491 1673
503 1257
1104 1292
1443 1813
1059 1386
248 1050
248 559
1279 1417
832 1677
276 1081
285 819
656 1767
96 1919
230 1735
1028 1683
1749 1757
1803 1915
1236 1776
300 1272
106 811
172 1227
1077 1637
165 1814
614 1249
871 1560
810 1446
210 1035
396 1770
1065 1587
381 1193
574 1293
413 1757
955 1438
1631 1633
109 828
431 1101
998 1684
1010 1235
156 168
712 1140
75 398
1069 1926
670 1385
101 1116
75 934
935 1297
197 1147
169 423
277 1524
46 681
658 1774
588 1581
743 1001
1443 1908
347 1342
246 913
852 1125
317 1571
872 1167
1827 1925
838 1288
586 780
1692 1699
469 633
845 1346
638 1628
744 1358
757 1299
772 925
670 1656
508 711
807 823
854 1891
135 800
892 1454
672 887
167 1653
281 1882
175 718
1046 1157
434 887
922 1302
1516 1609
627 1780
152 547
158 365
1456 1913
816 1880
1889 1920
160 1555
836 1053
604 1015
758 1213
353 1185
520 1425
887 1851
360 1790
23 508
731 1336
222 328
286 1798
269 1195
393 1526
786 997
16 1749
705 1623
54 382
1055 1683
725 1467
726 1798
527 1536
234 1107
360 963
1698 1701
208 698
514 1603
565 1437
474 1496
576 1703
1299 1500
109 158
856 1717
1043 1741
745 1890
358 621
146 151
1516 1720
1134 1334
65 587
860 1537
149 1810
119 1051
273 578
594 1613
106 1130
58 728
585 870
364 1642
878 1316
588 1326
106 505
858 1529
206 1076
104 1268
815 1838
15 1308
518 1500
59 1107
673 1468
743 1467
1629 1767
1077 1355
524 1316
984 1430
370 1670
584 1433
261 1124
1184 1527
849 1358
734 1272
200 422
36 1021
1873 1902
1302 1701
370 1745
948 1366
192 1851
319 1151
124 1883
490 596
749 1123
1599 1918
43 91
972 1453
710 1915
847 1103
807 910
687 1607
139 1910
425 1505
605 1595
389 1609
458 490
1345 1641
243 1253
1344 1879
1036 1549
254 1633
747 902
254 1495
1426 1550
329 641
367 532
454 1677
466 475
672 1813
834 1461
714 1588
1130 1689
121 1881
810 1191
353 485
41 1830
125 576
243 930
194 222
882 1595
141 1517
576 1157
215 1900
366 1879
325 389
1619 1701
773 1741
290 1100
464 851
85 991
234 1833
601 1568
206 741
249 1287
134 384
197 1553
1485 1641
213 1714
509 658
458 897
396 1709
248 932
21 1868
461 1828
92 875
887 1608
314 435
810 1919
183 1558
659 1028
912 1254
77 1518
1552 1616
505 1322
873 1422
371 1117
150 773
374 498
1126 1228
11 1769
107 823
1282 1353
400 463
25 957
1407 1612
1351 1837
564 1223
1108 1189
563 1278
478 667
312 643
304 1303
1461 1622
233 719
336 938
632 1830
812 1446
1614 1860
886 1363
433 1771
20 1202
749 1564
51 1100
935 1112
684 732
496 1216
703 1097
167 901
392 1648
78 1318
128 1403
95 1134
218 825
1171 1618
834 1673
28 1476
344 790
1432 1651
536 541
459 1636
285 413
3 1500
1168 1671
793 1532
505 675
785 1539
901 1643
910 1052
96 232
723 1217
287 312
1321 1889
760 1744
926 1353
508 1346
694 1086
88 1551
1791 1872
340 996
229 1543
959 1681
377 865
723 1474
1354 1668
50 1233
112 167
950 1434
788 1374
668 1511
553 1755
27 1352
1064 1576
516 801
257 945
778 1832
325 1187
529 635
1367 1520
251 545
483 668
285 1346
860 1848
246 350
169 1811
1038 1786
524 643
1357 1540
449 1490
7 611
462 1360
73 1431
1600 1692
48 65
424 853
1360 1469
75 1620
331 1270
143 524
329 1490
1347 1749
92 1368
170 1541
953 1457
314 535
233 1266
562 1347
729 1031
857 1419
1195 1481
494 1878
599 1818
949 1532
103 1317
870 1606
1003 1239
70 788
908 1495
657 1669
487 1136
789 985
914 1627
173 796
941 1078
486 1145
49 401
638 1835
1061 1856
810 1410
400 1112
289 1729
1155 1670
1663 1843
1468 1618
685 1368
646 1908
901 1568
764 1093
1225 1830
817 1461
1462 1527
1340 1680
605 1648
17 679
240 1858
104 1170
350 619
1001 1209
79 1152
272 832
646 1537
67 1718
1458 1608
584 1287
1256 1550
753 1448
803 1839
164 1900
137 1806
107 547
470 896
159 1811
496 718
155 266
475 569
1089 1143
1029 1367
1464 1769
753 1883
442 1801
831 840
537 796
429 714
560 1868
377 1861
1336 1589
1465 1485
707 774
647 1126
895 1701
1543 1811
472 507
1122 1384
590 1407
772 855
1795 1925
781 1119
147 1337
763 881
1318 1805
1052 1400
266 1521
1291 1359
290 1153
459 1179
727 969
48 1523
703 908
419 1820
361 1193
962 1777
343 1160
255 1877
543 1039
1210 1488
209 240
1373 1675
217 1554
1059 1512
606 1070
120 1153
516 1642
24 817
202 1172
403 1747
1242 1779
527 540
212 321
1446 1601
838 1297
1058 1483
868 1093
414 1015
356 1357
109 711
648 1256
199 979
872 932
526 1863
221 339
311 1493
55 365
18 1899
55 818
382 572
707 931
736 777
173 187
448 757
404 503
1633 1926
614 1250
120 844
684 819
994 1289
408 1028
216 1210
711 1638
101 1203
794 1414
120 1244
29 714
257 1440
1195 1555
15 1405
45 799
455 598
431 840
354 1090
678 1468
211 1507
547 1200
425 1507
1582 1696
168 997
324 1482
154 180
1319 1363
1211 1637
591 1430
1224 1268
38 1526
746 956
852 1298
328 1649
428 616
95 262
16 587
257 1028
434 1080
76 1330
549 1277
1012 1546
539 1083
253 1573
1017 1044
65 695
224 304
384 558
148 1403
419 1273
769 793
56 1171
365 1008
1178 1255
1179 1697
785 1052
1171 1531
1487 1906
716 1526
122 493
1200 1866
692 1444
404 455
106 1674
704 1530
83 1198
844 1633
1312 1888
507 653
1007 1470
236 1651
444 1216
294 1568
687 852
628 1659
1215 1755
485 769
847 1405
1371 1414
288 1539
451 1834
478 1753
407 1752
1329 1530
31 1605
253 1601
609 1552
604 1814
1471 1748
1843 1896
700 1824
1521 1915
15 1129
790 1410
862 1845
326 1853
609 1455
296 526
180 1394
422 1201
1351 1868
1456 1917
728 1322
510 660
295 430
392 1394
993 1758
1648 1917
996 1664
1240 1359
18 1404
78 794
1090 1479
1012 1361
314 1448
456 1678
92 1266
743 1519
254 1073
1050 1328
231 634
23 192
936 1681
493 873
761 1722
714 1506
1440 1630
549 1825
5 1548
1169 1282
1355 1753
311 1143
222 596
117 731
629 788
55 1169
389 996
530 1549
196 1242
558 1496
917 992
392 1709
275 1583
1053 1742
515 1624
227 436
18 134
75 1391
1011 1038
1330 1616
594 1480
299 1391
935 1805
766 1430
320 600
337 1342
741 1010
203 1709
355 1021
1090 1625
1189 1221
855 1500
933 1361
1190 1913
597 1378
976 1161
643 1793
55 900
705 1784
292 1805
1888 1910
1003 1159
26 1258
977 1569
60 1558
107 1163
557 1115
356 1921
572 1899
1879 1913
604 740
386 602
432 1622
998 1583
1620 1889
561 1670
286 1226
284 1140
1058 1147
1464 1487
1390 1764
62 1401
1064 1301
430 899
188 1161
84 581
450 1644
1786 1855
762 900
54 405
125 1749
461 538
644 1407
797 1136
512 774
584 713
139 394
404 1424
266 469
206 727
1282 1330
182 1240
468 703
383 1738
285 1163
490 1559
402 523
291 1070
97 98
1336 1745
158 545
584 831
494 559
29 1495
701 1704
1185 1288
914 1634
216 1050
1231 1267
1798 1896
1115 1520
706 1298
1248 1496
1013 1405
236 317
840 1300
1249 1563
1022 1238
287 724
150 1438
1062 1908
239 944
956 1882
326 809
1526 1743
92 172
333 723
281 1138
1497 1527
895 1062
562 1375
436 1214
492 1750
69 317
951 1578
1051 1431
1084 1607
78 748
712 1907
1025 1765
965 1908
149 439
200 376
232 889
285 1074
1519 1690
1369 1668
1224 1842
176 756
1574 1682
810 1002
743 1008
35 358
330 1926
237 1084
595 629
1671 1705
108 1281
368 1025
361 719
1169 1912
554 1878
788 1898
1062 1773
433 1063
566 1164
1433 1800
40 753
1729 1750
1521 1582
361 1211
1019 1221
909 1243
854 1877
60 1582
340 1137
198 642
439 1476
410 1509
267 640
151 1489
779 913
408 628
1467 1823
1598 1817
787 1499
548 897
182 1617
1119 1626
254 458
624 1700
1475 1678
869 1834
1336 1764
87 240
936 1854
348 1190
499 959
459 1627
208 1174
1170 1419
229 1270
1117 1905
585 1290
1509 1730
27 190
761 1514
356 1176
341 470
1279 1641
525 1106
1144 1585
435 1702
99 1070
871 1203
817 1861
459 767
742 1451
1184 1535
1030 1372
679 1558
40 1772
1553 1820
287 1405
432 699
1022 1820
178 662
1024 1680
408 468
751 1709
1628 1903
820 1430
191 617
381 574
1449 1775
18 39
66 1785
34 1480
68 1058
494 925
1251 1294
483 1314
110 1269
718 779
775 1343
13 1879
1024 1430
1797 1907
1165 1323
101 382
83 185
1045 1575
1004 1032
1627 1925
518 1385
1260 1847
1092 1750
778 1487
224 652
199 968
384 867
435 1734
125 1880
310 719
344 1300
997 1573
850 1283
184 1398
546 1228
565 1549
713 1586
1119 1461
99 438
938 971
1107 1289
565 1390
661 1082
667 1196
82 680
71 88
1259 1545
769 1141
1165 1211
236 1105
575 1536
958 1408
80 998
199 362
700 1354
958 1149
274 1042
486 1600
584 1352
1367 1518
318 1309
178 1485
701 1065
1157 1529
1271 1467
1790 1829
896 1727
18 1068
836 1925
2 1870
538 1582
706 1274
1415 1636
468 852
792 1070
598 1093
270 1394
342 1421
198 547
259 1630
1808 1840
366 846
1013 1720
1013 1372
648 722
1552 1700
710 1782
1449 1469
92 1295
686 1007
452 514
307 1020
295 355
1188 1918
442 1007
417 1550
1442 1691
976 1563
53 1320
406 436
1496 1892
801 1081
1560 1781
908 1077
875 1601
104 212
260 1611
1624 1672
861 1778
250 439
1093 1490
12 338
525 865
1668 1895
465 1078
114 418
293 743
649 853
1050 1614
588 652
703 1048
111 717
1400 1685
663 1403
1021 1480
194 1098
695 1316
587 894
595 1163
217 234
50 1299
499 850
213 1510
20 1689
403 703
1240 1663
559 570
204 1218
1506 1708
916 1186
191 1816
49 1498
826 1891
617 1426
49 940
281 774
167 1445
1257 1900
1297 1619
124 653
360 564
388 1385
319 1365
633 1065
223 1517
608 642
686 1269
677 1139
477 907
747 1257
266 696
1233 1682
177 1812
935 1314
521 1762
55 425
145 1904
819 1074
1340 1630
1480 1542
144 417
747 1068
644 1062
326 486
1833 1895
190 1880
1001 1124
394 520
593 1034
227 1231
1566 1925
84 1229
313 346
56 1451
39 1517
1284 1582
538 1583
122 858
376 686
705 1853
340 1645
1243 1828
1770 1810
187 1128
1017 1863
704 1679
283 517
792 1292
614 1717
1370 1892
779 1136
496 1055
1530 1691
664 1101
791 926
1123 1326
782 852
300 1866
777 1086
104 1480
402 483
1255 1763
532 713
1660 1682
377 1755
69 1231
639 787
541 650
73 1612
101 1922
1271 1905
344 510
989 1889
1224 1669
627 1297
174 367
1077 1415
1428 1685
206 1158
1363 1824
678 929
10 1476
649 1631
22 840
1112 1605
1731 1744
167 412
120 1101
410 662
1047 1164
75 1695
711 1143
243 1071
1089 1759
688 1252
179 1452
124 476
1744 1906
116 1363
448 1523
837 897
53 1847
404 841
97 997
731 1265
532 1456
6 236
177 454
951 1074
427 1316
605 1394
1242 1642
1266 1559
1216 1287
700 901
45 731
795 1367
236 1623
1125 1423
620 701
861 1574
396 706
443 936
177 232
80 574
1017 1532
496 1208
687 1884
682 1414
858 1897
302 318
639 931
1318 1431
63 1174
127 1013
162 1343
668 1178
635 1051
623 1752
2 624
544 1518
944 1655
249 874
239 1433
803 1059
200 234
312 1129
1321 1522
782 1270
113 1914
92 510
474 1545
50 1083
1057 1728
584 687
283 1047
1689 1824
279 872
942 1510
1570 1817
1009 1738
1534 1641
191 478
627 1452
98 1761
1164 1454
727 1182
300 1793
769 1100
120 257
1341 1740
733 1018
642 1071
148 465
576 1037
438 1534
310 929
412 1129
1277 1386
377 1718
469 1707
690 1659
165 1878
1631 1906
505 1742
1656 1813
152 1081
57 348
153 1912
315 1773
409 1276
400 409
881 884
897 1380
256 1736
1083 1861
713 1076
428 436
1045 1179
713 911
1268 1865
339 388
475 1229
873 1024
680 1665
389 1095
1411 1568
755 1329
825 1716
72 1133
284 1684
407 819
235 347
59 1741
1329 1780
442 1924
468 596
544 1803
396 1075
484 1924
18 1066
1133 1632
909 1512
328 1180
439 485
266 648
684 1875
1193 1799
7 1798
1520 1672
1729 1793
693 779
965 1477
3 650
1239 1408
1556 1909
161 690
484 1274
727 1301
287 1711
1864 1922
900 1111
325 1192
509 1749
213 1660
1350 1599
1667 1883
1053 1295
1110 1887
520 555
1122 1289
801 1917
818 1852
618 696
951 1090
757 1017
135 139
1765 1916
532 1621
467 1381
853 1310
699 1185
864 1512
1163 1499
505 763
1238 1706
721 1378
514 1890
1025 1488
493 1602
472 1344
811 1313
1250 1881
1031 1298
578 1644
610 839
612 1697
208 653
428 1009
516 1008
310 415
650 1191
1015 1036
850 1401
569 1137
640 900
1248 1750
163 256
1053 1669
1389 1675
146 659
388 1314
85 1647
452 1374
597 1916
241 1298
849 1123
464 973
967 1748
859 1016
549 1681
286 950
302 664
1053 1123
1485 1592
59 1031
1349 1396
1152 1453
606 797
818 992
1746 1820
1216 1699
434 1865
342 1551
407 1420
191 435
494 1656
531 1179
774 1868
254 1186
64 1128
504 1868
1107 1800
568 1424
40 723
469 602
312 852
105 976
473 1689
199 1008
1097 1461
1312 1337
237 573
405 1056
51 298
605 1915
277 290
1457 1918
327 555
1402 1636
24 1668
316 479
1324 1701
1466 1626
753 1659
322 1065
717 1202
526 1326
413 1011
538 1525
628 1816
123 134
706 1251
852 1644
1450 1600
100 1770
1075 1218
178 393
308 310
811 814
773 1040
372 449
1283 1559
695 1292
1807 1904
599 672
1285 1576
507 1437
1760 1764
660 1811
1262 1908
1117 1650
380 445
48 1876
887 1211
709 728
491 996
637 645
751 1503
95 1329
1070 1259
1191 1285
756 1619
1113 1634
162 432
1796 1926
849 1419
265 1357
177 453
169 679
690 1476
509 568
150 316
736 1660
1458 1907
141 1551
55 56
399 697
183 493
293 1549
1053 1234
576 1837
604 1776
713 1139
348 746
590 1700
553 1039
1409 1567
858 1697
606 888
911 1641
123 593
63 371
1202 1577
926 1334
195 561
1273 1805
643 1414
396 1434
977 1313
190 1401
1007 1508
56 1138
290 1263
802 1561
1355 1644
22 703
299 1448
27 1911
730 1770
746 1690
144 1219
1220 1896
393 1029
617 1711
111 1161
1878 1909
965 1328
614 1688
478 772
894 1721
39 1311
1286 1414
809 1048
41 743
155 1628
544 914
831 1746
813 1696
626 1167
682 1170
1013 1134
579 660
453 1330
534 1414
499 1538
744 1245
241 1755
134 575
676 840
751 1305
96 188
1083 1593
582 817
402 1786
137 895
278 1074
1755 1897
773 1266
1460 1700
1297 1550
50 198
99 419
222 1447
958 1060
621 1550
13 554
614 648
1079 1431
1185 1551
101 1497
18 1917
1267 1347
1182 1717
869 1614
723 1681
670 1317
702 1760
125 365
811 1232
383 1241
773 1748
472 797
964 1923
621 787
55 941
118 1012
683 1181
292 1733
125 1856
591 1911
155 1619
1110 1722
78 1836
180 1390
454 876
76 1017
548 1376
553 1447
22 1727
423 1608
1607 1923
473 1880
1268 1759
753 1095
545 1125
469 1160
93 1205
172 493
683 1078
193 264
275 1541
747 914
273 760
455 1092
1502 1640
319 1012
85 415
1100 1457
1245 1542
754 1281
675 1020
160 1920
1595 1883
1145 1238
41 1278
181 1739
813 942
451 1760
1386 1797
823 1263
13 508
1046 1051
1611 1846
553 747
1599 1763
869 1857
857 1315
24 1270
1122 1386
63 1076
1 1774
306 317
227 1472
234 1491
38 1206
1492 1516
521 1573
556 1239
293 1603
577 636
1107 1152
1448 1904
375 427
1488 1864
1235 1826
518 1885
1126 1663
334 460
540 1513
669 836
165 1095
537 921
412 1749
192 631
1374 1805
63 1807
1132 1695
790 1310
18 396
364 991
498 1428
745 1793
1325 1659
1167 1361
1199 1359
793 944
899 1809
162 1228
1376 1916
208 1793
461 752
944 1703
899 1163
319 1010
789 1000
628 1228
49 750
4 427
1745 1812
119 1198
1252 1768
980 1726
474 1320
689 695
884 1658
630 1919
625 984
1639 1641
262 970
47 79
332 1879
21 1721
1004 1844
730 1418
42 1810
1267 1828
1515 1663
920 1413
81 321
1810 1912
252 1082
782 1262
150 720
491 770
132 810
624 1373
404 1560
134 549
228 1869
11 1212
896 1063
666 1012
816 1247
22 288
306 1109
97 1199
294 1694
36 924
1346 1419
1098 1265
1253 1530
1174 1492
520 713
705 1428
765 982
1089 1340
407 1235
298 1181
521 1519
219 1282
357 820
247 1540
727 1694
221 1216
495 1221
288 1234
514 793
808 1209
971 1221
349 1491
1178 1727
1592 1854
107 1558
513 1302
973 1894
404 682
895 1549
328 514
1269 1296
9 1060
702 1312
1180 1884
490 1050
1181 1561
1135 1893
29 1874
810 899
737 899
1100 1882
1026 1832
1099 1221
775 795
609 923
7 1199
359 1259
731 1482
182 1074
709 1150
415 656
635 804
1362 1370
612 906
193 1627
612 1616
58 71
701 1850
63 1408
178 1722
1018 1486
1339 1704
279 506
562 947
965 1265
228 931
904 1101
869 1042
371 1469
1202 1354
799 1851
65 1560
1250 1876
455 473
1170 1309
256 1197
803 1682
1253 1552
81 702
1194 1722
255 645
729 1461
60 1866
485 607
632 1438
549 1312
73 1486
152 1581
43 1069
428 1919
1206 1500
406 1458
544 1922
1377 1687
1277 1638
200 1080
770 1729
782 1038
847 1666
580 1383
1082 1399
251 494
6 1287
560 1496
1560 1768
806 886
536 581
1100 1115
498 1650
519 1460
1411 1585
1399 1535
766 1328
272 1773
1255 1851
1367 1420
774 1432
382 495
1446 1448
1661 1843
501 1003
541 1240
55 580
1485 1693
397 1786
507 1440
651 1056
249 1012
1315 1786
1369 1699
1143 1640
247 1767
794 1745
65 1840
1399 1625
16 1818
631 1921
340 801
1176 1193
201 970
147 1266
808 977
664 1626
316 1036
314 1566
471 1896
360 1088
38 1125
636 1059
123 490
357 1692
768 1515
48 1100
1618 1713
239 1159
518 971
530 1366
1148 1690
529 1192
1319 1905
1393 1927
965 1054
1441 1679
648 786
1495 1869
106 1344
1656 1886
1081 1666
250 1307
398 698
848 1629
761 1545
607 711
1700 1860
632 701
998 1342
1285 1823
400 612
1234 1851
1562 1815
1392 1876
1194 1815
569 1743
323 555
893 1522
872 923
632 875
1672 1738
63 619
1107 1175
321 676
114 1485
648 783
192 1409
575 685
858 1035
378 1733
803 1677
557 858
1258 1561
221 1288
845 1372
1232 1258
1576 1753
1156 1231
373 1275
1804 1903
553 1526
346 1053
898 1224
1840 1872
909 1896
335 1503
457 1216
1254 1617
1207 1617
11 1509
409 1889
857 1877
640 1528
325 1213
93 1553
346 1194
59 1868
1777 1846
433 1693
622 1715
616 1443
1362 1455
180 381
380 1216
116 301
571 1402
414 1584
51 384
691 947
1420 1572
594 1258
382 1765
136 351
1760 1921
437 598
431 1501
50 1917
1057 1612
523 1576
348 1358
115 127
767 1624
1185 1194
948 1613
276 1064
400 1499
629 1458
1429 1492
1237 1680
877 1005
972 1654
429 1253
374 1350
460 1027
754 1163
47 719
353 983
1324 1359
14 1490
761 993
567 1719
966 1529
49 1404
50 1102
160 370
118 1331
611 708
1647 1813
904 1672
1738 1810
1246 1583
729 1696
600 1637
1691 1703
494 1707
740 879
111 1271
947 1071
678 1614
351 1558
1282 1783
39 74
911 1259
83 1282
1016 1709
678 1809
942 1450
546 1396
39 206
360 1879
795 1716
661 1385
1573 1808
911 1321
1379 1873
136 1315
1014 1276
168 1528
754 1334
415 1609
1075 1311
1217 1473
88 1632
601 726
241 866
829 1351
319 1908
701 1229
196 1447
1083 1498
813 958
890 1051
726 1327
55 1761
151 169
985 1332
776 1077
1149 1781
224 1880
196 1188
317 1210
328 488
1132 1484
189 1060
845 1379
344 743
29 1064
1419 1693
567 1807
338 1407
550 939
897 1200
914 1566
206 1147
773 1417
258 602
1550 1827
505 898
264 885
1246 1883
889 1546
103 858
886 1521
206 353
