15 15
63649858 37753996 92852656 69657856 116436803 55288726 67678582 99980848 72393502 48656843 108369598 53274147 88530201 66591160 71754823
77698818 33033548 61553985 103562886 118181273 34075271 86233597 61338706 53815545 108088953 58469813 105663367 42078455 73639418 85062521
115436580 116883147 101381266 66805914 98235133 33451586 116473391 101856449 115905545 114541789 53760723 100087047 46231061 61327088 81808692
104361419 62621087 123451939 80899819 80792191 101368363 122237365 82008965 77332843 63349762 103000820 44959253 110657417 38993950 122102293
81374432 109023063 111708032 97158563 90543663 117511832 70459546 50260152 37597793 115856307 58288949 52227525 72868102 35603555 89882605
68544528 73023973 113999349 51689647 89671857 68875159 102712429 99170770 60038788 111178025 40218145 99582187 109418474 35116094 70146204
111496359 111555111 56179979 62132349 35482549 106728773 92301930 52923605 109389337 82925296 85180823 1929848 73544027 3301212 2762313
74993485 86776406 87473507 52248923 94433254 68140121 95672681 79631664 79056906 93063433 117862774 121401059 82934254 94103693 69218075
104455781 85191823 90597633 63388492 87584748 82611146 118824340 112231491 80694305 118589922 99241306 55955292 119255043 99469469 74631018
110481960 71891555 52727304 94493456 120253834 35583958 58770223 118691469 122026508 93068758 64980822 537761 39911035 1280897 1597454
36946393 63697207 48828632 78263840 69127452 121768485 91169890 78077902 89694156 69840893 58964790 104752669 60890299 101507003 92854420
122138149 115448866 62594722 99136173 99201089 89536716 107771844 45471926 121952511 33237385 111873771 4439100 53557313 16551460 156632
40584725 82672078 90676813 34391887 38223945 82297633 56497176 76612240 86214573 62533113 85975005 122376961 47042505 74927528 106671518
88123886 113431915 112514293 45124947 46185799 92613701 55740442 93129257 107541617 65305964 77097414 91339119 91439557 122686715 69316203
38513000 87781392 89598030 74945713 93787963 81089794 118045287 60617442 67666438 38203215 55855725 47427580 82752343 121909137 89646008
32556677
