8
13 3
173538578 483932013 140611856 383746885 426509859 407226562 38198313 139446885 114858410 604373689 607938221 341771218 287355160 
13 2
972348266 982693234 197877389 231064821 427198939 187297590 452483884 402513943 174963400 361349629 200738621 250948252 106640185 
13 1
312251068 38335291 668319135 511708210 706515127 353558594 357433852 581892933 349162178 764343156 90747448 819364272 346409623 
13 1
931521813 221372280 67528460 861115558 748154909 711744128 3236621 388659751 321707201 980010555 354446776 710310611 452786306 
13 1
140998293 541382943 117869165 127492263 927630319 313439365 925710175 521476234 692896654 274830449 660671802 413228475 529111352 
13 2
81604232 618247888 339024892 724301250 970400614 693194982 719956258 869904079 917941075 202771033 677735116 278211354 460909087 
13 3
67896265 887729264 959732826 547769272 336324158 777231820 340785857 172677759 976234056 369513730 42076255 112747549 133224975 
9 2
157433162 481605163 372367219 752739626 297788297 344973596 719114123 474208953 755922852 
