100
39 79 42 41 22 66 80 21 68 27 38 60 51 65 45 14 39 68 7 95 56 6 34 9 77 24 92 63 21 90 32 12 44 32 52 74 45 27 91 96 60 14 60 39 61 65 54 28 15 50 11 55 33 34 54 17 3 100 32 95 61 31 86 79 97 30 85 93 22 57 12 34 11 82 87 78 19 34 16 37 75 35 5 62 76 53 72 32 86 42 53 65 78 27 40 34 70 100 69 
60 45 13 25 19 48 15 22 53 46 34 84 38 69 84 66 8 14 6 69 62 99 71 19 7 96 46 43 2 40 68 90 10 96 47 88 73 52 18 53 45 6 30 51 97 30 97 71 97 74 7 79 78 91 54 70 94 65 8 100 84 55 78 2 66 13 92 33 25 97 21 98 26 2 23 64 48 92 60 50 69 92 65 87 79 89 92 36 12 49 44 27 37 53 60 52 72 52 
30 88 10 23 37 28 93 5 76 17 93 54 15 80 75 8 37 3 43 93 97 64 21 21 95 9 86 89 36 27 63 97 50 60 99 52 43 91 42 31 94 12 12 59 57 54 95 83 91 94 14 37 35 25 22 83 32 37 6 49 63 48 54 100 40 89 38 60 76 90 66 1 95 64 4 44 17 65 3 89 36 77 69 84 46 57 15 87 71 37 52 9 51 68 100 67 42 
58 60 6 19 59 25 22 30 45 95 99 53 13 65 83 63 88 85 81 19 37 81 1 74 57 13 78 94 51 89 35 51 84 14 100 74 67 93 22 32 52 87 61 15 7 27 24 75 38 54 50 26 78 83 75 76 47 34 98 20 41 85 73 32 54 19 59 14 90 39 6 30 40 43 78 76 68 91 57 28 2 3 49 53 85 66 3 2 84 73 69 41 85 84 7 82 
49 44 98 56 10 35 68 15 25 40 71 45 61 28 67 52 83 47 19 65 80 53 98 15 85 52 98 32 21 9 65 80 80 89 31 34 3 9 49 98 42 62 30 59 26 15 3 34 37 18 77 12 37 86 31 58 79 73 1 93 35 15 22 1 85 37 29 36 61 45 38 69 88 94 75 93 85 36 35 37 3 61 31 13 95 3 100 55 5 18 23 79 9 100 51 
80 99 6 62 92 58 14 41 87 54 95 29 5 57 43 31 68 36 53 69 12 91 79 88 36 30 3 20 15 72 79 56 15 36 95 24 90 100 18 28 46 63 59 85 67 31 87 74 97 49 35 79 17 1 32 16 8 58 27 93 20 100 16 30 5 83 13 5 52 66 79 94 57 99 19 74 65 48 66 29 46 59 60 66 1 39 95 43 83 95 60 90 95 92 
50 97 61 18 62 29 3 27 41 97 76 81 26 94 83 95 73 81 13 40 5 19 23 41 49 70 72 50 31 31 43 95 66 40 91 100 51 77 34 30 25 86 48 4 15 40 46 7 52 31 39 31 73 64 43 95 43 45 35 56 41 96 98 76 4 37 69 95 49 18 90 73 90 32 8 5 78 75 52 93 38 10 28 42 63 63 24 75 79 86 35 21 10 
55 78 76 72 36 86 66 95 1 21 71 73 95 66 27 53 95 5 71 20 2 59 5 76 17 31 49 9 45 77 30 87 19 19 13 50 64 65 4 98 86 34 3 35 87 16 23 6 89 34 11 53 10 34 61 74 70 4 92 96 33 50 10 25 100 77 56 28 98 52 6 32 21 62 61 75 51 41 14 29 94 98 66 54 41 78 32 12 94 72 20 17 
90 47 49 72 41 11 19 39 67 63 66 96 61 47 1 93 54 85 3 37 54 84 12 60 99 14 4 44 39 28 79 1 12 35 38 52 78 7 70 24 75 50 77 40 22 28 44 53 14 51 50 27 51 65 82 57 91 13 86 85 48 44 33 69 81 55 37 29 57 34 80 52 54 70 37 23 22 11 47 7 18 12 96 21 46 23 82 98 8 53 14 
12 94 40 20 87 58 40 16 68 10 87 3 67 2 81 73 64 99 46 19 79 40 13 60 14 55 8 4 30 58 6 32 77 8 70 8 23 31 85 72 23 16 96 76 38 6 22 88 64 49 67 10 45 34 64 98 59 67 1 17 83 27 8 31 55 34 2 60 96 9 18 90 46 23 11 1 38 88 77 45 13 13 12 52 5 14 72 21 44 94 
95 55 17 34 59 84 57 87 66 53 7 11 85 50 43 78 8 73 77 98 61 51 35 25 84 30 82 79 90 5 54 98 57 28 80 52 87 64 46 13 23 38 31 35 95 53 66 40 25 60 32 21 26 11 68 78 46 60 32 60 23 65 29 75 76 32 74 66 49 40 50 83 99 40 15 75 91 80 31 83 42 14 100 95 37 47 73 43 14 
85 62 64 4 97 79 5 73 44 36 65 15 98 85 72 41 2 6 1 64 63 10 60 91 43 95 76 66 45 74 80 93 65 21 78 38 19 10 86 90 95 81 19 90 98 74 73 60 14 13 77 38 3 21 12 40 61 58 72 44 95 65 81 46 85 73 44 74 21 35 80 47 12 2 95 63 9 48 42 26 66 68 89 13 26 2 93 91 
74 83 19 76 24 21 81 43 1 22 61 45 30 47 67 98 95 59 20 99 79 98 37 16 11 100 95 19 57 9 65 30 98 38 30 12 32 93 90 96 61 43 38 62 19 39 63 93 61 10 99 80 32 72 34 7 80 59 84 39 95 4 60 73 14 79 50 89 94 23 67 94 80 70 78 27 11 83 47 9 22 85 54 7 54 16 53 
39 97 100 44 48 74 77 25 54 21 27 10 93 37 5 75 18 97 35 14 95 90 49 1 87 18 88 99 47 28 64 64 72 12 57 69 7 38 12 88 23 13 42 64 1 84 5 95 67 14 5 46 76 25 58 53 55 99 51 79 17 1 31 19 69 59 59 37 33 48 14 56 81 53 18 49 7 52 82 59 17 65 20 11 61 63 
56 19 72 81 55 3 13 72 69 6 96 28 15 20 71 11 65 43 36 70 26 30 46 27 5 43 92 32 28 20 61 90 40 24 50 13 23 82 68 65 18 49 31 37 72 75 72 63 53 35 31 73 37 74 84 15 5 36 29 64 87 32 14 78 6 97 14 60 18 95 30 50 94 88 29 91 40 11 69 81 29 21 79 24 40 
23 16 94 34 68 31 44 91 71 65 58 90 6 43 44 79 77 27 82 23 20 61 21 96 33 51 70 87 61 75 82 69 97 7 94 83 84 7 73 62 68 68 38 60 4 28 71 15 9 45 65 30 63 92 81 93 53 75 67 8 85 69 18 88 78 10 34 43 10 35 8 73 29 52 61 78 99 91 92 21 50 6 5 94 
70 72 76 22 15 50 51 88 69 11 4 68 5 85 89 33 76 91 52 92 22 55 50 25 82 7 26 98 76 91 27 55 22 37 76 90 28 25 18 54 75 93 17 70 27 72 93 36 41 90 12 27 75 17 100 43 12 53 42 78 26 34 86 85 80 63 99 98 4 11 34 67 62 91 51 2 76 28 25 78 28 47 34 
57 7 52 89 48 4 29 1 74 62 100 42 94 52 93 41 78 24 34 24 84 65 42 83 53 91 56 10 89 1 23 2 2 83 61 7 3 75 79 24 89 62 86 13 13 47 93 70 82 57 21 10 81 77 81 85 20 22 12 69 57 70 90 76 12 60 62 39 37 86 88 32 16 52 54 98 25 75 2 6 18 64 
11 69 91 73 66 23 75 59 15 97 61 22 20 39 40 31 33 80 27 4 7 25 79 39 89 45 96 35 13 37 92 78 81 66 8 14 85 27 67 21 54 39 85 36 94 98 60 27 27 71 2 90 22 51 97 37 68 60 2 2 29 83 94 92 31 95 63 20 31 75 70 56 27 99 11 74 59 37 2 74 47 
10 15 31 16 65 3 67 63 2 19 49 50 43 35 93 85 57 21 5 22 7 100 67 56 18 35 100 100 29 66 39 80 25 63 12 55 76 98 54 28 42 90 70 9 10 55 91 29 7 70 68 93 100 69 43 24 99 93 33 33 8 86 51 41 93 71 20 95 92 81 65 86 86 55 6 3 56 91 97 54 
26 37 6 15 71 56 46 28 14 7 90 79 24 60 33 17 76 49 17 83 1 32 62 29 10 41 78 13 10 19 99 66 73 20 63 17 64 84 23 20 56 5 11 51 45 41 57 73 96 62 73 34 25 46 34 29 66 75 28 67 19 46 47 96 68 48 12 89 21 90 51 70 91 61 80 27 73 74 81 
81 63 68 64 99 46 1 82 96 79 63 77 26 59 80 60 78 16 52 4 30 68 41 18 38 98 97 10 48 76 18 31 10 100 14 55 47 31 8 64 59 53 60 80 71 40 39 96 81 54 22 95 82 35 46 100 69 64 80 61 59 3 65 18 73 81 99 62 60 20 52 41 56 35 3 77 28 55 
95 11 81 36 81 88 32 4 48 64 52 46 42 98 100 57 71 36 86 92 46 65 17 79 71 51 32 19 28 86 82 71 75 53 93 67 86 31 16 90 56 59 37 97 54 67 75 33 59 72 88 59 17 95 21 4 98 6 86 29 61 66 17 79 20 74 96 97 87 9 59 24 18 27 67 11 88 
39 85 46 100 8 92 96 32 3 26 75 50 100 93 22 52 2 70 84 5 84 51 61 7 44 32 56 73 47 92 55 90 78 69 47 79 69 97 55 59 59 81 91 94 88 63 38 77 16 41 40 97 78 34 66 65 2 65 43 91 100 34 88 1 48 40 15 6 67 35 73 52 7 28 84 83 
61 28 90 78 5 71 60 12 35 28 19 12 46 63 16 32 51 89 67 5 70 62 99 70 4 34 84 32 19 6 19 35 76 52 14 100 9 56 22 58 47 73 2 21 14 36 99 44 25 60 57 66 8 57 75 7 24 37 98 94 95 52 7 43 29 96 97 72 63 69 76 10 35 81 92 
32 79 46 10 88 65 13 10 28 23 84 27 5 45 20 24 44 48 44 86 77 74 88 54 77 76 46 72 91 89 3 100 58 7 72 83 12 6 96 44 57 18 30 93 71 24 20 46 31 41 96 88 11 66 82 80 13 54 92 56 89 3 8 19 95 62 37 19 68 8 48 17 28 90 
10 30 90 48 59 27 70 98 10 63 44 4 12 32 77 26 92 97 92 84 22 26 26 18 11 67 20 32 14 87 47 91 41 36 63 33 18 15 3 74 60 81 75 82 17 22 63 43 39 95 17 79 47 62 38 49 24 86 14 5 47 68 24 92 89 94 92 85 17 36 96 36 36 
29 47 2 56 67 57 17 8 82 80 88 100 53 20 10 24 61 78 3 24 45 52 46 99 96 70 46 25 77 76 24 45 14 42 28 54 76 39 65 72 34 87 100 34 96 90 1 56 58 36 83 88 77 87 66 78 38 70 28 99 51 33 45 32 41 4 53 36 83 52 83 34 
87 10 85 50 5 5 62 55 100 24 41 58 83 95 84 8 27 83 53 97 61 51 9 47 36 63 100 67 99 34 87 59 90 51 9 22 92 64 79 55 40 2 26 44 94 7 47 78 54 17 55 51 44 35 65 37 69 72 1 49 54 31 28 66 76 72 32 77 11 49 97 
46 50 72 40 17 68 86 15 17 25 67 95 67 61 13 56 13 18 19 88 37 10 24 82 92 98 69 53 30 95 10 22 92 11 34 84 25 26 64 26 84 3 46 54 62 30 21 40 32 39 70 44 29 12 26 46 25 17 15 73 49 59 74 59 80 2 73 1 60 32 
63 32 45 21 67 37 26 93 48 6 15 99 72 23 43 63 71 12 33 31 62 51 95 31 43 66 23 82 84 94 92 10 82 52 28 60 74 28 6 61 81 75 21 8 51 36 24 66 76 74 70 65 16 15 35 72 10 46 83 10 88 15 26 75 88 82 34 98 20 
35 99 90 17 21 68 81 95 14 82 30 96 75 82 4 85 8 9 97 58 74 75 14 6 78 31 18 18 66 79 84 98 62 38 69 74 80 94 23 51 78 4 55 37 18 35 29 83 26 72 14 65 85 9 45 77 31 6 54 65 48 88 78 66 48 60 52 84 
15 97 1 8 69 74 33 18 100 55 43 57 68 29 38 89 39 89 69 73 3 20 26 53 45 22 29 47 2 68 83 37 23 94 87 32 20 40 90 15 57 70 43 50 43 5 34 58 52 53 9 74 10 13 39 63 43 75 29 48 5 74 88 27 18 60 72 
32 14 53 86 34 65 22 9 75 99 44 56 72 64 96 96 15 31 61 83 100 78 100 100 41 38 38 83 82 93 58 59 53 31 33 72 27 20 79 14 99 71 26 100 99 5 58 8 87 15 7 66 24 24 65 33 38 89 91 35 98 62 39 93 27 68 
15 12 74 76 83 58 77 78 97 56 82 47 10 48 34 13 92 30 69 18 31 97 22 64 60 43 97 84 19 70 15 100 57 80 86 98 69 3 100 45 94 96 82 77 50 100 37 24 45 26 61 63 57 75 56 25 55 91 53 32 19 3 2 99 83 
48 42 61 42 51 3 2 54 73 84 3 58 59 100 72 96 70 85 76 88 43 83 17 91 63 34 1 76 72 99 47 68 55 50 68 4 35 100 78 41 39 17 50 59 51 68 72 31 14 66 93 88 13 70 17 12 22 5 49 58 50 10 71 9 
35 1 40 76 8 91 89 98 70 84 30 98 41 20 40 77 51 61 14 50 35 49 6 51 80 58 68 29 7 41 13 34 47 26 37 35 98 72 79 16 93 89 18 69 78 78 63 22 11 15 11 56 45 87 89 85 90 50 97 6 97 37 30 
7 25 72 82 68 87 79 50 61 48 68 5 81 76 83 14 93 32 58 65 16 55 84 90 2 73 2 60 59 48 37 31 57 15 6 30 48 97 22 61 71 68 49 100 58 98 66 94 27 42 59 74 1 85 89 42 53 85 21 40 74 96 
47 96 32 81 84 95 26 7 8 92 37 7 59 70 17 51 58 48 92 32 98 2 95 42 44 51 86 15 90 61 56 40 55 80 14 20 56 95 2 100 53 26 98 72 57 56 53 56 65 1 34 6 58 6 11 68 76 82 84 86 2 
8 90 36 73 54 34 71 43 92 38 12 38 49 77 33 12 51 99 49 83 15 53 69 94 83 73 13 85 76 87 36 78 86 91 22 22 78 7 92 3 86 49 48 59 34 39 60 90 83 72 75 13 36 31 21 90 54 74 61 28 
43 81 55 56 3 11 67 93 65 40 100 21 27 91 47 93 58 1 34 8 19 92 6 48 99 84 74 65 38 93 32 47 85 7 65 81 91 87 64 45 75 10 35 36 19 69 25 67 65 81 39 58 15 78 13 63 35 34 14 
15 35 63 69 92 2 55 61 15 42 89 72 80 20 41 72 16 87 65 2 53 70 4 88 14 79 57 98 87 56 53 38 3 67 76 70 49 46 5 86 19 17 2 80 93 26 95 34 33 52 48 90 69 67 63 5 79 4 
90 7 14 96 42 83 51 80 40 46 55 63 87 32 60 45 45 45 4 53 55 87 90 59 14 43 38 83 46 47 96 80 12 91 54 42 14 4 31 20 71 77 69 21 60 54 24 16 3 25 97 8 62 78 58 5 45 
46 61 76 76 89 99 7 99 89 40 95 46 7 48 4 16 62 21 76 73 86 27 38 95 59 53 69 27 1 20 74 10 74 2 11 51 34 29 45 58 52 22 70 30 31 48 2 8 2 33 53 53 25 65 91 8 
77 48 37 81 15 4 75 32 23 44 71 80 8 83 75 85 72 30 2 53 62 24 94 75 75 56 9 1 37 24 52 53 37 15 38 57 70 8 36 38 56 86 35 8 60 95 87 92 38 33 53 67 14 83 67 
64 77 55 41 54 6 77 56 83 6 35 14 23 48 40 91 32 28 56 63 68 48 56 86 13 10 56 78 94 41 46 62 27 91 19 71 92 58 54 65 51 68 24 24 44 94 15 61 18 5 89 90 41 38 
13 31 27 16 34 4 51 65 98 55 23 94 52 93 82 32 99 38 72 39 48 34 73 44 36 81 2 30 24 95 25 29 14 26 29 63 17 80 10 62 76 78 33 76 1 16 44 38 98 77 30 10 72 
67 17 7 20 66 10 29 10 14 75 78 69 66 28 13 47 63 45 34 26 64 46 94 56 94 28 89 14 95 81 74 79 59 25 4 18 75 70 95 77 56 89 85 2 9 86 86 82 29 62 71 73 
52 68 36 67 84 25 46 68 66 29 89 34 53 56 14 10 28 38 43 15 86 73 29 97 50 86 90 69 51 49 23 50 81 87 58 1 64 79 22 72 6 30 34 80 62 79 94 88 46 90 12 
43 72 65 59 53 9 87 86 13 10 88 64 1 9 95 60 31 27 7 75 96 22 82 81 17 64 3 48 24 43 62 28 7 48 30 68 14 48 26 64 50 10 8 89 16 81 5 54 87 8 
23 89 75 39 83 35 23 30 44 52 9 4 10 9 98 65 58 52 29 30 4 98 56 90 80 60 88 97 85 3 51 95 65 10 20 29 55 76 21 97 89 85 39 6 97 85 57 91 76 
13 6 8 49 60 94 76 25 83 77 45 93 10 50 92 78 72 46 13 91 9 22 95 4 95 67 75 29 90 74 31 73 66 21 84 42 31 87 58 43 6 21 64 79 11 100 29 89 
70 20 18 70 45 63 84 39 25 63 70 62 54 81 18 53 58 59 29 67 19 29 49 17 33 39 7 55 2 35 90 7 49 10 32 57 5 49 40 35 100 98 12 10 79 74 89 
86 72 25 83 94 76 33 40 95 20 50 2 3 63 59 49 46 41 38 36 93 87 54 27 66 83 62 100 46 27 78 32 1 80 62 39 43 35 9 66 87 56 94 99 24 10 
23 7 22 47 87 70 44 93 12 14 48 2 43 19 92 77 19 12 57 8 9 16 17 36 58 10 75 64 62 26 31 30 8 80 12 74 11 44 46 82 21 3 86 67 1 
91 28 21 81 47 30 11 77 57 57 30 93 86 41 99 21 45 73 91 68 97 23 94 19 90 92 48 3 69 8 84 99 10 89 99 17 47 46 45 68 94 61 57 44 
13 100 11 54 45 21 44 65 87 41 8 51 99 8 90 78 40 19 23 80 64 74 27 90 19 4 79 80 93 9 4 94 83 90 36 47 37 60 44 90 63 6 58 
90 82 61 62 74 47 6 97 79 36 74 63 93 64 83 83 78 17 53 100 66 81 44 80 74 84 77 18 72 11 55 37 51 69 68 41 34 27 91 58 65 33 
32 79 86 9 31 84 87 38 85 62 97 25 6 86 84 22 9 86 31 31 9 20 67 40 22 63 88 85 51 39 67 16 63 14 50 37 99 62 9 69 16 
66 78 9 46 78 65 30 23 20 4 1 68 52 39 72 69 90 15 49 98 85 33 38 50 56 60 1 95 12 74 91 70 30 10 79 17 21 60 35 93 
38 93 32 17 86 39 19 7 86 11 47 56 61 81 15 83 28 21 46 8 74 42 51 58 18 39 76 64 52 39 33 71 65 31 37 20 20 78 62 
3 15 61 16 7 61 9 94 32 64 100 36 59 13 33 93 32 2 42 38 93 44 52 81 98 62 66 86 57 69 1 69 83 20 67 51 65 98 
44 43 19 3 17 76 51 96 79 92 17 36 86 47 93 69 42 14 81 44 35 42 97 100 51 23 62 23 99 62 86 52 57 23 92 87 69 
63 85 15 79 18 75 71 49 44 26 5 76 84 13 34 35 9 29 19 28 29 100 1 3 38 57 34 49 69 10 16 45 82 22 92 34 
74 93 74 82 40 68 15 79 15 7 39 84 28 59 59 30 89 10 8 81 90 94 95 6 60 15 74 1 31 93 48 29 54 84 59 
11 71 87 48 33 87 82 39 70 16 4 33 97 9 75 13 49 38 74 47 10 82 76 3 35 50 96 35 84 15 90 82 36 9 
44 49 4 23 81 14 99 4 18 92 40 3 29 84 10 57 79 12 44 100 4 91 86 70 5 68 63 51 35 69 22 60 55 
52 88 56 49 59 27 22 79 34 51 26 20 89 91 20 85 11 64 82 47 73 82 9 45 11 56 85 51 10 45 71 62 
47 38 15 24 19 76 27 94 46 53 35 53 22 96 57 54 86 8 73 45 7 67 65 98 28 41 73 71 72 57 77 
88 81 92 35 85 73 7 55 28 33 54 83 59 54 90 26 2 55 69 17 2 63 41 19 80 25 20 18 30 91 
40 23 85 94 27 81 47 69 46 77 38 81 18 8 48 23 29 61 25 23 98 34 66 34 53 61 31 88 47 
59 97 78 65 83 98 59 25 80 39 71 35 59 23 99 90 12 75 89 74 81 76 60 63 93 66 61 33 
65 17 6 25 80 14 34 81 32 20 35 19 31 40 10 28 28 59 69 27 95 35 34 16 70 69 24 
89 53 83 54 7 37 43 89 10 4 41 84 5 73 68 89 25 6 62 45 58 19 49 50 8 42 
48 65 14 76 67 69 35 91 8 62 2 14 55 31 49 21 94 93 19 45 32 43 2 90 86 
49 87 46 96 78 43 15 23 51 69 93 69 57 65 44 27 52 94 99 2 10 5 38 16 
7 75 12 56 36 64 25 25 88 35 40 78 20 76 68 86 15 33 12 12 76 31 54 
23 52 27 64 75 25 2 94 14 47 18 31 20 4 68 34 29 77 36 48 79 75 
40 75 75 49 13 29 92 15 67 71 39 83 95 91 67 59 68 64 20 21 1 
77 56 41 73 93 91 99 60 1 51 83 91 15 54 91 28 71 69 53 2 
38 81 13 83 13 64 88 74 71 67 80 1 38 24 72 79 69 20 69 
89 6 76 1 76 50 88 6 29 21 54 81 84 58 44 45 66 77 
27 51 11 83 81 89 4 30 92 74 20 61 76 55 81 45 36 
83 28 48 11 65 54 75 52 77 25 24 37 56 65 15 90 
10 36 10 64 40 98 87 62 40 93 56 76 18 64 11 
77 25 18 43 49 81 63 20 43 20 24 34 42 78 
43 99 11 92 77 87 19 90 40 62 76 79 34 
53 44 20 19 65 23 42 86 42 60 55 1 
17 2 76 17 36 90 73 33 98 41 95 
38 10 94 5 21 72 19 92 98 53 
47 94 4 3 84 47 53 65 63 
93 78 82 50 65 44 17 55 
86 98 93 88 90 98 61 
37 84 32 49 25 94 
75 25 78 77 76 
37 27 68 87 
66 38 40 
58 22 
49 
