1000 1000
821 520
823 95
577 821
301 403
852 491
334 133
218 785
658 119
765 513
287 857
858 738
850 499
585 526
962 799
724 125
23 52
634 547
896 647
707 385
755 190
733 249
178 207
725 409
807 873
838 648
929 516
303 475
733 725
913 778
275 531
893 216
824 483
828 245
31 845
541 166
462 329
362 866
727 62
864 819
227 123
645 987
542 962
831 701
990 224
482 636
962 433
582 10
404 822
963 483
692 73
188 918
863 792
848 256
776 660
209 519
64 900
728 315
28 322
892 649
995 755
25 697
5 284
195 140
709 227
398 638
643 663
274 265
159 141
617 640
759 298
275 15
153 889
557 58
361 81
605 586
882 820
373 221
613 388
468 512
606 216
603 667
466 906
490 882
708 299
224 381
933 841
842 196
461 751
839 113
14 374
760 706
894 646
986 549
380 290
43 897
247 895
752 527
587 367
52 30
433 566
954 6
997 932
417 833
868 102
320 536
731 335
922 737
790 34
57 112
515 46
638 866
797 443
390 671
56 989
45 620
207 426
678 845
691 838
165 95
430 243
17 577
608 945
26 378
799 317
59 839
911 500
157 481
8 949
933 875
333 120
618 844
978 267
754 618
154 275
921 499
471 750
779 440
190 638
270 899
200 793
456 880
249 623
177 343
930 968
28 109
455 425
930 888
930 143
950 593
305 686
18 926
872 5
563 201
711 581
451 127
336 563
896 810
429 611
578 187
22 855
414 358
145 492
252 723
620 837
668 243
10 864
448 401
422 706
89 106
190 199
744 123
25 497
663 755
846 261
300 778
431 170
511 451
646 249
529 166
9 237
976 638
32 557
446 624
129 623
362 228
884 583
335 300
367 930
947 889
140 974
792 283
975 144
266 578
688 608
980 634
66 76
733 537
427 41
293 823
631 912
68 890
896 775
989 495
575 770
652 212
127 92
222 616
825 181
284 527
593 873
699 275
962 306
410 150
588 670
53 76
645 215
531 25
896 383
284 908
190 763
688 662
275 69
42 75
586 599
56 146
715 48
307 124
424 797
550 318
604 920
665 611
311 380
501 14
949 282
386 506
736 129
492 78
239 956
530 765
82 220
788 406
916 830
488 327
451 725
330 654
358 287
535 418
119 684
477 652
840 934
795 165
883 555
551 155
423 766
916 342
397 953
300 278
163 781
531 676
387 747
207 319
724 174
576 256
423 665
219 803
410 553
554 961
166 781
684 972
258 392
369 940
855 40
29 427
364 758
141 196
29 375
49 990
915 256
582 564
98 166
819 442
970 131
65 517
816 228
675 353
969 433
618 427
171 706
292 954
284 323
402 961
695 705
427 880
592 44
170 753
670 854
300 723
13 828
368 696
926 432
418 858
204 841
269 645
407 642
563 845
530 897
408 621
449 700
16 130
467 588
668 547
847 723
782 144
328 281
602 67
415 490
725 767
474 114
966 317
910 405
630 957
509 827
423 509
532 270
740 386
793 98
899 386
711 689
185 984
208 413
541 368
299 420
575 230
530 876
370 825
967 497
108 301
826 46
330 966
924 723
217 321
12 365
582 748
546 46
339 649
36 969
342 930
883 457
945 674
395 620
161 523
771 835
302 151
693 552
283 637
954 452
131 359
621 856
70 525
888 902
368 170
99 487
235 730
799 761
273 680
547 666
985 450
449 504
678 11
655 291
221 390
196 249
927 784
543 817
122 881
575 186
188 1
619 602
903 114
340 158
80 363
986 344
305 865
893 875
749 780
636 866
784 104
206 700
503 823
348 921
678 532
802 922
238 57
458 190
54 212
874 177
104 17
351 540
653 688
388 122
244 778
979 272
160 720
141 955
51 793
531 141
711 800
970 191
764 601
205 481
743 156
4 447
596 715
755 95
348 590
463 196
668 61
439 479
806 153
706 280
787 941
459 875
124 917
384 260
992 987
2 615
287 915
798 107
329 389
97 100
569 498
240 487
404 410
628 597
518 836
104 700
835 294
42 250
224 578
191 567
477 276
669 524
451 879
33 326
127 568
122 268
213 90
139 856
341 159
114 888
431 291
493 888
284 623
21 383
431 148
470 773
855 982
309 246
358 574
899 302
884 817
799 590
232 485
169 426
421 617
833 175
720 510
799 572
239 422
451 930
198 110
463 179
363 184
208 481
887 888
208 219
541 193
722 467
249 392
803 632
705 4
17 516
369 221
815 214
288 249
613 77
845 584
809 355
774 938
536 962
570 898
979 615
136 500
199 897
451 489
880 426
152 400
795 870
184 792
961 861
715 638
79 481
110 644
755 856
786 610
668 562
519 436
89 295
922 770
768 286
932 147
565 777
92 57
297 88
24 231
826 885
909 862
463 167
520 135
221 122
702 994
292 392
222 71
265 35
778 811
431 405
805 478
856 922
590 935
754 72
86 159
37 471
366 312
572 681
372 471
173 618
986 292
277 132
188 14
634 70
820 427
902 168
541 52
710 757
713 76
840 641
646 941
7 667
600 438
682 444
303 602
298 271
156 32
219 945
32 561
64 714
152 348
359 712
851 572
345 779
558 26
614 711
419 842
607 396
734 66
293 742
801 932
463 556
683 593
770 698
718 196
859 488
675 340
502 136
783 449
384 873
828 402
387 659
561 202
664 90
890 148
327 634
160 42
977 898
568 492
550 194
239 448
134 3
32 93
477 380
296 704
334 652
656 593
577 500
748 813
991 914
762 799
792 444
247 303
313 708
224 96
608 393
156 746
594 364
633 612
324 380
310 277
519 364
871 319
612 122
106 160
149 155
522 304
454 74
945 371
417 930
55 262
345 90
942 88
612 184
661 232
850 242
111 758
831 858
523 724
528 800
251 675
724 799
532 45
788 292
825 711
434 110
709 102
824 289
164 22
928 853
495 998
12 521
842 583
514 388
612 141
130 793
915 114
714 675
818 273
651 960
241 855
437 21
703 164
265 995
434 340
101 674
356 825
102 339
203 105
624 221
702 973
672 226
42 460
785 150
341 332
898 715
857 142
98 156
255 284
604 62
983 913
58 176
802 210
494 276
496 347
602 946
332 308
12 690
561 316
579 559
166 422
934 90
856 769
267 230
365 352
946 496
634 122
756 560
931 249
131 222
371 44
789 609
339 427
477 586
799 964
478 129
11 90
910 115
590 382
42 476
61 314
799 578
192 501
533 797
795 707
961 445
677 252
678 220
156 843
729 123
500 20
957 788
873 305
331 882
749 855
67 937
550 875
999 586
657 76
333 640
391 709
254 676
959 780
665 985
814 284
88 687
199 321
162 523
82 906
83 212
518 14
838 333
861 487
676 297
933 233
149 863
595 755
271 607
227 134
277 392
418 392
19 193
473 210
160 860
389 727
1000 770
164 285
74 243
138 87
701 717
424 122
866 639
27 277
159 588
891 166
141 317
355 845
463 939
97 389
868 416
317 313
212 94
642 890
458 197
411 14
886 451
906 140
843 410
508 293
24 811
174 465
189 891
65 164
229 106
404 951
591 484
441 922
271 60
784 904
341 309
126 338
377 631
988 122
122 262
832 379
881 905
495 397
154 273
665 692
364 675
491 248
965 456
322 735
818 325
236 26
464 580
571 731
104 300
24 486
487 981
427 741
724 925
914 201
537 996
412 850
405 279
463 993
595 878
627 640
678 219
339 166
293 545
980 354
987 196
174 507
721 770
835 304
111 923
715 685
8 843
326 552
117 966
485 720
303 298
183 997
200 538
91 926
716 743
913 337
849 874
112 472
233 958
971 187
539 316
212 141
413 435
796 749
919 642
61 105
376 136
457 674
837 948
448 573
673 219
247 461
835 764
141 952
81 95
262 732
187 694
793 585
888 138
272 223
421 589
467 660
428 498
37 357
271 625
259 337
808 394
182 162
159 10
192 559
313 704
187 480
21 659
38 208
141 984
629 381
284 272
85 277
22 137
598 388
261 461
474 610
679 14
548 404
464 11
312 812
651 866
47 221
383 943
104 479
911 234
540 188
350 955
590 455
398 812
628 422
247 394
591 867
225 933
491 838
39 120
317 755
755 166
227 226
650 646
747 118
912 832
524 22
726 449
889 721
926 984
479 789
104 321
800 723
114 46
479 257
65 328
509 815
727 638
76 901
301 346
103 580
469 205
495 933
124 547
263 341
159 251
402 184
386 116
357 702
865 501
498 315
676 403
439 565
772 106
945 896
544 251
839 409
774 258
945 856
719 627
305 880
512 795
505 673
106 428
462 180
292 63
834 114
211 389
772 235
877 709
933 141
534 241
628 932
160 352
741 286
735 249
191 753
360 708
470 704
871 794
372 745
639 963
724 791
801 438
122 757
541 352
190 829
934 907
530 128
104 944
941 622
560 223
495 912
14 9
867 336
205 121
922 253
773 399
930 936
531 928
487 34
318 626
304 583
451 264
7 674
338 15
640 531
326 300
545 869
802 236
29 705
862 781
552 172
76 841
547 804
684 362
887 22
298 141
541 471
144 648
966 739
621 349
84 196
798 431
177 271
635 725
867 453
724 665
951 50
2 232 434
2 681 659
1 3 111
1 830 50
1 533 859
2 381 991
1 869 282
2 261 107
1 629 608
1 47 818
1 935 105
1 745 194
2 83 76
2 796 599
1 107 367
1 679 856
1 844 365
1 476 764
2 178 486
1 965 434
1 195 590
2 561 796
1 253 582
2 297 165
1 108 156
1 370 673
2 897 130
2 473 79
1 49 818
2 952 36
1 77 175
1 872 531
1 163 817
1 468 714
1 698 45
2 472 721
1 716 199
2 440 23
1 354 122
1 886 525
2 55 800
2 136 518
1 75 514
2 950 770
2 834 579
1 72 762
2 300 417
2 957 152
2 901 699
2 482 777
1 139 631
2 922 923
1 614 508
1 948 770
1 562 876
1 647 328
1 263 177
1 6 718
1 436 288
2 846 256
1 511 47
1 419 291
1 63 947
1 798 891
1 33 677
1 376 338
1 442 615
2 184 836
1 944 745
2 425 223
1 310 813
2 268 238
2 507 885
1 998 487
1 356 123
2 915 792
1 936 495
1 459 550
2 831 602
1 73 834
2 405 612
2 298 618
1 847 239
1 469 40
1 737 54
1 900 87
1 171 287
1 629 543
2 963 866
1 653 19
2 25 108
1 400 947
2 459 35
2 904 999
1 885 789
1 786 604
2 454 949
1 257 476
1 169 331
2 521 908
2 230 774
2 410 748
1 686 722
2 925 344
1 980 908
1 662 813
2 61 619
1 553 896
1 146 795
2 243 820
1 570 894
2 349 546
2 359 866
1 522 527
1 763 332
1 787 271
1 679 951
2 632 282
2 939 856
1 927 432
2 961 490
2 419 702
1 459 573
2 724 566
2 853 828
1 189 262
1 482 340
2 381 63
1 844 969
2 701 360
1 916 577
2 497 74
1 807 23
1 344 446
1 399 715
1 294 626
2 61 211
2 186 933
1 885 696
1 91 116
2 261 525
1 237 732
2 436 483
1 569 640
2 959 998
2 346 922
2 955 287
1 414 531
1 143 253
2 635 746
2 1 642
2 282 334
2 33 546
2 202 189
2 197 395
1 274 574
1 260 982
2 251 180
1 269 817
2 144 435
2 687 35
1 790 194
2 166 284
1 343 322
1 851 922
1 63 203
1 182 839
1 742 767
1 953 731
2 727 965
2 511 20
1 263 129
2 337 919
1 211 34
1 885 591
2 775 149
2 876 715
2 135 123
1 213 366
1 125 875
2 36 346
2 407 405
2 434 561
1 472 999
1 775 695
2 669 731
2 674 33
2 10 913
2 417 420
2 881 221
2 940 757
1 257 438
2 774 276
1 654 291
2 441 532
1 814 576
1 503 804
2 484 467
2 512 369
2 65 596
2 99 102
1 630 770
2 124 652
1 430 350
2 187 660
1 285 914
2 746 974
2 297 827
2 405 552
1 904 836
1 83 408
1 716 601
2 212 832
2 511 392
2 74 215
1 905 693
1 766 290
2 225 431
2 611 448
1 870 408
2 497 3
2 829 64
1 990 146
1 384 600
2 915 674
1 93 783
1 844 799
1 654 308
2 930 941
2 352 613
2 174 207
1 734 635
2 597 456
1 551 615
1 96 709
1 878 690
2 496 295
2 631 199
1 816 891
2 118 193
2 418 251
1 571 173
2 501 936
1 49 975
1 981 746
1 535 260
2 451 309
1 94 480
1 819 49
2 389 121
1 407 775
1 307 599
1 551 961
2 243 999
1 41 608
2 214 587
1 197 36
2 941 411
2 662 760
1 225 501
2 500 682
1 155 404
2 102 419
1 2 401
2 498 475
1 31 732
1 643 344
1 475 479
1 361 444
2 126 347
2 77 789
2 47 660
1 466 568
1 171 435
1 244 1000
1 310 278
2 961 979
1 214 760
1 176 452
2 619 574
1 625 338
2 313 187
2 610 116
1 545 592
1 851 686
2 875 868
1 907 694
1 351 392
2 950 798
2 614 217
1 743 362
1 870 989
2 919 170
2 825 369
1 149 65
2 675 691
1 3 546
2 171 57
1 9 213
2 602 607
2 504 938
2 436 280
2 448 245
2 787 952
2 77 386
1 726 168
1 742 42
2 424 39
2 396 957
1 529 874
2 611 493
1 107 429
1 234 462
2 930 413
2 897 753
2 190 375
1 257 301
2 650 9
1 238 366
2 644 153
1 784 33
1 929 747
1 929 206
2 916 276
2 115 188
2 413 917
1 752 240
2 35 717
2 214 371
2 290 805
1 683 449
1 456 447
2 360 813
2 120 986
1 773 457
2 990 574
1 472 750
1 596 65
2 604 56
2 24 671
1 181 404
2 36 902
2 565 324
2 958 862
1 940 810
1 502 491
1 777 860
1 909 959
2 13 632
2 605 306
1 809 223
2 933 52
1 320 681
1 976 545
2 21 804
1 761 405
2 864 991
2 564 684
2 978 877
2 596 71
1 396 932
1 454 905
1 570 366
1 924 794
1 71 640
1 911 831
2 733 248
2 118 874
2 5 765
1 59 410
1 370 795
1 938 664
1 535 308
2 500 890
1 942 185
2 941 756
2 559 454
2 379 236
1 346 294
2 854 902
1 974 277
2 665 941
2 262 912
1 502 61
2 749 509
1 584 291
1 115 952
2 197 624
2 468 210
2 169 871
2 259 910
1 849 614
1 306 249
2 559 81
2 922 611
2 31 36
1 655 777
1 691 665
2 925 361
2 448 435
1 112 736
1 507 336
2 233 183
1 655 587
2 750 561
1 849 402
2 406 400
2 558 237
1 854 99
2 587 842
2 951 819
2 902 911
2 755 914
1 71 422
1 355 443
2 993 746
1 849 862
1 285 549
1 682 440
2 806 93
2 797 784
2 846 906
2 239 143
2 566 299
2 725 644
2 144 386
1 682 798
1 773 632
1 613 229
2 59 158
1 965 838
2 757 167
2 608 543
1 538 821
1 183 608
1 644 954
2 143 898
2 627 423
1 323 897
2 757 355
1 555 501
1 964 675
1 851 497
2 682 163
1 259 353
2 229 697
1 752 99
1 729 655
1 145 370
2 114 263
2 939 992
2 821 856
2 435 548
2 325 834
1 529 722
2 167 843
2 636 882
2 467 511
1 246 258
2 669 155
2 657 951
1 886 224
1 64 485
1 400 347
1 125 925
2 465 678
1 948 862
2 5 133
2 573 793
1 121 138
1 994 576
2 833 636
1 622 944
1 180 656
2 474 187
2 151 147
2 777 562
1 377 655
2 292 255
1 657 616
2 381 523
1 872 127
1 672 654
1 86 502
1 998 554
2 678 214
1 238 210
2 972 47
1 540 172
2 99 656
2 412 628
1 689 724
1 135 130
1 699 692
1 309 203
2 848 715
1 453 687
1 679 76
2 161 745
1 661 441
2 460 650
2 429 634
2 990 522
1 245 272
2 152 986
2 60 390
2 448 831
1 958 753
1 657 661
2 557 733
1 830 814
1 100 203
2 19 125
1 454 549
1 619 707
2 583 711
1 931 533
1 143 385
1 569 365
1 822 194
1 699 491
1 595 939
2 563 670
2 504 8
1 525 304
1 936 636
1 440 975
2 193 332
1 761 116
2 988 224
1 777 143
2 456 889
2 273 114
2 540 729
1 218 616
1 597 443
2 689 254
1 609 152
2 198 69
1 399 445
2 544 954
1 689 392
2 93 505
1 957 683
1 209 669
2 439 611
2 902 182
2 637 526
1 519 971
1 48 668
1 80 51
2 74 639
1 244 284
2 932 966
1 157 916
1 470 264
2 78 887
1 737 269
2 752 226
1 35 113
2 298 550
2 822 49
1 505 628
1 416 613
1 728 249
2 648 924
1 996 184
2 193 812
1 594 625
2 452 573
1 829 725
2 352 487
1 310 978
2 596 101
2 749 173
1 136 908
2 696 308
1 238 509
2 984 66
1 442 697
2 923 188
2 129 928
1 265 49
1 109 693
1 993 181
1 864 792
1 785 757
1 140 366
2 295 266
1 107 726
2 522 775
1 682 214
1 885 857
1 167 191
2 227 777
1 440 977
1 39 565
2 45 948
2 95 1
2 217 147
2 366 637
2 625 599
1 948 180
1 1000 174
2 937 350
2 455 530
1 74 612
1 521 67
1 369 605
2 164 811
2 119 206
1 680 506
2 985 761
2 318 640
2 314 2
1 469 225
1 306 408
2 800 175
1 295 147
2 419 502
1 89 358
1 942 125
1 950 578
1 734 558
2 685 55
2 109 14
2 76 931
2 265 753
1 630 301
2 726 68
2 636 165
2 82 245
1 663 167
2 55 973
2 749 688
2 579 859
1 486 25
1 906 430
1 738 144
2 562 880
2 91 393
2 526 336
1 846 559
2 125 914
1 40 304
1 941 304
2 860 103
1 407 482
2 265 774
1 703 277
1 453 717
2 184 948
1 522 988
2 734 875
1 337 716
1 658 997
2 925 169
1 330 360
2 156 279
1 489 832
2 652 116
2 958 893
1 923 133
1 825 400
2 315 98
2 384 756
1 415 476
1 260 201
1 178 194
1 712 487
2 898 161
1 703 224
2 279 905
1 535 300
1 57 521
2 280 265
2 890 878
2 513 498
2 720 606
1 849 366
1 685 622
2 605 246
1 407 829
2 344 597
2 531 328
1 274 688
2 909 672
1 381 353
1 662 531
1 309 471
2 137 280
1 466 831
2 331 576
2 17 723
1 713 915
2 611 8
2 916 25
2 232 628
1 504 359
1 542 61
2 367 91
1 83 609
1 406 974
2 101 997
2 421 372
1 973 918
1 136 176
1 874 126
1 58 324
2 738 962
2 635 637
1 784 329
2 836 203
2 504 657
1 145 886
1 280 534
1 151 348
1 20 651
2 429 342
1 566 218
2 495 215
2 517 211
1 903 888
2 748 426
1 315 407
1 878 38
2 541 250
1 615 74
1 773 674
1 363 394
1 363 260
2 570 586
1 80 336
2 55 204
1 468 510
1 58 676
2 299 628
2 416 51
1 647 349
2 561 991
1 48 579
2 670 999
2 757 464
1 202 924
1 162 816
2 9 613
1 274 591
1 919 685
2 489 221
1 5 10
1 936 429
2 792 981
2 672 390
2 540 519
1 48 688
2 535 67
1 278 971
1 872 276
1 666 629
2 207 366
1 615 96
1 66 586
2 701 482
1 903 77
2 342 641
1 852 804
1 158 747
2 249 738
1 571 638
2 342 462
1 982 847
1 108 530
2 612 311
2 159 647
2 254 996
1 662 885
1 937 405
2 403 45
2 534 647
2 794 672
1 929 519
1 323 21
1 892 210
2 391 899
1 992 81
1 791 897
1 189 624
2 727 172
1 268 109
2 266 265
1 51 296
2 722 218
1 730 633
2 140 534
1 805 465
1 596 882
1 699 78
1 948 9
2 685 299
1 411 29
2 189 691
2 950 847
2 389 625
2 502 693
2 901 555
2 232 153
2 823 963
2 567 217
1 171 36
2 806 157
2 189 502
2 783 341
2 533 612
2 589 690
2 329 961
2 109 555
1 466 689
2 115 644
1 473 422
2 209 301
1 384 124
2 847 182
1 643 294
2 958 899
1 20 19
2 235 299
2 465 232
2 260 23
1 342 539
2 50 611
2 154 557
2 855 398
1 163 724
2 91 466
2 529 643
2 337 764
2 697 861
1 372 30
2 251 715
1 5 434
1 379 175
1 344 837
2 157 313
2 966 50
1 768 289
2 468 724
1 161 814
1 195 828
2 148 191
1 927 646
1 27 446
2 970 99
1 525 76
2 848 117
1 254 651
1 851 268
2 220 658
1 869 922
2 843 58
1 935 154
1 375 299
2 90 938
2 588 931
2 354 121
2 901 770
2 323 759
2 625 440
1 860 477
1 211 187
2 993 160
2 677 201
1 906 152
2 578 334
2 622 643
2 376 718
2 625 16
2 826 789
1 373 679
1 325 355
1 848 780
1 948 895
2 148 845
1 740 861
1 58 542
1 80 628
2 341 378
2 508 811
2 518 402
1 382 1000
1 909 386
1 649 349
1 614 806
1 425 78
1 827 330
1 883 848
2 963 236
2 334 762
1 523 131
1 935 435
1 453 141
1 361 158
2 84 425
2 859 546
2 125 80
1 100 593
2 616 32
1 598 643
1 960 447
2 962 808
1 430 462
1 892 726
2 337 208
2 463 612
1 282 746
2 37 878
1 456 942
1 544 417
2 546 880
2 204 709
1 929 300
2 178 341
1 250 313
1 250 364
2 657 682
2 872 889
2 250 976
2 207 158
2 382 629
1 853 331
1 132 784
2 632 95
1 455 260
2 319 633
1 878 733
1 796 218
1 965 828
1 103 710
2 218 780
2 833 916
2 203 844
2 512 550
1 879 964
1 993 207
2 273 958
2 554 96
1 58 585
2 384 555
2 799 424
1 324 918
2 578 72
2 805 506
2 201 211
2 115 859
1 442 922
1 666 249
2 216 249
2 749 861
1 595 84
2 442 826
1 209 678
2 553 525
2 518 497
1 950 213
2 63 639
1 494 532
1 637 360
2 70 413
2 629 433
2 270 698
2 642 768
2 991 873
1 137 655
2 860 594
1 965 243
1 437 853
2 577 636
1 354 616
1 108 139
1 906 37
1 830 931
2 268 620
1 419 578
1 504 669
2 304 582
2 454 756
2 300 606
1 430 741
2 517 28
2 287 644
1 864 971
1 663 251
2 661 149
1 941 622
1 151 427
1 94 86
1 315 1000
2 237 443
2 109 753
1 33 696
1 671 656
