36215
1
2
3
3
5
4
7
4
9
6
11
5
13
8
15
5
17
10
19
7
21
12
23
6
25
14
27
9
29
16
31
6
33
18
35
11
37
20
39
8
41
22
43
13
45
24
47
7
49
26
51
15
53
28
55
10
57
30
59
17
32
7
34
19
36
12
38
21
40
9
42
23
44
14
46
25
48
8
50
27
52
16
54
29
56
11
58
31
18
33
8
35
20
37
13
39
22
41
10
43
24
45
15
47
26
49
9
51
28
53
17
55
30
57
12
59
32
19
34
9
36
21
38
14
40
23
42
11
44
25
46
16
48
27
50
10
52
29
54
18
56
31
58
13
33
20
35
10
37
22
39
15
41
24
43
12
45
26
47
17
49
28
51
11
53
30
55
19
57
32
59
14
34
21
36
11
38
23
40
16
42
25
44
13
46
27
48
18
50
29
52
12
54
31
56
20
58
33
15
35
22
37
12
39
24
41
17
43
26
45
14
47
28
49
19
51
30
53
13
55
32
57
21
59
34
16
36
23
38
13
40
25
42
18
44
27
46
15
48
29
50
20
52
31
54
14
56
33
58
22
35
17
37
24
39
14
41
26
43
19
45
28
47
16
49
30
51
21
53
32
55
15
57
34
59
23
36
18
38
25
40
15
42
27
44
20
46
29
48
17
50
31
52
22
54
33
56
16
58
35
24
37
19
39
26
41
16
43
28
45
21
47
30
49
18
51
32
53
23
55
34
57
17
59
36
25
38
20
40
27
42
17
44
29
46
22
48
31
50
19
52
33
54
24
56
35
58
18
37
26
39
21
41
28
43
18
45
30
47
23
49
32
51
20
53
34
55
25
57
36
59
19
38
27
40
22
42
29
44
19
46
31
48
24
50
33
52
21
54
35
56
26
58
37
20
39
28
41
23
43
30
45
20
47
32
49
25
51
34
53
22
55
36
57
27
59
38
21
40
29
42
24
44
31
46
21
48
33
50
26
52
35
54
23
56
37
58
28
39
22
41
30
43
25
45
32
47
22
49
34
51
27
53
36
55
24
57
38
59
29
40
23
42
31
44
26
46
33
48
23
50
35
52
28
54
37
56
25
58
39
30
41
24
43
32
45
27
47
34
49
24
51
36
53
29
55
38
57
26
59
40
31
42
25
44
33
46
28
48
35
50
25
52
37
54
30
56
39
58
27
41
32
43
26
45
34
47
29
49
36
51
26
53
38
55
31
57
40
59
28
42
33
44
27
46
35
48
30
50
37
52
27
54
39
56
32
58
41
29
43
34
45
28
47
36
49
31
51
38
53
28
55
40
57
33
59
42
30
44
35
46
29
48
37
50
32
52
39
54
29
56
41
58
34
43
31
45
36
47
30
49
38
51
33
53
40
55
30
57
42
59
35
44
32
46
37
48
31
50
39
52
34
54
41
56
31
58
43
36
45
33
47
38
49
32
51
40
53
35
55
42
57
32
59
44
37
46
34
48
39
50
33
52
41
54
36
56
43
58
33
45
38
47
35
49
40
51
34
53
42
55
37
57
44
59
34
46
39
48
36
50
41
52
35
54
43
56
38
58
45
35
47
40
49
37
51
42
53
36
55
44
57
39
59
46
36
48
41
50
38
52
43
54
37
56
45
58
40
47
37
49
42
51
39
53
44
55
38
57
46
59
41
48
38
50
43
52
40
54
45
56
39
58
47
42
49
39
51
44
53
41
55
46
57
40
59
48
43
50
40
52
45
54
42
56
47
58
41
49
44
51
41
53
46
55
43
57
48
59
42
50
45
52
42
54
47
56
44
58
49
43
51
46
53
43
55
48
57
45
59
50
44
52
47
54
44
56
49
58
46
60
51
45
53
48
55
45
57
50
59
47
52
46
54
49
56
46
58
51
60
48
53
47
55
50
57
47
59
52
49
54
48
56
51
58
48
60
53
50
55
49
57
52
59
49
54
51
56
50
58
53
60
50
55
52
57
51
59
54
51
56
53
58
52
60
55
52
57
54
59
53
56
53
58
55
60
54
57
54
59
56
55
58
55
60
57
56
59
56
58
57
60
57
59
58
58
60
59
59
60
60
