2000 5000
2 1 263912353
3 1 180260361
4 3 578466005
5 2 126667157
6 4 69110860
7 6 554491297
8 6 484083737
9 7 968411796
10 8 25802965
11 3 55180054
12 7 416753776
13 11 808337370
14 12 67560410
15 5 801224056
16 3 456666589
17 8 1787787
18 15 604322881
19 6 523704734
20 14 470811664
21 7 740066458
22 9 267664398
23 16 152414221
24 23 669184161
25 20 443478601
26 9 416310050
27 20 321837889
28 7 263401161
29 26 260412901
30 22 16340365
31 30 60804389
32 21 250384086
33 17 449127526
34 31 128528759
35 6 199086637
36 11 849526285
37 36 595757476
38 18 158744499
39 12 478321233
40 10 620271721
41 39 29873224
42 6 88639851
43 24 137458705
44 22 260177350
45 40 248305312
46 24 336725011
47 29 1264381
48 45 354869649
49 4 341221289
50 19 227571844
51 32 135627055
52 42 132315373
53 33 98259521
54 30 238357806
55 31 148233054
56 23 82306105
57 42 8831467
58 25 336767553
59 39 264277083
60 40 412686665
61 47 85970001
62 8 11191751
63 51 701277713
64 31 39552484
65 46 58575678
66 6 226850695
67 45 286084225
68 49 381445501
69 33 376502503
70 43 28043081
71 41 184182254
72 34 422671663
73 57 76452356
74 43 273124102
75 11 297863605
76 68 124238401
77 51 11134453
78 71 109864477
79 22 94268786
80 18 279818601
81 56 30531441
82 40 99236488
83 19 636196177
84 51 940309111
85 23 178569973
86 72 627388873
87 53 214776605
88 3 163682307
89 78 317267506
90 20 177137051
91 56 140569777
92 39 744570153
93 9 682086551
94 21 153540788
95 23 33718205
96 88 361917388
97 47 82058796
98 45 482173383
99 36 173606041
100 6 4299981
101 53 12627679
102 99 59349145
103 89 283570255
104 46 304986046
105 77 334156354
106 103 360154606
107 79 34924033
108 59 105417846
109 102 372006881
110 4 1975294
111 17 133538599
112 85 216324406
113 12 109339431
114 70 374034970
115 111 279451173
116 112 97092412
117 27 330862696
118 66 520725944
119 30 12454501
120 103 54289477
121 40 728179834
122 56 139935801
123 116 9865503
124 31 238394170
125 116 215574481
126 6 136538881
127 114 298650622
128 122 557513081
129 76 677401705
130 120 262100120
131 127 415614992
132 53 8881
133 4 443195051
134 19 168478577
135 65 410979409
136 9 409511097
137 122 534234775
138 77 518475413
139 9 463652459
140 95 218055485
141 134 68941501
142 88 473131891
143 106 629922209
144 1 213716881
145 8 68032668
146 51 395196145
147 133 74962801
148 91 563858485
149 122 21656317
150 81 236250561
151 63 212629807
152 114 207626161
153 15 743451900
154 12 618951352
155 59 776784951
156 93 223830190
157 11 104290801
158 86 249273311
159 104 582392663
160 99 41113817
161 125 20269549
162 161 587606
163 82 596496982
164 133 811813224
165 125 44440223
166 156 327235247
167 115 317224837
168 75 449461086
169 122 210046
170 111 265372357
171 24 124981011
172 102 141790606
173 171 434821355
174 102 68272313
175 160 31958921
176 165 235725646
177 4 200465333
178 22 709948041
179 28 80151723
180 98 33211813
181 12 35228215
182 68 188483041
183 83 546844851
184 32 78175189
185 45 96638851
186 181 390593787
187 177 735450004
188 156 321833458
189 156 291403969
190 168 19771597
191 177 37591251
192 97 393312232
193 185 465661945
194 79 285798063
195 51 499322233
196 19 11478961
197 37 337569652
198 31 379032931
199 78 146490369
200 77 42499495
201 171 854437676
202 31 190399951
203 30 305783476
204 202 370865093
205 81 435555163
206 97 311639749
207 102 364618408
208 109 408201
209 167 672320795
210 121 664889339
211 154 50841561
212 5 51441186
213 112 284815192
214 110 502458001
215 14 553937034
216 212 176945428
217 176 215413948
218 37 100785252
219 135 54119843
220 203 306719519
221 213 48077344
222 94 822887561
223 100 448413694
224 31 947821861
225 154 38273791
226 92 43085872
227 24 623009671
228 169 200608081
229 44 171892801
230 139 70929424
231 207 158723932
232 55 47207935
233 54 142891951
234 101 58174088
235 37 679519756
236 136 54781356
237 183 150501766
238 16 194786161
239 68 125960689
240 185 504992813
241 11 252891312
242 190 55122079
243 179 162001126
244 50 172009333
245 36 160490803
246 241 102400888
247 127 661166494
248 176 773708596
249 105 799957882
250 212 4418566
251 220 346945261
252 4 42437292
253 199 109872922
254 152 545442121
255 10 671978169
256 34 349661965
257 54 361073491
258 161 69303697
259 152 198164873
260 138 5244178
261 2 200190871
262 92 79740208
263 108 253924735
264 156 85717202
265 163 136862265
266 170 148674601
267 70 647007285
268 229 454401375
269 106 55872877
270 85 323611611
271 237 408984676
272 66 400957989
273 214 367349173
274 185 81901156
275 96 544852771
276 134 30885186
277 10 388549198
278 196 117901213
279 245 88616896
280 94 394063107
281 56 293163337
282 71 102240655
283 253 486436041
284 44 558726337
285 1 454865517
286 160 215219557
287 102 23946626
288 34 262881025
289 230 92668840
290 229 418252802
291 194 233688976
292 6 436939185
293 131 7764751
294 4 290190759
295 48 70934435
296 179 14679565
297 234 176569953
298 147 119602826
299 206 135445636
300 277 961571898
301 38 203053096
302 260 2888488
303 238 246856897
304 170 3793561
305 81 326725517
306 180 33793363
307 156 209174996
308 246 258850738
309 175 394753305
310 303 304141505
311 287 379756202
312 59 198082677
313 284 87264081
314 134 885611989
315 58 175606096
316 60 743125769
317 13 46532241
318 24 275450935
319 48 409423411
320 266 16218731
321 66 207171661
322 243 378310011
323 241 70511586
324 147 199708003
325 70 152709589
326 288 371929525
327 214 170000917
328 238 489416896
329 34 20975707
330 106 312181066
331 168 183513493
332 147 862411993
333 287 412330605
334 181 18684361
335 155 13489489
336 5 153260901
337 195 47243908
338 184 464336863
339 310 733293001
340 199 595017529
341 83 483621250
342 187 204406269
343 113 599946628
344 46 21319923
345 175 452381925
346 129 4894169
347 242 643515781
348 322 17943057
349 265 656721451
350 188 29964441
351 200 80465799
352 20 109080280
353 161 228614305
354 39 547306207
355 275 751339345
356 161 360945721
357 197 75925893
358 162 105527857
359 6 35193588
360 278 256899529
361 212 128855755
362 216 275539231
363 67 417313601
364 50 223799643
365 297 47225644
366 41 264041119
367 59 267643751
368 329 132985441
369 262 211716726
370 285 193745182
371 255 76471288
372 41 142089089
373 94 43925901
374 212 214776604
375 321 732734121
376 296 28825876
377 175 328495988
378 74 141440684
379 166 338174769
380 46 78817537
381 218 88980529
382 316 311042074
383 101 78569857
384 183 185044861
385 221 59354033
386 154 16892800
387 90 790276736
388 376 99162701
389 38 178404373
390 387 34130865
391 179 238091988
392 131 623400607
393 193 160676
394 139 148493386
395 273 151691257
396 143 243335023
397 240 89021369
398 10 741887641
399 343 36315313
400 392 328306551
401 224 771673183
402 337 242605252
403 155 21099835
404 303 18424123
405 171 551138489
406 364 50436537
407 382 293610321
408 269 589505941
409 69 95960756
410 338 208799326
411 256 153512437
412 346 274776764
413 360 12770247
414 329 1944283
415 356 40664905
416 53 535735596
417 76 26908687
418 138 126242040
419 143 133666405
420 143 5027173
421 366 490387780
422 150 295722353
423 187 262238063
424 100 401254537
425 311 138579499
426 101 402780139
427 122 678471125
428 393 727887722
429 47 360324271
430 13 313641811
431 23 203624577
432 177 319531913
433 186 414815233
434 170 128294041
435 140 140259196
436 291 139228605
437 308 180993583
438 291 172379841
439 181 35312729
440 234 185900779
441 65 136780541
442 294 3300247
443 121 179634313
444 305 20758342
445 235 124248775
446 259 187174795
447 143 338680341
448 87 320140333
449 391 272185852
450 417 14213371
451 207 130026344
452 250 46058305
453 24 4638055
454 377 605141339
455 225 274097734
456 54 219451415
457 294 179267265
458 28 289720597
459 273 42897625
460 343 59046985
461 123 6116209
462 416 20808217
463 385 83260945
464 256 63248457
465 28 181226425
466 384 64112521
467 463 73535743
468 331 421531381
469 143 709905109
470 2 155718752
471 334 15996997
472 125 208528140
473 98 3093049
474 233 71199281
475 417 7424377
476 452 153036535
477 311 50876065
478 64 444183538
479 425 406481009
480 217 356358287
481 422 771098921
482 439 221329963
483 129 72464547
484 412 42421279
485 162 467758503
486 33 333148261
487 50 179194048
488 58 254300128
489 8 450686551
490 122 352533030
491 305 476332666
492 285 250158901
493 484 75541441
494 345 8579407
495 156 271656587
496 267 61098220
497 494 471596937
498 150 261237469
499 59 231102565
500 241 51895898
501 281 479350434
502 292 29328736
503 252 44105443
504 493 75463466
505 402 792994621
506 235 198284611
507 215 271234156
508 27 436107801
509 379 120575291
510 229 193645616
511 509 263762251
512 34 392621707
513 192 549216757
514 139 37005529
515 9 205075375
516 4 12788161
517 374 819925279
518 205 116724177
519 242 350387171
520 134 480747380
521 507 303824886
522 72 305989624
523 496 114450876
524 364 204234463
525 294 124083949
526 366 358035067
527 239 189457456
528 334 664542031
529 472 25013449
530 114 256366756
531 464 100702603
532 63 76806759
533 397 104616129
534 207 310864373
535 16 141206821
536 107 416093203
537 167 142845393
538 2 139069453
539 429 69240151
540 69 912190015
541 460 718800481
542 261 13994524
543 375 425940311
544 438 63034726
545 527 111961381
546 503 14402251
547 407 573289917
548 464 376672605
549 385 221579011
550 417 572186609
551 510 43420543
552 106 271882051
553 520 80032261
554 304 485355548
555 66 5641012
556 262 395642017
557 316 79322408
558 97 844512661
559 143 204948371
560 280 278068133
561 529 100266817
562 444 21233181
563 149 552355700
564 64 39557545
565 497 279078257
566 45 109062461
567 304 220846627
568 299 224848645
569 194 128842135
570 283 507350593
571 38 815258613
572 79 459251189
573 98 1391671
574 556 542219995
575 352 3257337
576 432 19650002
577 9 137582022
578 350 460755853
579 159 287437525
580 507 7005461
581 215 112718071
582 404 312423161
583 141 544021453
584 51 34797925
585 15 230070722
586 167 454517878
587 506 106105637
588 371 141042951
589 192 77613719
590 285 46727561
591 127 3514218
592 311 497954416
593 530 104749191
594 438 93118433
595 137 360765506
596 516 265383040
597 199 54632513
598 37 27743941
599 579 191794863
600 44 567288807
601 347 31726573
602 162 48364226
603 235 379063221
604 53 46842877
605 485 6161761
606 480 289686121
607 299 153140185
608 149 480273691
609 199 323439961
610 309 790404569
611 257 312678946
612 157 623898947
613 392 591125272
614 392 152628101
615 459 578571972
616 595 195151553
617 296 4950601
618 374 655054723
619 324 113079580
620 253 27581401
621 116 513872369
622 474 2140816
623 113 54557921
624 220 750166667
625 51 14176669
626 135 686200681
627 584 324712121
628 205 223537253
629 617 77959949
630 398 382977851
631 360 5772005
632 412 164079843
633 34 497990605
634 34 94710381
635 116 311576937
636 429 12521343
637 281 146474329
638 624 22638421
639 132 260168749
640 67 411668196
641 225 96110501
642 563 237938112
643 589 700928075
644 322 560196190
645 292 169007341
646 203 384965169
647 296 965779309
648 264 355518913
649 227 799226401
650 78 206666241
651 326 286426999
652 522 534203737
653 157 97356961
654 179 675749566
655 65 140626471
656 598 270328021
657 140 110990386
658 121 15640560
659 485 450918952
660 390 102783361
661 573 322452481
662 143 125714733
663 277 312781990
664 607 459061463
665 118 25531892
666 43 836649373
667 22 491982121
668 69 314640325
669 293 144880581
670 308 52816871
671 509 108962581
672 586 16309749
673 111 127311121
674 585 443846001
675 537 259665181
676 306 307182361
677 262 248884014
678 674 333931807
679 524 145599431
680 192 461705755
681 679 557908549
682 395 10498545
683 434 224375941
684 283 263542657
685 171 598231031
686 503 180612518
687 256 676494611
688 410 84793861
689 117 47242333
690 604 438135976
691 35 87196537
692 415 23829301
693 671 149262788
694 553 55187903
695 450 65281296
696 488 32446511
697 137 728949871
698 160 617188090
699 618 413836921
700 628 10144522
701 170 53671651
702 445 802433809
703 201 284264989
704 121 54163521
705 73 5772649
706 574 247112925
707 139 97879057
708 200 366793001
709 63 232990837
710 130 197777185
711 259 784417376
712 47 87291905
713 270 79029711
714 351 558191635
715 285 121672081
716 116 137636581
717 510 87721327
718 399 657363249
719 329 1215932
720 336 506655451
721 117 175337086
722 469 193351456
723 382 32741073
724 90 71522251
725 469 494694811
726 244 160446251
727 626 595174861
728 192 103862341
729 1 992947957
730 406 239103145
731 667 494660107
732 523 311629857
733 472 175627297
734 4 55167136
735 222 231874721
736 58 249534829
737 230 899985451
738 437 511949089
739 523 193389338
740 43 7545033
741 611 483843513
742 91 244391833
743 583 766529236
744 431 24574016
745 502 505361449
746 407 28469201
747 496 220793057
748 156 238428871
749 505 26455078
750 465 323847169
751 122 544570774
752 512 462893131
753 742 529615909
754 284 8328649
755 725 647199081
756 397 145257288
757 449 84028745
758 419 79029181
759 476 445129
760 332 46500481
761 335 12289240
762 214 341404377
763 635 26830959
764 187 203396375
765 215 704067024
766 686 364226657
767 390 347473309
768 742 79112206
769 319 472537
770 119 168678505
771 430 371528683
772 297 609965337
773 414 75113291
774 83 351449281
775 770 293193894
776 550 34897921
777 616 14912671
778 190 134892161
779 55 488255933
780 614 255059061
781 397 233956351
782 229 265681681
783 758 149785351
784 469 549304053
785 174 31808797
786 366 337185829
787 579 2483506
788 78 608378569
789 289 11815705
790 760 6320765
791 169 49713886
792 507 37650921
793 155 479691825
794 659 792065254
795 590 194925635
796 113 49962814
797 703 449340396
798 378 16520686
799 199 19422823
800 317 276747679
801 76 874760761
802 140 171102429
803 85 32635201
804 697 90038641
805 160 477063148
806 757 450668639
807 206 307581849
808 208 78782791
809 667 111118721
810 174 148756973
811 493 253227493
812 208 42210208
813 447 21167872
814 681 328572631
815 310 339453522
816 45 36972481
817 757 571397331
818 41 359937771
819 340 167536604
820 348 263384419
821 647 79083551
822 557 122656701
823 264 193996177
824 509 332328566
825 620 121563452
826 762 290226245
827 179 446255937
828 218 57807933
829 599 423221161
830 735 36391309
831 600 305442951
832 526 64778185
833 5 603445581
834 761 24060389
835 507 377167771
836 695 362192689
837 124 74044657
838 347 667276
839 649 237598539
840 161 20201681
841 113 129523561
842 463 115263851
843 293 255338595
844 219 136635790
845 233 456579626
846 697 181336651
847 506 652154693
848 548 280219171
849 293 306438922
850 452 528824043
851 4 646228061
852 248 628285975
853 340 678335939
854 499 709057033
855 705 435183121
856 460 684476335
857 12 43843957
858 172 3245561
859 37 662848785
860 413 83119340
861 841 47963189
862 71 409412221
863 831 333678961
864 398 760629315
865 609 372968417
866 403 553632949
867 848 97893724
868 54 350355781
869 612 595386613
870 555 728420539
871 691 119168988
872 56 49572433
873 40 145305661
874 604 202456418
875 407 660851815
876 377 347825143
877 523 308791432
878 261 214879322
879 371 394500079
880 543 432630301
881 741 170724401
882 54 18771131
883 534 206986753
884 436 502728754
885 815 751465
886 77 63777770
887 724 446237478
888 866 479825161
889 753 107278809
890 583 208973859
891 207 311732806
892 277 228217731
893 563 58385965
894 336 83118906
895 597 342335011
896 811 265779221
897 602 232852021
898 484 134704312
899 144 344833265
900 628 17015773
901 730 641131
902 35 85043377
903 10 192366201
904 558 46282187
905 777 480412601
906 343 617239801
907 192 371343169
908 623 84825269
909 327 307017884
910 636 23132077
911 250 315335905
912 818 644261718
913 732 248424528
914 340 12750229
915 315 393624625
916 286 57433297
917 402 506655321
918 533 188324641
919 766 60465991
920 663 777356031
921 308 172418751
922 215 499663297
923 431 50702875
924 260 22207401
925 194 60584415
926 849 97930713
927 923 127296807
928 891 347599903
929 838 681486405
930 768 294116761
931 88 41549866
932 422 528059429
933 711 70797651
934 893 119530048
935 26 671975845
936 263 200746897
937 692 183226681
938 57 75525373
939 2 233740289
940 550 39857733
941 831 45797907
942 39 80778589
943 933 2571271
944 171 58419411
945 627 7735477
946 180 196363819
947 500 69808405
948 676 51488515
949 795 104487238
950 622 42282163
951 708 7696920
952 31 711985
953 685 8639281
954 470 212099311
955 233 465027265
956 370 9774814
957 342 104405866
958 384 583115341
959 341 48043871
960 901 874012501
961 254 18109151
962 822 309320941
963 765 243995401
964 70 172900477
965 378 190903565
966 535 44158606
967 860 18026317
968 283 130886515
969 25 93634257
970 948 63909165
971 386 430931081
972 499 390746854
973 632 178765609
974 776 68591730
975 760 112239649
976 435 84483021
977 914 138954277
978 485 471176551
979 923 585929488
980 283 239562895
981 911 14638551
982 703 485809678
983 522 522457366
984 33 804063523
985 939 632280817
986 350 15117497
987 783 40045081
988 397 441996346
989 462 468938081
990 137 112714285
991 36 33487311
992 598 437331711
993 634 505368973
994 207 544447135
995 278 32195
996 84 109557405
997 301 294163878
998 587 725672926
999 825 210526395
1000 411 54438573
1001 55 384531511
1002 299 378522419
1003 205 44401041
1004 776 44073843
1005 778 366779645
1006 424 59957921
1007 778 437871055
1008 762 19341381
1009 449 362552626
1010 200 81342757
1011 146 337298608
1012 230 357676705
1013 738 799665083
1014 744 210082049
1015 967 75193860
1016 782 245155771
1017 680 553514995
1018 102 44772533
1019 341 58817111
1020 136 282752851
1021 496 885320053
1022 750 560404692
1023 793 433313338
1024 962 26186476
1025 690 26659225
1026 731 11955217
1027 549 75550827
1028 509 597367341
1029 782 575441791
1030 794 35493405
1031 985 835063527
1032 788 63926155
1033 520 4736317
1034 303 162981601
1035 905 82457363
1036 122 135964177
1037 701 7688698
1038 737 12201411
1039 584 396867459
1040 349 2128960
1041 808 78225703
1042 38 236203954
1043 65 743317113
1044 124 318002521
1045 20 191457415
1046 232 32400469
1047 376 161053417
1048 582 624110973
1049 626 357683389
1050 350 322208176
1051 1049 203838149
1052 139 57283007
1053 226 104871918
1054 589 541487305
1055 16 466109015
1056 169 235546169
1057 893 144509447
1058 900 496112521
1059 966 290772011
1060 965 348425962
1061 1026 316174321
1062 626 127891009
1063 331 133615609
1064 1052 92302912
1065 930 643329406
1066 127 132708991
1067 525 435079871
1068 790 262215748
1069 821 435753712
1070 854 666724825
1071 373 566250776
1072 1035 43844131
1073 510 136559401
1074 522 209325313
1075 475 71139041
1076 845 110909473
1077 320 35640417
1078 130 115590001
1079 857 116515369
1080 929 104661001
1081 1042 222256177
1082 526 24215281
1083 312 275581321
1084 708 474140401
1085 309 616532995
1086 875 278246501
1087 714 213802768
1088 49 4839517
1089 821 512602595
1090 435 531670411
1091 905 7320421
1092 451 208685071
1093 1013 402219533
1094 362 773037577
1095 358 151164073
1096 290 802054941
1097 558 352333455
1098 265 521871091
1099 1040 326312689
1100 321 391338946
1101 1097 87353731
1102 724 68963605
1103 49 98805322
1104 389 449507437
1105 268 35625921
1106 926 21239881
1107 94 179689312
1108 1088 49705945
1109 856 204480121
1110 104 3126961
1111 1045 206906176
1112 339 232951291
1113 440 8166251
1114 688 255308725
1115 977 743866697
1116 194 673058651
1117 1001 46063973
1118 73 816971905
1119 340 190097282
1120 651 123262615
1121 208 10375559
1122 532 209060005
1123 854 72169839
1124 1102 310154945
1125 383 197968351
1126 600 335323462
1127 796 30332677
1128 376 407650929
1129 500 822323515
1130 170 795785176
1131 504 80612126
1132 908 50181121
1133 434 172080937
1134 304 509520195
1135 199 65845312
1136 618 324218939
1137 778 160713400
1138 457 169648525
1139 1002 19813062
1140 609 99641013
1141 642 239134286
1142 222 266930726
1143 1077 411461261
1144 241 824585931
1145 324 114295539
1146 853 48328173
1147 759 150035764
1148 473 927549701
1149 401 79232817
1150 438 69536765
1151 546 788322760
1152 625 430331869
1153 839 265428001
1154 78 169942696
1155 717 200891181
1156 319 7403545
1157 592 51681207
1158 508 727766425
1159 1042 645186631
1160 66 76683601
1161 987 18021655
1162 237 114253887
1163 377 198317231
1164 941 137915866
1165 1040 232975018
1166 108 444064461
1167 882 462153151
1168 841 237282893
1169 240 7095231
1170 806 223837451
1171 699 450875047
1172 149 526867485
1173 339 831234601
1174 940 59184820
1175 457 551177176
1176 952 159942773
1177 509 239720689
1178 635 226504691
1179 36 578617075
1180 858 49821670
1181 1083 70373344
1182 983 109212846
1183 1117 490034809
1184 357 544192223
1185 209 335682868
1186 773 40103190
1187 409 226720297
1188 425 44855393
1189 1119 495416629
1190 946 444670225
1191 1052 25534465
1192 934 317556625
1193 661 739541037
1194 1085 139969864
1195 504 197988001
1196 418 96248387
1197 823 534638131
1198 1146 95088471
1199 694 346902571
1200 685 228499017
1201 982 1733377
1202 281 248121219
1203 986 6571002
1204 235 245959303
1205 1071 12759795
1206 197 624946781
1207 203 16761277
1208 887 589594435
1209 909 309265
1210 705 107447851
1211 283 202970296
1212 1163 342712891
1213 621 119032216
1214 510 12141041
1215 908 76024241
1216 1042 353949861
1217 40 45402127
1218 870 594542755
1219 751 550988047
1220 1140 366888457
1221 1181 373017499
1222 238 535941275
1223 745 40113961
1224 646 136443532
1225 544 79401886
1226 1011 434921824
1227 1176 17594929
1228 327 388417181
1229 351 517458909
1230 826 215174350
1231 914 225907096
1232 1156 9495901
1233 659 214003616
1234 460 115311309
1235 463 5082643
1236 273 476035001
1237 577 130019209
1238 524 57704196
1239 206 406924911
1240 526 44141869
1241 322 330783587
1242 514 96795765
1243 340 212504131
1244 165 19369533
1245 1024 772932265
1246 1194 644628401
1247 265 13922585
1248 912 747662826
1249 610 12716740
1250 494 460980716
1251 294 288589921
1252 255 182312677
1253 1206 217096096
1254 681 272423179
1255 550 22010575
1256 1121 154449497
1257 117 364567498
1258 314 209031131
1259 410 176809897
1260 1193 701816361
1261 891 503290990
1262 164 354613561
1263 622 144644851
1264 215 60247665
1265 496 400875501
1266 1133 229563751
1267 1190 204425641
1268 618 44551164
1269 791 325611541
1270 173 107410083
1271 673 582180685
1272 290 80133432
1273 773 12964201
1274 557 32417792
1275 530 845812731
1276 82 39642373
1277 412 464064781
1278 241 71573555
1279 772 721586005
1280 1146 74063221
1281 280 89381881
1282 871 39055489
1283 348 103061701
1284 900 398639501
1285 734 56286593
1286 413 498154741
1287 1211 660858049
1288 885 38092143
1289 596 49367346
1290 1213 236485351
1291 1081 108307543
1292 477 197370501
1293 121 3292411
1294 729 240779926
1295 427 15393595
1296 908 7491361
1297 405 661402953
1298 1094 5134417
1299 351 996127201
1300 69 80428601
1301 1155 128541941
1302 526 53420185
1303 611 10429091
1304 760 523233447
1305 102 333365173
1306 1112 113914293
1307 654 10766001
1308 1267 18558581
1309 1293 155958163
1310 700 172970211
1311 920 3484897
1312 1134 5146417
1313 418 58899969
1314 944 141015026
1315 588 9134347
1316 559 150944773
1317 53 105153841
1318 647 379010497
1319 267 53553996
1320 170 61916401
1321 781 337470520
1322 431 893299945
1323 1283 335902601
1324 87 137280781
1325 367 213101080
1326 3 443534915
1327 66 619906701
1328 1250 394033249
1329 890 477327277
1330 1219 16055343
1331 89 105208741
1332 76 63890788
1333 906 39918187
1334 1065 286993706
1335 523 135929005
1336 334 495304657
1337 948 283597579
1338 1228 10552347
1339 772 292089737
1340 996 373491201
1341 1026 117970846
1342 172 48261331
1343 1074 564000088
1344 1258 241739492
1345 728 764629527
1346 848 202006631
1347 655 533614469
1348 1116 202561633
1349 1094 455039825
1350 213 159875191
1351 235 383969101
1352 1016 727467753
1353 815 491871301
1354 188 48253615
1355 230 98961710
1356 528 409069945
1357 778 334614145
1358 1326 630539981
1359 1249 15422401
1360 826 328185397
1361 1207 493437435
1362 1290 433598371
1363 775 14907413
1364 1143 7963215
1365 920 665720127
1366 151 318243466
1367 1209 337974891
1368 687 149840731
1369 1201 936131543
1370 833 294101893
1371 305 870930925
1372 683 205640737
1373 680 271178489
1374 460 50316596
1375 1295 534227023
1376 1343 173665741
1377 1010 14046055
1378 1223 423640165
1379 207 6359251
1380 1000 203650046
1381 639 128600677
1382 1283 638495041
1383 235 82850533
1384 1152 444966801
1385 580 494763633
1386 897 76119141
1387 411 35464996
1388 1173 14360762
1389 505 38531564
1390 593 398639668
1391 1186 82563629
1392 1321 484907741
1393 132 124866301
1394 474 49847029
1395 914 334702271
1396 671 2825586
1397 693 93338324
1398 1138 138664513
1399 829 189344531
1400 135 25150616
1401 211 350849816
1402 1128 175819222
1403 287 102195397
1404 580 468087725
1405 588 632248201
1406 837 118250035
1407 1369 305040106
1408 661 543770476
1409 423 485880913
1410 530 99899056
1411 172 161719057
1412 691 87979141
1413 1214 12356233
1414 437 808000187
1415 1016 253749859
1416 135 61315429
1417 58 46583281
1418 976 227869307
1419 291 139334852
1420 1041 341301533
1421 198 42492009
1422 1166 810189316
1423 1048 72523649
1424 295 780976041
1425 1080 217168358
1426 1145 50396313
1427 846 178256900
1428 318 26071651
1429 560 486025198
1430 1255 741455203
1431 474 407948161
1432 133 143632513
1433 891 57706463
1434 445 194210529
1435 919 16206400
1436 136 75076681
1437 12 151688439
1438 788 59626321
1439 350 103545879
1440 458 21513853
1441 1392 124069126
1442 1401 334070724
1443 755 304885645
1444 147 335599464
1445 520 90818586
1446 525 121592335
1447 215 48443962
1448 113 387208658
1449 202 95170402
1450 1067 136438981
1451 668 259115221
1452 1017 222097409
1453 251 19336039
1454 247 629811565
1455 979 154675300
1456 857 109340061
1457 732 18185185
1458 315 248305632
1459 283 965717126
1460 1445 158375071
1461 451 193239109
1462 657 391854121
1463 933 228479581
1464 962 677792016
1465 617 17770831
1466 721 80405401
1467 418 87380650
1468 239 604890781
1469 40 181735223
1470 501 880723581
1471 916 697443097
1472 952 172705476
1473 518 155097793
1474 301 10476631
1475 141 40185187
1476 1130 142404417
1477 132 43414451
1478 119 84886939
1479 1140 862458521
1480 114 340660633
1481 1339 158128674
1482 612 325698616
1483 947 25263901
1484 375 214325632
1485 1290 606905243
1486 1463 87570289
1487 981 251874393
1488 154 135930301
1489 328 680075293
1490 854 593537428
1491 1454 122443378
1492 1413 585138502
1493 204 106291633
1494 903 466541039
1495 1120 388810631
1496 812 26855011
1497 157 419602826
1498 680 396122869
1499 254 73557257
1500 42 50443777
1501 966 29062021
1502 694 678825458
1503 615 157635952
1504 9 359363366
1505 1246 32271306
1506 587 408598621
1507 310 150630391
1508 740 124145297
1509 80 240259601
1510 403 90773553
1511 1425 211482327
1512 1338 2242427
1513 71 394696919
1514 1323 647761073
1515 1365 505464961
1516 962 81631299
1517 97 599803009
1518 538 858663085
1519 976 373064749
1520 375 447418765
1521 836 158206731
1522 611 2994213
1523 226 43859999
1524 1508 80984911
1525 656 85327501
1526 1519 305842225
1527 1330 560991609
1528 51 109043201
1529 734 327140533
1530 402 67286801
1531 1178 403060083
1532 540 83419461
1533 884 795807741
1534 1356 207428905
1535 735 597015145
1536 805 309482343
1537 1139 167208601
1538 577 40499017
1539 889 124488381
1540 1215 442892094
1541 194 175546894
1542 961 107477305
1543 1467 172144512
1544 187 709393081
1545 964 224753995
1546 384 55863310
1547 968 145350613
1548 657 4529181
1549 1480 500338337
1550 34 722906757
1551 265 199008223
1552 1319 246960781
1553 391 48746787
1554 271 93959049
1555 1115 492025755
1556 726 690196849
1557 322 337482397
1558 891 45871526
1559 1120 229446433
1560 969 516040936
1561 1021 263024945
1562 496 120296210
1563 1207 306900874
1564 1541 271155817
1565 252 256641361
1566 1329 834792421
1567 1482 655001
1568 503 417802815
1569 700 536169589
1570 1056 4784785
1571 869 96107377
1572 131 227609956
1573 367 37472029
1574 1104 98541694
1575 59 437291601
1576 39 493714401
1577 60 118929145
1578 1166 12269382
1579 497 68324201
1580 610 226774263
1581 101 505355241
1582 806 39674361
1583 810 224635273
1584 194 343149057
1585 619 300529015
1586 339 243507962
1587 610 50062509
1588 753 251032876
1589 120 26414401
1590 406 226670293
1591 900 301556593
1592 114 168307543
1593 1418 22188293
1594 646 157424257
1595 807 44795959
1596 395 548270141
1597 1556 93373561
1598 576 203153259
1599 104 46287687
1600 382 176593953
1601 368 45950209
1602 630 353134913
1603 237 1268681
1604 1358 205975477
1605 863 155488840
1606 539 253199137
1607 1308 391960181
1608 1034 510809586
1609 1557 660626279
1610 1293 218276713
1611 689 18232040
1612 1452 462855163
1613 902 169783321
1614 340 697285229
1615 330 10142930
1616 940 30913591
1617 70 589053717
1618 1412 16516330
1619 1226 558025287
1620 1057 370742153
1621 720 19986739
1622 535 128156711
1623 1341 356670169
1624 573 394317631
1625 1149 436004417
1626 1242 45060181
1627 1025 358576749
1628 410 52197923
1629 1516 220424527
1630 238 58354598
1631 169 41705757
1632 206 408392547
1633 1416 447364633
1634 305 200331979
1635 533 38406241
1636 130 853371951
1637 1482 67440705
1638 852 418368049
1639 1312 196832481
1640 145 240033856
1641 535 210336751
1642 1616 134247686
1643 438 170027089
1644 805 188054491
1645 753 406018249
1646 650 70468990
1647 1092 970528921
1648 1270 382116126
1649 417 617409951
1650 17 296326504
1651 1239 189266111
1652 18 146507969
1653 459 537317751
1654 675 154551025
1655 810 514688289
1656 1163 38485601
1657 134 470045733
1658 538 40453153
1659 1544 411863893
1660 170 752621059
1661 750 524952172
1662 94 781177167
1663 1094 113308917
1664 940 693091766
1665 1148 291220953
1666 255 83051728
1667 1327 311250655
1668 281 43068408
1669 28 30629216
1670 589 333438841
1671 297 448684556
1672 105 56767354
1673 1140 281083069
1674 905 477646009
1675 230 808920289
1676 1198 215522751
1677 452 361096093
1678 238 94838965
1679 557 498156231
1680 263 149355676
1681 1268 50891281
1682 332 3894801
1683 882 624746341
1684 503 139750339
1685 233 550863914
1686 806 644052127
1687 567 428784133
1688 746 508518277
1689 845 171852649
1690 611 14846205
1691 852 183508921
1692 597 224810373
1693 484 57317998
1694 1517 108868369
1695 540 224441515
1696 619 251485057
1697 356 334006535
1698 1497 213846181
1699 858 626148573
1700 80 511480951
1701 1464 61937651
1702 1132 623889181
1703 887 303717493
1704 1184 552545651
1705 762 150094271
1706 168 652936571
1707 228 72307663
1708 360 238328623
1709 651 255251615
1710 552 74799847
1711 843 5875949
1712 226 32134019
1713 710 5375101
1714 319 246322013
1715 1494 101555706
1716 562 22096705
1717 994 114345034
1718 1470 129435741
1719 1242 225703685
1720 843 9777841
1721 25 322035814
1722 1062 534775609
1723 935 151173361
1724 463 358231713
1725 632 98542214
1726 1049 161545553
1727 1314 57285586
1728 1530 573608213
1729 983 387746926
1730 966 242028865
1731 1155 288341809
1732 1271 489274297
1733 467 311655327
1734 1699 246678961
1735 456 357347041
1736 934 309619514
1737 491 118505135
1738 1067 422476237
1739 881 569636350
1740 973 119008125
1741 300 54131589
1742 956 374450365
1743 824 190179452
1744 165 378409640
1745 129 272954221
1746 881 816949241
1747 957 145609889
1748 753 68765131
1749 186 427709401
1750 1120 40318426
1751 1716 95332018
1752 1024 102080161
1753 683 194092417
1754 590 38356880
1755 878 270916298
1756 841 999267756
1757 8 74780321
1758 1490 406631925
1759 524 365754679
1760 1603 277102162
1761 1263 351249391
1762 118 49817265
1763 1411 241674403
1764 794 46544177
1765 1325 148704247
1766 937 610861213
1767 782 138544387
1768 425 130135105
1769 1221 206815519
1770 1288 918939693
1771 224 30805889
1772 1770 52957271
1773 194 160312094
1774 1110 332523937
1775 1534 88957477
1776 284 254177635
1777 1115 181975609
1778 263 11166952
1779 614 99332221
1780 1217 39950347
1781 168 49104238
1782 434 445602361
1783 478 243516261
1784 69 453800381
1785 1379 245541124
1786 1439 568618564
1787 380 8611825
1788 1004 787394059
1789 849 179527325
1790 783 185768941
1791 1735 295828151
1792 1704 120767239
1793 706 196601671
1794 341 17705689
1795 1638 78552475
1796 1654 714329309
1797 1586 62462381
1798 528 399439801
1799 1139 14833303
1800 179 430529967
1801 209 98448141
1802 1044 209265121
1803 182 772925602
1804 1439 83877801
1805 1564 110750977
1806 786 868225
1807 119 692051199
1808 1779 862067838
1809 221 16649381
1810 762 99458329
1811 1093 403755737
1812 193 170649553
1813 382 749845457
1814 1197 512721811
1815 299 477835044
1816 253 169459897
1817 865 69290250
1818 38 887894092
1819 802 83495061
1820 639 242826886
1821 858 78617033
1822 1525 64570045
1823 1403 163958857
1824 388 350974537
1825 521 29886666
1826 873 100680481
1827 679 38099374
1828 775 89886933
1829 1630 454396539
1830 245 140257803
1831 681 34839784
1832 1583 277777326
1833 1254 816598783
1834 1082 397180267
1835 1385 650486201
1836 618 522383071
1837 247 24994231
1838 70 153776764
1839 1477 140505123
1840 380 495651905
1841 1567 6533186
1842 1243 631548001
1843 899 410009671
1844 873 8934428
1845 1270 16787981
1846 961 283923971
1847 1374 20605633
1848 1383 358149317
1849 500 93819379
1850 1483 177105361
1851 42 431271114
1852 540 276677461
1853 1137 4180904
1854 1696 203727895
1855 22 138280425
1856 703 599290022
1857 1468 30463924
1858 724 321694657
1859 1650 454930261
1860 223 98249425
1861 1152 163995976
1862 1137 113425281
1863 316 420026218
1864 396 340161533
1865 1270 47875004
1866 1830 122104473
1867 867 332279567
1868 319 47906021
1869 1779 946295762
1870 513 598906736
1871 156 15940741
1872 1245 57501263
1873 345 175187136
1874 256 109685601
1875 1409 430032001
1876 430 753795076
1877 892 444143169
1878 325 462981583
1879 257 539183596
1880 221 119653034
1881 606 206393408
1882 710 42096781
1883 438 289732633
1884 931 411416641
1885 1260 367417678
1886 77 195790505
1887 166 734870289
1888 1866 249399463
1889 210 247872457
1890 813 215388559
1891 174 45781646
1892 308 152345161
1893 537 168668352
1894 1374 540434672
1895 1404 409142581
1896 1377 544428291
1897 375 708106720
1898 714 574141465
1899 177 82429873
1900 1761 96746791
1901 1116 131819416
1902 1312 295294011
1903 182 76701653
1904 627 3063083
1905 1058 69347221
1906 335 401464725
1907 1745 157332821
1908 962 428739553
1909 1194 65786261
1910 41 98466923
1911 1432 254468332
1912 1570 4424353
1913 677 3671326
1914 307 96244405
1915 618 105553038
1916 1292 140685679
1917 884 27258211
1918 246 588420953
1919 872 86217859
1920 45 133520601
1921 453 57750995
1922 1863 351710696
1923 1788 336810917
1924 1088 20100001
1925 1918 660131737
1926 1916 250306026
1927 7 299274121
1928 104 190200289
1929 226 21538521
1930 1297 373099616
1931 448 668552930
1932 726 47126886
1933 1533 387667776
1934 1326 112651345
1935 1589 137063914
1936 1927 105916809
1937 404 201596531
1938 780 56384182
1939 1826 324164079
1940 1659 107995046
1941 1543 4728601
1942 1090 46739849
1943 704 39028057
1944 1105 481016746
1945 114 145040207
1946 442 454133681
1947 1021 17798276
1948 777 465519619
1949 1509 152460705
1950 726 54966637
1951 946 531872929
1952 1324 43824286
1953 843 931143217
1954 1925 346806489
1955 1498 18118199
1956 1922 366598975
1957 312 37792481
1958 628 176824945
1959 61 118752074
1960 51 343797221
1961 1143 729522217
1962 1643 364803401
1963 1920 805415350
1964 1883 35012116
1965 252 5386411
1966 69 110786641
1967 328 119942593
1968 627 132426105
1969 853 521270550
1970 1272 321049321
1971 992 121726609
1972 1098 165187733
1973 106 711657739
1974 734 411731923
1975 1614 345605819
1976 244 260240761
1977 1053 151720169
1978 1726 673119019
1979 817 404292685
1980 1816 517944169
1981 15 210157249
1982 103 74239751
1983 1006 505490470
1984 681 144747549
1985 157 419958935
1986 1612 106861945
1987 737 297531209
1988 554 191202285
1989 242 142514161
1990 1510 332173801
1991 1413 351461881
1992 62 480189787
1993 1406 549886455
1994 1809 222163411
1995 1466 229939447
1996 1985 126291001
1997 695 14056615
1998 1399 706003624
1999 1232 300315675
2000 12 167884600
55 1249 62665516
1849 1895 43883617
984 1041 281946256
64 510 9817732
1976 407 111665973
74 975 423542575
20 220 833327194
31 70 378221126
894 78 64906944
1288 673 235100968
74 1117 590543026
935 322 17815661
1505 1084 382596319
1117 641 942274870
241 886 538209359
1601 1623 663151601
1099 310 113631214
224 484 175679461
260 1070 20170399
1175 1369 343529311
117 1185 354276015
1643 1935 69462651
1531 1913 65843658
1218 1710 246581399
711 1394 60185155
103 871 308771298
287 701 284381200
570 27 22359281
1916 286 444841851
1661 721 15057571
618 1614 730982022
376 644 503667865
1434 1498 1365
1494 18 178263949
99 66 133251553
1254 1311 276430771
1277 218 1802433
299 1040 303869216
1429 1020 230496951
1852 912 41448496
1548 1349 656399351
853 1055 18953981
680 708 674372457
484 1645 249619459
81 1838 397181310
1340 35 106884471
933 1260 78735371
1382 1339 270503567
997 1467 784542501
1755 1443 123556005
678 1499 182344403
635 1327 106986673
640 1793 135942135
154 564 151503229
834 1414 109061121
749 461 291824266
1532 629 145130941
593 1593 278738209
84 1569 274411381
1973 826 298518076
1074 988 660063430
459 1048 723657504
36 1121 94508077
395 685 314275519
1339 1867 291013273
720 1783 798592271
1787 1531 224959361
1576 489 699340551
703 119 256819681
632 393 80041261
1251 1045 389113732
342 1827 776550519
1640 4 497596230
766 469 152392377
483 100 139654571
1182 1602 787138183
1118 1369 216156241
633 1839 267767761
854 876 111776200
1271 345 313747743
396 121 146435138
1251 1980 70204699
836 1938 471305043
877 557 282272761
1881 1482 180276541
310 802 325903679
1798 555 182597351
678 1332 49337509
1998 625 67010581
121 820 331187969
1478 1037 399555289
1869 1155 76824034
1286 1459 104244363
1862 104 113984008
1467 1821 60036175
251 1295 103104841
184 1109 650901450
599 596 226626751
848 110 88951463
24 1372 576917497
670 1324 162884371
1379 1212 755210908
749 663 89642918
958 143 91300385
352 1261 489367549
100 1861 421478663
1052 429 185042529
485 1519 87390551
1800 892 440620076
67 1460 94907703
804 100 137020699
1958 431 2223513
1407 1024 109952225
857 1806 50758735
1232 289 161652373
587 389 273375301
1486 236 223800169
1951 361 5840495
1992 474 349394060
1228 117 9070819
1293 599 32594428
1758 728 142081876
37 243 74188738
19 1109 924383041
1734 1684 27357721
479 834 343576381
944 1313 995570456
1400 1033 561120253
386 1977 116366776
506 1402 25556401
546 634 19209561
821 984 253714705
826 123 18329601
1450 1671 17574175
261 1474 198078617
690 420 247713252
566 1406 20321449
231 173 150133861
1649 63 205712253
1384 1189 129557177
544 1929 532364050
1018 1842 126601749
815 837 316664046
1201 1694 105247157
752 160 335042366
411 1561 116565376
200 154 27219055
1526 613 35878551
1872 807 584941126
453 1417 120634745
1446 769 170799501
1391 142 200949321
297 69 204171553
111 1029 462061096
1024 322 691034932
1877 1711 337784293
68 413 924049244
916 1412 61959921
497 1967 47998945
1602 1693 290736073
1593 453 568440581
1051 378 328601701
449 239 282471939
190 1885 945808882
1122 962 87385145
1919 1484 321979672
1050 614 671807929
531 1219 19441535
232 889 483047671
535 815 534631209
1843 602 11929685
873 1940 218823735
1764 1231 331438681
1325 1160 250477717
1687 1151 54287945
1226 1926 588385220
78 281 454704085
523 1725 122037669
1006 1899 110008603
1918 1790 289194236
224 1179 302087101
424 146 280478343
961 1346 215794920
1391 1969 806079925
962 1020 178566466
558 1131 557631559
1241 873 54876741
1669 291 150614424
703 1631 146983241
1782 15 60168761
928 1686 140064707
1081 1370 192062329
990 1290 25325071
73 1698 106258991
1357 1293 735327202
1893 170 491833851
440 131 134953989
1392 57 666176101
1915 452 218734011
1937 330 875573458
1000 1997 38296501
84 730 322956621
1666 1950 166243753
1175 1564 229506697
1109 14 84537679
1134 360 105653607
1452 1715 120902949
256 920 70393838
1801 138 700285778
1031 1706 856576
448 661 676161333
1219 1249 20833392
188 1640 150927148
936 724 248448385
569 1803 57563185
1452 1389 750208306
936 972 114402793
938 1978 52076555
1487 1034 289427381
385 1408 89607778
822 858 59822992
917 355 583709521
1035 1302 259459969
1293 1088 507244721
1759 473 70460047
180 308 6787561
1302 164 63028006
1385 865 109600741
1963 1612 219128785
1247 1568 11409892
1658 122 579858633
1901 314 545242748
1284 713 51641071
254 861 585337349
1919 940 107475285
1746 622 291388068
531 1797 111392053
1516 1617 560740179
910 127 167144531
1282 2 109226641
336 485 73759329
80 448 419356885
1328 809 328325131
1190 12 2567329
949 638 47316702
133 863 46325261
302 510 33403028
565 961 367663105
1403 1141 641401977
1858 1747 3203686
1794 404 102164921
1019 854 312177801
843 78 247212879
930 1841 889678765
1620 718 242096753
1998 175 257350971
1549 1520 267472717
1980 1150 377675810
316 1220 23540925
889 1297 9563233
875 1390 476865915
1322 1727 45838913
1542 1225 85712481
1413 499 56130985
270 1023 64150300
1653 1386 201319801
1864 242 55069513
346 1672 15809785
446 1334 436785436
1079 1107 788057230
93 756 327379501
530 1733 381303901
101 537 249909966
1975 1359 215117371
1676 1941 70698481
53 177 598416225
156 1693 56792451
1855 1971 190106511
496 601 211471331
956 15 39956551
779 279 478445284
1928 1380 622106291
1730 886 11565389
1025 1956 48849041
412 44 211273921
1195 647 29751926
1945 1536 608109853
652 422 544108721
776 416 496444175
81 1633 197847616
1200 1597 77018161
167 1258 54982177
824 218 139445029
227 712 816497200
1902 129 173402751
1930 1445 71807381
372 1677 65469986
122 480 348808426
1838 1921 793601569
1967 1275 571695112
1734 1840 44504571
430 541 163195309
569 1971 112757727
222 1906 612046501
279 582 10017435
858 150 196923214
1062 1963 123180591
801 1534 455537586
1759 789 452906081
710 224 150135604
1648 1678 763087879
1616 341 123160420
712 1138 92427137
1754 1054 36190261
558 1314 371373276
164 508 348134851
1483 738 473745409
1553 486 631827541
1579 123 57156529
1015 1159 47403393
624 1146 134785177
1091 1470 61035101
1520 1663 125961432
674 76 479455609
226 846 358340362
1800 1929 682621641
4 738 347123830
445 176 313887972
8 1429 30714901
267 1086 40995307
1106 649 13449001
1297 1223 398739211
347 834 247293814
947 1329 563250308
369 906 383698722
1352 1847 412341057
517 1836 10233826
1338 999 35360989
748 473 110438733
122 1877 196045201
1407 1446 21889729
1306 101 47125342
92 1644 123231681
1 501 13335696
386 470 69185751
1946 1713 198730841
1080 358 962966922
1893 1837 87882025
935 913 330184133
612 1534 191939876
555 383 454403351
1776 945 263865201
1510 1228 56749741
850 67 44117415
1773 1018 295599781
1402 1543 352380241
265 1260 19471843
187 1860 521741068
647 1884 305835000
1948 788 802916927
824 262 230122379
697 150 419063549
466 1258 4863121
96 1612 1309477
701 1070 421427145
1701 414 36970601
1527 1930 127848721
142 1349 7773514
1 283 259676477
488 849 47234627
1536 1840 196568221
544 1300 98589421
749 880 4326136
251 244 161536761
325 1330 370005851
1871 1821 297785539
1449 259 118782928
343 765 5611725
95 84 232025553
434 1734 117930997
719 553 104102723
981 1200 41671943
903 1148 56710369
1461 804 158117181
1080 1879 21770251
733 1137 6060127
295 1565 149888101
1806 219 28247133
1356 978 59043934
1690 1143 80036209
630 703 168545181
664 305 243932270
6 1695 27366457
20 1078 414780753
719 1652 5433829
588 234 152225461
444 1763 177833805
68 740 837291521
1610 1411 535683871
1586 973 77948564
1146 210 778855582
450 1108 35874999
225 1201 7428275
1523 828 187722098
1735 611 279179569
617 1596 245417569
683 642 285608861
681 1327 583029185
1853 489 288037617
1552 1922 50063707
403 395 886850423
1549 761 674695716
485 1179 559947961
498 1962 195578661
193 1553 487393654
1527 832 810404649
519 620 805632881
582 89 135346742
350 906 960445016
416 1432 171540721
1917 1218 3194437
1223 724 254745960
1987 331 28428121
818 823 46949288
736 946 29500769
1612 816 113220592
1897 663 57251195
997 882 673611841
760 433 198933151
655 1714 522374801
1882 1718 189133575
1139 1277 290797859
368 835 241754923
298 1488 58241567
846 922 356701666
52 1022 196063501
15 1855 123846937
1316 333 120377776
430 1178 246686279
1425 1113 220466546
1246 1448 216712783
951 1360 90287443
35 1658 267604351
692 1477 144461809
647 773 105474775
540 461 567664415
455 1968 682951403
198 820 31994425
243 201 19520411
1772 1097 452308105
1506 1408 344460425
1919 974 656373880
1595 730 580221157
1088 313 18445593
1517 368 654446693
1400 134 9353719
1895 1533 301883597
1777 1539 256007737
801 964 329823055
315 114 71277331
66 1831 433499851
1304 282 434163617
1143 1217 120299599
560 1590 192174945
1314 1677 527297266
638 1397 227346313
969 1373 460177015
353 1976 402818857
771 900 35569961
652 167 99127486
366 1308 394412593
326 205 111173679
44 352 152445478
379 1255 445615446
1025 243 107963521
857 1209 733730273
1623 88 426830665
1715 1641 2758257
490 760 1300833
466 98 496276432
669 1839 107151171
143 643 17114241
1027 207 98101411
1306 637 318518565
1574 1036 599828952
1431 552 39079444
1251 1950 27750997
1867 30 762507621
1436 1442 85621361
1427 958 542318
1461 617 654899898
766 27 191561761
776 1175 300680225
1390 1387 253953113
193 277 470261495
1307 1705 464147335
1938 1952 403855941
1615 1779 737069445
1856 920 392197851
651 716 787347472
1652 962 159212405
1 506 509204257
1291 166 123980719
1608 1930 80981209
1431 1954 393369697
443 1783 299380753
940 1285 29839851
1034 983 120378922
1364 1108 10973514
1096 447 270644971
331 1065 80288892
555 1689 533014687
211 1823 53141793
1535 1365 735277677
481 903 417665350
1571 517 350746579
1038 118 513411899
90 1151 459538561
759 1445 177541756
1980 1839 452665324
1773 1423 550666369
866 483 51052820
1446 295 32332805
574 877 13963237
75 752 285867921
753 437 191748558
1064 34 159039654
1602 180 38732341
1887 412 94250455
1534 809 109312387
309 1932 177201463
1170 1800 117397216
1843 793 364872652
739 294 103538733
6 890 298275847
1031 847 275019969
1055 236 26442568
1753 657 746019839
1812 1615 508657321
1913 126 730894423
749 585 32216801
825 1821 393503774
8 1250 284371171
1457 921 131100756
1286 599 547778539
92 208 79913569
1132 1400 256185978
937 406 203097811
867 1962 344284451
907 288 357615129
1304 1221 543633994
1193 121 268623059
556 1462 56312090
239 1057 116514385
21 1598 204321286
731 760 20463665
843 1009 15614397
1232 1143 598025044
1324 857 347098537
1207 808 21443401
1577 577 404299851
537 201 509850181
1126 1546 239979005
1670 1790 202966237
1758 1145 388614421
1938 1707 435943156
1773 310 81779673
50 750 214930479
100 719 261096551
148 1283 17376616
1673 1907 457148197
20 1197 769265063
196 1272 261078742
743 404 25138285
1091 1685 260738113
628 354 184678961
1078 1688 25867861
886 1349 305272206
1316 530 249784971
1627 96 75308115
1012 1318 687273527
1256 905 364415561
1685 1646 5080105
1267 1436 10372346
199 310 39831103
152 855 133586771
1984 126 179794565
1461 237 554881293
1032 236 398493461
973 1683 320136587
1005 1112 71299837
344 1685 82872277
191 430 443186251
466 1362 48094789
1109 128 281246624
376 12 642010981
1046 770 245088949
974 921 54369862
161 1564 129005977
1659 965 50593242
214 1387 645580801
1003 606 40772376
1322 992 78243655
812 758 444014059
1655 1151 154719033
1458 676 6425585
1610 1969 41584205
1828 547 103610872
1235 611 206209809
1293 498 555262201
297 197 150158481
635 915 161558790
1891 940 885664781
1747 412 279188917
1472 1088 88732441
1659 1576 455104996
656 1486 249791860
1678 55 53054844
904 1783 115022586
988 330 499961281
290 1648 228917872
1815 232 112770307
1371 1168 684359586
471 1836 646963696
1379 1957 927078109
1927 468 2745153
288 1280 534180613
742 259 1722206
1660 884 743870569
1687 1648 33568945
1970 1786 741843201
1313 54 39022901
1349 992 77711271
928 1570 16734747
1561 1237 345959329
1282 600 361659985
8 1743 77040377
811 814 203383412
366 6 24116691
1281 62 265623385
942 1814 25268431
1152 1064 453177873
107 1 280444056
1416 1423 163024231
383 810 62139253
218 519 333182193
1928 683 38689561
591 1101 147514849
805 1440 290551145
193 367 341974414
45 938 14923841
1071 1136 721295761
1801 765 297766747
1598 1734 5058923
757 162 522437485
1347 587 50253242
324 1909 111716521
1529 1231 32207731
697 136 417558025
1761 1092 35187729
478 1775 84019206
1453 64 277491841
464 1346 626734441
772 1807 142372613
385 1518 323417545
1761 1583 43370101
1189 548 124738369
1652 50 31660101
1206 264 240324176
176 224 567150209
624 1396 181754036
443 690 16768375
1845 818 6827581
1073 1992 138427381
1082 1078 248634933
1729 1411 107163901
1208 449 29916055
47 1404 164588733
1852 31 485279761
1824 1339 368162401
1832 458 116385517
1537 1201 550762346
208 1189 85408966
400 1679 66177497
1213 1570 565375651
1697 364 303369313
429 924 180224956
1195 1731 78049801
1441 1038 63053691
1113 1059 514108489
1902 1833 131301325
425 1069 35147269
1453 659 207253316
1344 1577 9347008
1211 1842 570497635
260 786 20922000
506 949 439329577
112 1589 479894290
1470 524 307947838
148 1670 257862001
896 1466 426069951
1394 619 38990826
718 1274 275067473
1074 1759 135532926
1129 1144 12412423
1663 224 241795432
1718 1795 339922081
1800 209 150248201
1246 1074 81715327
1072 473 943546073
46 268 466075747
47 83 231081053
151 526 9712011
1854 1500 671530516
191 1673 797255671
1502 55 263073799
1710 817 945823537
1954 1068 318826909
1186 127 548432762
1473 597 19014381
380 96 919077737
53 896 118561708
1937 1972 20849977
190 752 200357086
234 288 535795597
1504 1899 498595894
1476 412 27143943
1 1549 8955428
128 1573 970659046
1820 532 91441309
1972 300 556293496
992 1251 243985341
1496 870 98233173
1841 1407 297836043
1914 10 34427501
1398 1061 731747807
1978 1238 585311959
1530 1169 232260026
1583 1754 354238860
1852 1608 4220559
1681 203 17570809
1135 208 569755521
541 1762 162849385
1786 1891 44870827
180 1627 493998305
1448 1439 937617409
27 1990 622751869
1065 1288 27672001
1708 489 483579770
976 1253 150997917
596 603 611518317
1939 1743 2261825
324 299 573840261
958 1686 190236796
832 919 149761
817 699 458992821
3 1414 14441302
1773 438 175975273
1593 190 287126363
986 1426 68554641
435 606 265214089
1028 588 44463601
726 1478 4466509
1946 1352 81182031
188 1690 359394625
1358 301 10858401
1778 1203 35368118
871 1156 217013034
1273 1389 279046997
50 1772 387857177
709 858 352233577
109 168 311323161
1697 1822 155591047
378 1247 208902945
136 1649 107531818
498 92 586089526
1101 1280 529812651
463 1964 883385749
1285 44 266079001
81 1475 58678669
392 1337 231494275
1371 631 55761175
1155 1489 423247711
819 962 297650369
457 1934 36828385
901 836 374233956
1389 1812 19359285
528 1472 174469207
409 20 370218129
759 906 326619805
59 10 238317082
673 208 463910245
1075 800 42491476
1578 702 411880201
534 425 37193113
464 1303 415254022
622 1447 59682379
551 707 651051383
807 757 12240334
1253 1371 12122755
196 814 11622396
1527 207 205103852
664 707 200399911
1562 1217 465867751
173 681 70040785
1875 1304 536206897
1633 1529 101080084
1175 1710 366630720
564 703 139405946
740 1249 187627861
459 203 300690917
1542 1638 47986989
640 115 100393280
514 609 568656024
431 1919 723324798
335 815 14679926
426 219 335244347
24 60 76594779
406 1017 332476345
780 1629 604259764
637 1628 679225341
302 711 130963156
1210 1774 74508501
53 1686 294173570
464 139 576763381
1309 280 183080601
1427 1044 57807251
308 895 131130993
1981 1357 83448955
1261 1570 473659297
106 271 37345601
768 268 9663533
1932 263 767010510
873 188 503922517
1944 1669 84965626
437 547 791515561
295 766 46461933
1000 1785 69833366
295 1770 142960257
1274 841 136053703
1751 1414 168991585
1653 240 61611562
654 67 64566196
1672 338 210012568
1637 806 424501342
1479 901 498520289
1992 726 52896455
713 1860 330345501
649 673 281845313
169 1533 67335951
685 903 966599
1333 963 457231336
333 1453 15151251
1778 797 465102
310 1852 92318206
118 1958 412201297
1786 144 162290613
828 267 70541649
205 937 397494301
164 1919 26749581
680 1709 329034217
1632 1066 132524767
169 115 339476513
1641 870 58122151
129 1257 613991481
392 1121 390314601
885 880 27042214
957 718 76574239
1246 1595 498852997
1595 404 31401181
457 1508 836414069
1785 509 108093241
312 1399 258274521
275 1112 478116153
1598 5 5373217
695 1671 958819629
567 930 213624433
873 914 108333226
334 582 222362416
943 1426 659137311
1541 512 447050429
1174 663 100390994
1489 607 581396565
411 35 23574037
682 1015 697266721
1027 108 809539849
159 610 472103251
1092 814 28568929
1457 797 529102225
1513 375 365291075
1667 471 456242865
1793 473 315650936
1137 1717 2645479
737 140 30673384
1798 1424 394434536
862 1273 346806811
1203 1013 138014941
227 1951 483621517
1519 708 118043661
881 290 11040380
674 1154 199216326
1034 1335 11150266
1385 1111 311497705
469 42 516976219
1429 1409 108320871
1214 40 94239036
396 1151 129916396
1603 661 931950016
1078 1702 569328637
840 360 54757101
1025 1552 433470334
1251 538 770554479
285 1256 10231961
1184 1162 667662409
385 959 22871161
1471 171 95200001
101 298 10141363
1425 820 284062045
790 1650 455664571
1198 48 69681633
1125 851 26972101
1202 1244 311051338
1847 13 347121699
652 348 243273358
998 134 30883579
1182 1734 570800980
559 1798 6561469
1888 501 37279641
339 1049 295921727
988 855 341688967
1878 753 932045241
1667 1823 115324765
1763 1425 148875139
1159 1988 692046709
1877 947 22663981
15 2000 5312791
1520 1427 52305249
614 1970 243358881
1542 642 413743612
620 1869 452561761
354 644 57632177
1683 1878 468268249
97 306 176141237
628 1290 162834643
531 889 880676875
504 1206 96244926
1407 1865 270376705
271 1933 281393001
1772 54 45310329
44 1109 63021925
537 874 304231243
1430 986 308683873
742 290 21679659
505 586 770266465
1544 701 22187593
499 104 158489961
217 1712 95087233
344 1257 728045227
1717 1141 355847341
479 649 264219356
1951 1350 226269791
1746 775 253204681
762 919 68306512
1538 1877 228306583
161 1162 308386042
1808 73 168264206
735 1384 572781596
1413 943 18464194
999 975 739040032
779 1845 48082553
605 1310 301039948
1970 1853 155586432
43 971 502694420
1548 1950 668258746
1118 445 140533957
1297 707 295595366
230 163 72195289
1276 1739 211824079
1353 1691 104225131
1036 1111 735920097
576 1035 165954562
1028 1919 108290935
1897 1116 111519797
11 190 239218218
1188 634 363588942
1261 577 610114489
1558 901 418951053
1560 300 65142241
441 435 347147126
63 421 27512461
841 284 331393441
91 743 334377961
1688 1901 261976033
1877 1888 7761847
971 1574 449375041
1485 244 632009743
1051 1115 102267729
1127 1768 477937097
1990 1558 50590598
1656 663 436476844
283 35 264206251
1853 1072 534070033
1618 1059 68799024
645 1942 202732209
97 970 687695371
274 1983 275466961
1351 338 594561787
1484 117 1756585
262 1061 454305029
109 169 88012333
1025 806 15746347
1990 267 207669697
466 457 106111312
1449 1426 3940105
1670 1047 23770504
1165 1450 51097201
1647 331 215497206
1613 161 166475919
1153 983 1067840
1289 730 673602213
85 1824 436778002
948 1867 112311529
1961 1133 268206381
1716 110 745656913
734 220 375679837
1221 371 174951772
537 1549 30837525
1734 252 63925907
851 1270 838316623
186 15 71907154
441 1069 62114859
969 488 532946921
1789 593 92465341
444 597 57511151
1379 257 344807951
1637 1928 181249475
1396 1859 767021266
469 921 494632525
1598 351 14281597
1411 81 507641089
1810 1105 152712145
76 207 161362881
1685 1579 45866461
1357 1959 359915626
1088 608 37538624
683 1806 32385871
1424 1498 170991036
1884 1328 324814203
1303 437 137991861
635 746 53854176
1896 1314 210963789
1448 721 85486429
335 1093 450404911
1605 73 242758657
1111 1287 163317232
1578 1310 229881063
274 292 60392297
1154 1934 190573486
260 1518 629703328
44 461 859385178
1976 1145 286474036
363 224 576201609
122 1053 289793773
342 210 122213501
1931 1399 42001909
1625 594 42718681
689 504 451614591
1634 371 735084795
1124 389 651341809
740 939 87213385
658 1621 28297268
840 1157 37195052
1292 1510 32005425
1319 1263 582873835
903 376 651249946
129 748 305272333
1627 704 445521098
570 771 178122043
423 1607 42769724
392 1919 71431172
1804 1400 242106649
934 1277 110831755
589 261 14362321
1491 64 843571
837 1763 182689001
643 448 370879555
1089 1882 53386713
669 135 210046053
1186 870 335104665
284 1987 888304969
172 312 2332729
1102 1431 36191708
842 725 727127389
264 1337 294455590
1832 1878 583048259
1232 389 730687101
1895 1975 378061161
770 777 263334401
812 937 187951297
1164 1831 312557929
1697 1312 7820241
929 215 163844205
1331 516 42599026
1225 1138 3152723
1123 564 11339313
912 280 821766137
709 1567 165134593
531 1963 203208481
500 265 281376521
486 1729 565641597
235 1740 671698815
912 1478 88036096
333 740 248584337
1885 1464 387332019
495 962 357182893
1179 89 275396343
777 1818 60376232
1902 1936 87134210
697 1285 145762491
1213 1912 652350547
1423 1936 177313663
451 704 415672204
1073 1067 411681791
1902 953 412449991
1865 1995 35089367
1731 1068 953869102
370 1912 134208757
632 353 130034503
1327 768 465861415
488 553 8037201
85 1922 100171245
1683 869 954452231
1532 1379 66596951
411 460 337441447
1649 637 649068177
792 1353 178108882
486 715 31387097
229 1434 400286015
1905 286 291392829
1553 626 532590872
1353 507 212469475
271 1624 189916291
893 267 338933893
438 103 184022519
540 1209 582874293
1330 1948 287444550
1182 1016 594170151
1969 1355 559779661
569 1242 168254411
1991 714 274704691
733 1866 394727774
202 435 21543009
633 243 704097451
262 1798 690344557
1763 151 162232990
203 1589 85595077
1461 473 592143093
1370 55 500136202
538 1523 718129121
1532 1894 108977950
1413 833 483904461
619 865 819328585
1002 1828 825426919
1415 43 631938203
1811 1808 726115145
1794 314 57822969
1644 1118 201444751
1300 1592 322449560
1031 1483 62076041
1879 437 474581465
1289 902 537338013
1420 67 169688296
1371 950 87940825
1301 632 231447161
427 1554 58061409
1961 816 91219921
840 791 173701279
1875 441 296623675
681 1558 50655235
83 885 221718961
1863 1556 57094957
284 1724 99859800
462 1224 414953806
1092 1031 295207431
1232 544 564158635
327 678 453549153
274 700 269226106
692 666 103584833
814 1377 126059797
1791 1244 256209282
1599 1847 352252009
157 1572 211448056
567 620 81033499
539 1891 94819650
1900 1791 218484533
119 1914 600354926
183 886 498068353
149 256 179282885
884 1096 56310283
204 416 501271681
1173 1619 94874977
1703 697 632923381
127 1784 156820731
356 844 94789266
203 1578 496190241
648 1697 50616137
406 739 394388101
169 1715 120575482
1185 1470 305524632
130 351 104804865
1026 958 544391299
1283 777 177562486
610 1510 422138193
1390 1143 355392421
1453 31 352223087
875 1492 257586811
405 821 21939723
1253 286 97629377
1406 314 151951683
1131 1976 96146401
1571 225 255046273
832 345 32752734
352 484 108889166
1964 1947 6180967
439 879 130718556
88 574 546549277
44 1411 148516257
485 1042 419466681
1832 1828 859582153
1622 1696 428371290
1401 171 356886671
498 1154 333596275
864 1109 119070537
307 390 498673431
1985 1298 306912916
1353 1519 397498971
1799 1143 160410657
1688 227 278406811
94 188 574942437
1590 590 340005835
455 767 756488971
702 1390 251036713
1784 1583 236845159
1023 1590 3403151
1689 321 575021325
381 1147 258462317
504 351 773733961
543 1146 78571551
566 596 216945493
880 1567 4629921
1192 129 269074393
975 79 755268606
918 1003 67105479
639 768 337237246
367 570 466479184
1479 1579 806226077
979 1132 176589805
642 321 758689291
232 1824 41432429
1040 1219 14932282
406 1388 850528913
52 1577 773204311
1227 1480 425512984
404 1596 130836993
215 1472 82611241
1068 1227 457361087
1665 1814 491082859
1868 1882 42662873
576 397 21597577
1029 702 370906069
1059 1503 333710497
1679 3 235919121
602 664 143918
1430 1734 115543145
987 568 24794218
297 347 18676693
1054 1509 405859735
634 680 71298717
881 87 227422876
1552 1016 105813841
132 1083 112266001
584 698 50158453
430 513 704750176
1984 1535 968531749
1270 461 282343441
282 687 431973474
1675 473 983591611
1391 1029 234961795
1069 1362 246906450
1273 1614 95629061
1265 631 639025466
472 1006 90241534
1089 317 463311425
1279 1306 704814936
1162 621 49241765
148 303 71387779
1948 1156 900736705
1059 1386 133291001
429 466 25426411
1659 1262 26105649
1415 556 936764878
511 1762 88101403
1333 586 321209289
662 1744 154970729
506 1146 490144099
1692 1559 656636401
667 1515 316237228
1327 378 361505299
351 291 41581401
755 687 300636773
1382 1609 56731951
1662 1200 3153656
751 1803 38544325
973 1853 672985681
689 1066 714259033
1613 904 375603985
275 1353 113438449
1139 1816 593106130
1539 561 438432106
693 855 3843659
659 320 267907531
1358 1091 274904820
1175 1734 743147141
541 497 248173806
297 599 532068076
678 1365 52648603
6 1499 15299057
720 1836 936675751
1710 449 164493937
422 274 8822311
1847 855 69506911
951 1452 13906545
266 1908 595861921
1510 1119 292578383
949 271 699640613
298 1911 25522571
119 501 101017841
1327 1810 124218391
1623 791 905046673
1107 242 251317963
766 953 44741816
585 574 35605361
1576 52 343588321
330 721 94621521
1608 1973 420655093
1887 1210 465637936
465 1691 196944749
1624 746 49129571
1885 1661 408965677
1048 329 426806838
297 1202 79653945
1143 850 154361770
1399 1224 12577305
1503 1698 164127151
763 1502 84066382
703 1949 8154234
446 1753 2369389
859 393 145983201
1790 947 282386745
1114 753 371203161
1149 1335 677325601
231 1603 256562888
1950 118 33667447
1968 1778 748212886
779 437 327665192
1866 949 123127057
1473 460 451374283
43 1527 714877922
1089 1177 140678715
942 1893 726032926
1425 299 202597585
1859 1266 1346749
1946 712 172133473
1500 1286 309774786
728 248 528611901
546 1675 193546900
1885 1879 194397731
1934 479 369057682
1326 758 27085444
704 1621 175451537
980 139 217073673
619 1636 304378894
1212 1532 687504869
1430 1110 37989076
1703 360 132363421
317 378 156056382
827 767 350054051
718 1458 495797146
1952 997 343309319
1661 1334 210733441
84 867 92855239
784 1615 429655388
216 565 453306457
1860 1549 91899501
769 621 356086069
934 34 247432645
136 1359 53861446
187 660 296685247
170 1523 621381833
121 1919 9177077
1832 694 17858553
1915 1521 207863041
568 873 782048674
1808 476 343714535
306 1088 759960265
109 1767 386847361
404 1332 271973311
1303 1086 227907331
463 738 386443471
1721 1837 221964562
72 1866 121113881
612 89 318706057
1511 1537 52925731
1226 1447 24294106
1851 1151 68703652
546 1891 85898561
757 946 30296365
1640 74 42656032
1400 1433 636488815
42 816 101175751
1231 1850 110440993
460 1899 488901175
1383 860 348900817
724 982 123110482
561 125 161959511
1150 288 366866935
1874 734 156175891
842 778 247182951
754 962 416124585
1081 732 674308981
608 1058 168107001
1523 881 236015209
1532 1804 23722721
1316 870 215425711
1388 416 203181496
1179 431 486433925
1800 1297 220242
1482 194 514530721
1870 442 351181620
57 281 139895393
1294 1303 406220407
1858 693 750197940
735 1383 137389435
1574 1942 584384445
1128 1073 220153961
1943 1172 72020386
1480 1964 355704179
1484 1289 136776673
207 501 827087269
848 196 112462351
515 1868 31920991
899 1351 2182093
700 295 61225327
327 730 57120427
23 1294 62641676
1157 647 219594569
599 766 329237985
710 1996 16372966
1295 1591 8911
1914 572 298161996
282 462 785235151
388 1805 135064721
819 203 35061937
1243 971 1008896
605 1723 274118276
523 884 8082067
1149 527 782910789
1730 458 150145297
1306 860 700573654
1764 741 5030676
692 1945 176360701
1800 1822 64439521
794 324 376285591
184 757 177083845
115 1213 42053554
581 508 12686143
246 1033 29921410
144 521 8481505
1666 801 590534173
1234 1864 45958669
1239 1008 12145856
1013 1686 174507153
1738 440 397231177
1049 88 149018409
1541 1086 336754153
1408 306 340168681
36 74 36010851
1074 1936 454043173
1513 472 312431131
1914 385 8352521
1834 25 281209681
1143 1974 97640401
1902 611 265005811
252 1591 306852481
1603 92 558758641
1504 1519 2777828
699 739 22035913
1375 971 329206304
650 1576 997465071
919 1119 198135106
10 1759 774352601
27 353 219580961
903 209 257019058
756 1500 121502833
612 554 121180329
843 1438 584512501
244 188 415932582
1088 347 107842961
49 1403 91710487
439 1672 806406238
1672 799 95269413
485 1408 196272201
267 453 171155230
279 722 591470632
1102 1518 95314999
716 353 267313201
171 974 195089060
774 1267 80541508
1454 30 117536165
701 1410 27703731
1721 763 197821161
1835 862 158068722
753 709 829963191
1985 314 134075446
799 929 367232140
1745 266 429019345
993 1559 22268793
1762 1083 458149429
1766 68 488093859
1247 75 463744455
693 698 89031843
968 205 420078945
327 747 304612219
1648 1974 403939654
536 833 106858087
1917 643 191944642
1162 1210 24815141
139 449 17807041
1922 212 378317837
89 1251 163430216
185 1397 855821126
666 799 18714531
1068 1094 536638649
1766 481 27082918
940 354 604852249
486 1015 290179870
1407 1468 182515257
1356 1475 522362833
238 1942 175640986
1801 1324 318188787
1077 1067 379964441
260 862 728195641
870 1623 502423531
618 1141 720725611
390 473 302940649
200 614 636459001
1854 632 422318517
243 774 12218545
1787 506 807086395
1777 689 445451717
686 462 136883449
749 1140 4096645
77 1028 13587043
1639 1043 512416981
1440 1808 175001144
1233 1013 648455831
1157 1723 97558531
1507 1811 490979666
397 578 554950785
216 1964 25921255
1181 885 17202433
1807 1780 15009697
1838 1304 126985201
1435 80 461008626
653 1286 2991288
1763 411 201523801
1211 1929 171522121
1475 1204 196962343
686 1427 259780401
729 478 146771217
158 1976 331486009
1096 1887 612418261
1705 18 57846943
745 1618 601451974
144 1035 678006577
1333 1861 251783071
1239 1223 178034539
1244 203 366295681
1017 472 289618993
1586 523 1617331
786 1303 321660501
1773 431 626746394
643 674 530767793
952 343 212488018
66 1400 256639321
386 1427 77678096
999 462 63056291
1391 412 1784801
800 1246 247592672
1750 27 792199534
1197 1107 208359985
914 160 141648121
1589 1343 556620552
1233 1261 114334201
1424 341 31626853
120 457 485725409
1690 511 186893285
237 222 146274391
726 696 149289451
620 1771 840191920
969 995 236311993
291 690 99688065
1883 595 189773367
501 667 239790023
1370 1553 37714509
1146 703 60639776
1958 521 26814327
590 1502 1906993
1638 1789 154019809
878 1642 460761601
1937 1969 69101297
382 457 857069671
1254 1549 635583574
1973 103 552300893
821 686 557944976
1999 1858 52621165
995 948 940436490
203 1916 664473538
1418 1926 250477019
1194 1116 169387835
1495 234 729435757
406 1389 537258177
747 1854 46354855
841 1214 551763981
1178 1954 783149549
1361 720 43596223
1358 26 31867408
563 876 333944814
981 1137 560573137
1413 10 259875713
1903 1409 459719365
530 1355 159150805
593 1308 892828041
1034 672 23961376
1061 551 112705170
623 1840 79093041
872 1737 85785376
153 982 226087885
730 64 137026137
531 1472 804651849
849 76 65774321
1788 1489 56508997
1799 338 104233585
1239 1520 266903835
759 379 192760481
1371 264 689485353
868 19 136866423
1732 630 170629333
1362 810 83166265
1312 1838 36941017
1883 1718 62112641
787 1301 85293989
43 1359 116468257
163 456 21298465
1461 497 22126931
605 68 474930964
1980 317 105502591
1646 252 39978945
58 1577 149539147
602 1511 336218907
93 764 69284002
1513 799 1304731
1924 1283 52617061
277 1667 839712315
54 734 557466067
1182 214 426085025
1340 1059 13993748
838 1581 484057
243 1242 526736413
293 709 681246865
875 1648 146397263
1461 1947 213670665
442 453 51394751
1735 1538 314329026
249 333 181308104
1997 1120 264912859
101 163 61384490
1422 705 39477529
1200 1889 372348509
1989 835 11075769
734 585 467401521
706 216 289488001
41 1823 243343339
8 1144 600286823
13 1452 22614145
781 252 96634321
524 93 147330979
813 1668 318265201
795 338 519794696
312 417 7739202
1939 512 97071063
383 1772 80612821
289 1296 453190908
1530 1917 720303065
439 605 2954071
5 885 237380711
153 409 124789421
494 645 2673116
672 1641 250422775
217 68 224086977
282 1669 85675869
253 1213 97404517
1576 793 358048657
1525 639 342558829
1679 518 206022202
1711 1115 117598829
472 705 26475079
800 1737 160111729
544 35 9571369
1886 1524 400362733
1001 1816 220326360
148 1417 372078541
1911 1408 176871837
1842 1148 151065667
1075 1761 232771829
1466 1587 661869224
1899 419 535197871
1716 105 248398283
1584 1091 143797096
1307 1420 393512406
1655 1616 136626697
1118 239 474856909
1417 1585 230252751
976 137 129810097
1139 333 70314336
1689 692 24448306
630 1825 31481605
322 1183 897332154
456 1166 72567661
1660 1757 27208081
705 280 445021870
906 1012 752169231
1791 616 418218631
1795 1822 124839197
1715 1483 418259427
561 955 301660633
130 1409 32167555
404 14 108502761
885 206 60315571
720 11 9664101
425 1597 46312827
219 1743 138898114
1919 1784 338992801
48 552 947943697
925 1649 158911491
478 1657 292513661
1403 1981 41588191
1769 807 502540663
39 1091 286680393
728 1343 88425049
1057 1777 58376641
1462 269 247665700
128 519 166662091
290 1046 22135457
1676 778 18472361
991 1248 390027961
1906 1011 324276606
1444 1380 140315989
147 1229 265150342
300 1507 217304457
996 907 145976953
1671 878 246454287
1855 1727 178505153
1976 1821 93340456
801 756 383092451
1141 1561 374718121
1243 1701 147015727
410 1073 47374657
1057 724 53005751
343 793 338731
1902 820 107299623
1133 886 332205309
238 1215 311748725
180 692 8279041
1906 545 160438741
1064 1184 5553535
1807 1675 202764829
72 1070 32001733
1439 769 138563708
758 1748 580366197
1695 1372 312406225
41 989 429624399
1360 1368 505378385
1118 1928 8857815
1478 183 366132118
1283 630 105848735
364 77 209834821
1802 815 136722403
157 1698 393453785
1324 845 576900457
172 35 368648011
548 800 724272145
574 1 330031651
287 1800 482414827
1307 736 42364915
35 1438 354778497
112 153 116159473
517 1756 708950989
576 969 84980611
1217 1472 722717687
798 1136 347787611
214 781 121182045
1940 67 104099590
1111 1306 128665405
1552 795 650343593
459 161 27968143
1842 851 990332890
1038 721 338799122
127 1853 225289351
1614 1949 231410751
833 110 221509201
1807 587 13995057
1669 1629 325857715
1111 373 107573061
443 617 145490302
1651 1035 556713451
1273 976 500177338
1856 1087 31786055
1896 232 263829331
19 1016 231429121
1926 1994 97771789
786 111 62304833
1123 1762 40519892
1208 469 615736269
452 48 20179198
196 1084 355663435
1475 1290 91738723
458 41 83109931
524 712 3227204
913 968 44827392
129 1270 1838782
52 792 931466881
1848 710 2339377
1778 1771 107562290
1416 1163 159065632
798 1447 134700007
399 1167 61271904
1583 1480 4598980
911 1918 481300981
1345 875 199196353
1916 553 509227867
1330 853 40604113
304 756 88074645
1525 1498 384738825
759 1464 515435851
931 54 233559309
1187 274 1144748
133 535 813212893
1545 498 529827883
1467 1441 11064601
226 765 146274263
712 25 14039761
1244 1035 598521041
52 1739 7868301
1414 1625 136202425
1353 1460 290152225
199 952 3561173
1158 56 156969121
8 141 668239339
1855 1805 69370401
1301 799 183736851
555 1758 285822734
1552 588 898448479
1525 1977 173138349
542 1348 59117648
1259 321 175527451
744 860 54768481
34 253 797997435
347 1469 142756048
240 1207 65983376
1529 34 451947228
1056 1823 254561601
1206 1678 7900721
210 1573 31931065
1963 691 239136799
984 1426 929462089
998 780 782334186
1259 592 296639641
776 324 164557117
1940 141 770384089
1094 653 408340769
1107 1020 1076407
233 890 242649265
1259 788 151015009
1678 1957 730885087
1347 1055 379771489
1463 1914 229734401
1591 716 688229875
615 313 521884378
1397 1741 152024269
90 1272 375647937
1297 442 569437961
779 783 555917993
1666 1916 247008001
28 443 103306906
1010 1971 59332261
146 1420 1848841
881 993 156585745
341 1910 597263206
1427 1900 154955319
660 835 218953804
190 1136 59963531
112 415 77383965
781 1739 181934883
796 59 337505311
479 1439 5938498
1764 668 355229170
329 1315 675328109
1187 409 294049757
784 1779 237922861
1627 288 407220881
1680 1259 177742897
1952 1041 25920616
1767 1616 211283931
1101 129 150791159
266 1479 140838779
1262 360 281184835
431 620 907663950
452 1843 34034155
1298 1644 82519409
965 500 19140221
1137 235 10608795
137 205 126449395
928 127 11468310
1454 1801 518370597
1237 771 32653252
1973 819 485583751
348 950 298953180
1458 1292 313623941
869 1113 355927601
1392 1065 182332201
1585 564 81252375
139 867 100264727
889 1826 26470913
1844 1814 326630113
662 1568 225982296
1488 66 855309041
1130 1010 693527176
1353 669 352272279
630 574 180597718
124 255 32335081
1266 942 111755905
154 148 6444038
1960 835 714866609
919 30 468918861
1673 557 399669067
1246 1696 126010857
343 1044 227305417
27 612 2952593
761 1458 221083877
31 1398 96897569
314 1958 123314225
815 1879 805580062
1370 562 73751381
1333 923 383417905
587 270 585713479
1662 683 202220227
1494 884 744744933
570 467 196153062
148 1090 257623851
512 565 406937161
981 1707 3279181
311 1077 779576673
348 1189 60597461
1582 699 321881455
96 1836 317819682
373 1749 267908453
1773 718 1106911
1313 1602 434512014
1617 1309 90538031
1916 215 168557647
32 913 386732708
611 1917 165645252
161 1875 176072401
774 1889 405924344
622 275 625236093
27 1523 590757725
280 1635 531947989
1084 1880 427881469
1328 1657 151853505
1540 1849 21313062
1327 1665 26604055
614 866 117241895
479 1832 493549885
198 1587 692899153
1552 51 403169
558 1409 643577733
116 582 457158493
667 1334 211094845
659 45 20137321
701 1373 280588267
1016 1334 101864620
874 1144 93315289
1906 101 389829166
747 1162 192402397
1092 1951 353667561
1022 701 374870641
1269 496 5689799
115 669 309612115
721 901 354465163
1839 1034 119644036
1702 434 193565527
1100 522 187328128
1607 1741 352710396
1910 1765 356512623
461 1137 367852013
1903 264 81276097
273 60 91262953
844 354 439571420
1347 178 258748869
1798 1130 10236961
599 1496 36076041
1067 439 206773036
1122 265 15090193
1387 1462 459967702
1937 1444 9443591
1915 1992 217057331
1443 1260 95186701
996 1185 99935249
122 471 57910031
1269 122 448235721
1726 815 441231907
317 288 369747586
793 628 110699331
578 627 340924145
172 88 120691311
1885 840 564230899
1657 1794 84368521
27 471 361621771
1399 828 305231081
254 862 543946927
881 293 205844838
1562 1196 366025441
71 944 158029961
88 1110 641693527
1964 2 162556815
822 1702 513965845
1158 56 241616491
725 791 9347257
289 831 74302114
634 1658 223017961
1100 1210 566307921
1038 1732 37360126
1226 1503 207058996
1407 1518 21397377
835 1354 402698531
1996 1940 258445177
1761 969 181980097
1996 1462 752480351
499 750 767608741
1831 1466 84419411
749 1648 21665701
267 1416 11611237
917 1755 170346681
1065 1964 740358235
1624 379 50450401
1654 152 223243593
467 1765 54373996
139 863 23363705
651 894 4776361
1861 1915 141569533
1478 162 400929457
1206 312 84766546
95 1838 133108723
817 759 608716081
1254 1862 4135897
66 732 232620997
477 1873 450497685
916 560 15861301
476 424 18672004
1657 687 182533686
510 298 19930492
197 1803 168205311
994 826 286949675
1219 1672 252751311
1355 624 78256849
127 1918 164435121
992 724 32478833
1626 282 205298131
557 118 106251970
10 1133 39418147
480 313 249174693
1479 1772 100605079
300 1523 100058301
1695 814 563945601
458 1423 616492461
131 1153 348359726
1811 1531 145669030
1672 85 160478493
552 154 308874255
1926 447 52182937
682 195 30240251
1324 631 221644791
962 1824 282502599
1387 1771 683311714
202 944 57824957
1638 554 793544830
705 1286 144104857
1912 602 11265633
987 1064 682671175
1454 242 113225353
639 800 553317157
345 705 164206988
776 638 61495903
1101 1157 138398602
1556 820 161678477
1525 164 146970082
824 265 220891036
493 1543 455118022
1050 167 5195482
694 778 180956271
1702 301 21999751
453 1837 26649416
74 1277 284824405
1589 854 295673041
921 1807 496096409
352 221 88483159
107 1148 869409723
1930 1071 219689863
268 1028 761133787
1894 795 136236563
1881 1817 656450161
1663 1880 192583714
358 1105 613169701
1985 1757 126027217
74 840 20970634
445 455 147291
1345 556 318517657
56 1719 79699915
650 239 302512729
812 241 6000369
102 984 432164121
1238 350 56341288
1871 1746 275791256
1206 1595 904366861
1231 28 255008165
610 856 399756582
1476 1751 57469910
1604 1498 860350261
243 1372 158636977
1303 1993 302193585
1234 1011 10481721
382 1874 217128101
1036 460 26033041
1662 1479 360565751
1809 1434 122402463
575 1930 65112219
451 1908 414610067
1038 5 33430537
554 722 312200496
110 1238 151203466
1297 1046 88549173
1890 1883 194850534
1447 80 20127414
1764 1610 44464644
287 1336 538665796
338 891 285338695
576 536 170264277
332 652 23180673
598 1616 564448821
871 621 678398383
79 48 110645991
1949 401 195831357
1199 1809 125393531
1834 1251 418690801
1164 1821 409771161
192 1342 226776841
947 642 43721029
1524 1268 12276541
513 1411 15189916
1408 1656 243543719
1450 887 299455212
1359 404 913006648
1302 1816 56110561
1572 1092 356013508
1935 773 352870401
1667 425 341318416
373 113 204394147
390 519 677948221
730 769 186825614
1785 999 364574353
326 1938 230070674
622 405 710394805
275 1761 458801701
922 1251 206404993
242 737 11732001
1415 1925 473900788
1077 296 145519610
720 1171 222083251
691 706 296122541
695 1578 290284301
1335 301 18208945
883 1627 10194861
1985 43 555347014
970 298 362286269
1348 484 712057438
1739 81 142069033
1510 1585 214639036
184 1467 235197902
531 193 429388550
1876 1993 862346761
123 1896 229450039
1817 624 17901148
1823 988 167709209
692 1912 51789706
711 1142 413689537
1446 415 3093805
1471 183 447313216
501 1044 35647008
1526 1104 3693691
1914 1372 349037896
1901 568 531392304
1393 1873 5140213
110 122 103969009
348 1790 8125462
579 117 6071113
560 501 313477165
1722 1114 19065625
262 809 467581330
1800 1697 170716657
1163 964 424961257
643 677 59966608
1952 753 404217661
1398 787 31709451
123 1875 736774087
1825 1247 168357777
1061 1453 419507776
1926 719 22761971
1290 440 148959850
365 1598 158831251
1132 1952 8657832
1361 90 120655585
2000 935 116440192
1297 230 18614131
14 1152 111822181
1968 1849 402601348
101 1349 493553065
1686 781 461688189
1190 1362 710353585
1020 865 1656481
965 1704 19777616
1491 968 433632844
1099 1707 89931910
1038 248 30743996
1894 1460 42002451
900 603 11753729
471 1680 598725981
1279 1057 77427489
834 767 419561199
1647 236 175280001
1490 246 518612641
1368 947 934816401
931 1405 198127229
656 1008 407453892
1286 1393 392013949
1394 18 5005126
1393 1731 827966881
589 219 332784397
1868 616 219204721
773 1155 269917501
517 231 212489866
721 1651 32497963
685 1550 546316513
1276 43 222307837
393 926 271824833
261 1741 177529997
1185 1994 113566195
959 416 46149465
388 1851 110543235
1217 61 776942713
450 1151 111575191
1190 997 21501878
1857 773 316468732
494 1033 85462939
825 1043 92530189
748 1985 709071697
88 1665 390341953
1686 1638 664056500
174 523 461611826
984 1991 143829583
546 418 387615151
1474 200 578678137
748 220 751822153
85 1758 548602624
360 1328 501696001
1721 1493 80212793
345 1018 7661380
698 938 345551441
724 797 37672156
503 289 237152896
577 1004 313254261
498 736 90289361
1454 1056 617456939
802 1074 134102658
1259 1478 688056769
884 694 83802753
1855 1869 287879527
6 221 391360401
209 1132 45081349
938 863 97306276
352 554 774501575
297 774 23493526
412 1300 238958201
1822 290 124366452
1210 1387 4698888
758 323 64317268
1044 132 307762013
407 722 4561201
775 86 506838205
694 89 11486111
1107 607 390910565
1839 1862 135768373
1727 1823 338478180
193 796 121076165
1218 1019 183425467
95 1538 460912674
714 635 278779981
1296 1458 164420933
1545 1613 327160306
384 955 445609903
916 976 277457230
557 16 54392302
835 137 227306521
475 407 844586065
899 1282 169568257
1601 426 549840799
1270 22 752529038
793 521 827093473
1954 134 12869776
755 998 70900306
1038 88 420004729
1747 136 29181681
488 1826 339498631
1151 1480 483633249
1490 1027 355778641
290 151 28305733
1824 1146 450635109
43 167 8560441
172 189 348712174
1854 637 98240689
1987 1092 692383953
146 981 31579518
1685 1916 260297246
146 846 252672901
1944 580 133970946
29 586 96098968
1317 1859 18868067
470 463 333240985
1562 1696 423708019
1908 1929 84446802
838 696 207114034
1827 1013 798540559
768 1099 183920899
977 1192 998533529
593 768 18251286
545 1110 383318818
885 45 767983472
1340 1499 196582654
1903 399 45745036
1611 165 644093638
722 1320 197101945
734 632 475349347
1320 76 314852833
1224 409 733796716
1902 1267 54691517
1 1507 600986151
1334 619 275659441
435 1526 464326311
1732 419 640101171
1037 1891 75025028
1089 736 155507947
1699 1905 126598919
524 1819 4668973
1036 875 867712636
1092 433 126220541
51 655 18432631
463 1363 61239101
1974 128 369742276
1462 260 712147469
586 245 371454661
166 877 129211907
245 1000 395139785
1104 1484 37209241
1634 57 245628136
314 1072 122691619
753 1144 110544385
1501 111 317718185
84 254 263013991
213 944 360945225
244 1621 538006019
804 130 41877757
1946 107 75133147
191 563 243592455
1702 915 420121843
239 1849 155937739
747 627 36985729
1089 13 187415233
1072 1880 210844353
1126 1291 246218077
865 589 929778076
1732 1108 79175341
1500 520 85283969
515 524 11758112
549 1470 23970601
417 1868 462999501
1587 1097 643482173
975 1680 266123002
1392 697 111577261
82 234 15567369
252 1216 33087551
67 1438 28972241
1051 1060 175810756
1327 548 13143651
1299 465 551000977
1527 729 212331457
1647 261 573818051
353 494 30445
1342 1666 580358116
1205 1687 480760319
1397 783 392262625
449 1117 292843761
73 583 830491663
1158 429 280652577
1638 985 310867723
1161 999 384734894
346 407 87217617
210 928 130817233
922 199 629505244
1616 1200 20836906
1357 693 91745947
1284 1797 827780024
188 286 483028118
625 814 381847961
1656 1382 325005276
562 768 484769706
1012 275 129528365
1236 373 118947837
790 1440 79310107
1288 872 662144821
778 1916 31136941
1603 1098 640362161
1088 1176 53055981
1549 145 380814974
1705 1084 64007282
613 1075 17591482
62 882 589793777
523 1183 31309257
1240 1802 175660869
917 500 85901269
505 1317 113626297
1659 248 276147424
1394 1642 109272974
91 1699 62039537
1515 947 682827107
1381 817 72997430
1294 512 245122307
432 1460 175380026
428 1668 197282593
883 527 47403177
1591 835 50361221
285 1660 73630624
1846 1739 4180681
222 887 422294751
1012 792 508697717
444 1905 735376321
497 269 19989753
1951 990 461192361
927 1730 78162652
244 471 268173093
103 1233 433302559
910 761 788725702
50 487 351599471
1056 324 683081581
704 569 242656210
1093 1901 13447501
1924 493 693804393
1288 828 857448895
757 813 206735705
508 1598 121654177
255 1624 509642642
1574 1460 69723341
928 656 528420011
1277 1010 24990681
1148 1005 755014177
1473 1522 200507931
330 1272 555796153
1889 47 234559081
292 865 8572532
36 1850 687094979
1403 1258 620961529
1441 168 267266245
128 713 409566164
359 65 263447317
1228 810 76294946
1126 1315 65197414
1177 282 412036052
755 1517 133916899
1479 509 208080035
328 1941 68344277
1672 778 11474623
241 1763 103858903
1284 1498 517351251
1024 867 672250621
1350 588 19206704
11 278 456443668
861 1956 570386251
345 1921 19226284
780 999 496972545
152 941 388390654
1610 817 340463866
666 1958 656985231
67 1903 765911917
1587 1741 169709381
1141 245 892365387
1709 262 880999516
35 1049 723975691
1861 490 37884956
1974 886 56229041
1099 1333 245593993
1703 218 118091674
5 1769 102432617
1030 504 342334509
1068 1833 613053121
1607 7 82903501
1405 479 546508025
31 2 844423245
1642 296 63713869
59 1702 870684401
55 1250 524397217
1594 663 57879109
110 837 360791507
1086 362 169482034
27 615 293662609
1791 332 222039961
48 406 7002722
1751 1930 6591776
1730 1330 149237663
1015 1127 208442889
490 1727 461801686
417 10 65430608
6 1784 245095651
844 685 81343153
645 1015 364362584
1747 1583 352851945
1758 1710 257282091
598 1411 504377117
1370 450 751898541
1128 1950 316924640
53 202 37818425
207 1581 159208780
1425 196 750340765
1671 1517 226000249
675 353 139747401
767 432 304578821
644 276 177698619
170 895 53173524
1457 1574 434677777
1712 339 211073577
188 117 309669281
267 1995 360669049
680 241 739981546
1066 521 53468205
945 1965 20155648
545 660 351651343
402 164 487477297
614 759 129806785
1165 897 41931301
1862 1921 24008840
1015 614 138758679
158 644 256753553
1177 1302 47325223
675 1702 502534186
880 1723 177975095
219 515 306341251
861 753 26295571
673 72 367757193
1654 505 14632112
293 1177 158466921
1443 1863 192039277
569 1420 58359547
1618 1796 157795351
485 1148 663706057
52 621 232524251
36 936 222128816
542 1970 1249729
373 369 194445373
121 1479 37103837
891 1087 682761
546 950 227239681
1261 1149 668636905
1946 1228 687474637
1639 568 215487121
1895 856 68725489
1655 644 248057110
1553 1775 2507921
1120 1847 290072721
1398 10 584380865
1979 876 50905020
23 326 28783347
289 1505 365274361
664 1731 171388747
1747 1833 1908897
1588 1398 31454965
1394 1787 68724001
1575 360 143286355
423 1329 127648676
498 692 543627379
684 1850 32474353
539 1725 41621077
1680 873 14704846
346 1717 350071877
199 1636 39574074
1053 1639 44792386
1800 917 566611
628 126 3885943
638 1420 690880513
1174 987 18648541
536 875 78534832
379 964 15793370
1144 1993 1795291
239 975 158717416
903 224 32450653
565 683 111831571
16 1135 591079282
1266 1464 12893726
49 360 76737331
46 554 13020121
957 867 467691841
1047 58 34342115
109 1705 302366
1037 1444 255593053
410 858 363471277
1479 1050 271768249
308 488 140114431
140 1999 23327773
718 441 40716677
891 1597 159401817
1983 1689 123528256
1972 816 38205247
1923 1557 345281201
1212 505 158956081
521 290 13930940
493 1532 203652199
626 4 3901001
692 99 682380882
1144 215 205640839
1570 1928 55044515
85 378 271883353
603 542 4786836
1015 510 96076801
137 1945 559815355
1539 555 183586761
570 17 163509438
863 892 15104401
1230 164 455284231
1542 1102 519579201
826 433 63476365
8 1461 229477370
376 285 218300809
1127 1895 818125
917 1906 53992093
763 575 327013825
1393 1003 506160229
1295 924 107827098
1490 473 200988661
530 1167 514233876
1250 1857 131195368
951 1840 375948132
1628 1804 208121232
1589 921 578659726
1699 1878 378424425
696 906 315800875
1707 447 486468906
270 1523 119582101
1534 1293 199120637
459 237 13995481
1801 1543 247277969
1973 1298 579715489
60 780 296528527
1753 288 184574875
1629 1466 46252889
36 1066 91071051
1509 1944 171669838
1914 951 117299521
1570 444 9329701
131 1713 93393406
355 725 596882004
57 183 322213399
608 899 405624265
988 508 38055934
191 186 158387201
1006 1877 86604667
1040 1923 548101
1399 47 434545307
738 987 5873973
321 1879 269052751
731 834 703185687
1405 431 43682276
1332 1724 41718017
237 160 198271114
1050 579 26381620
1000 1587 112921597
1327 1860 169738768
1146 1303 676512954
359 1454 33430436
688 1598 684107623
1420 982 64021153
1536 511 380947005
1178 341 107406849
1279 1030 481841863
1747 1432 8972393
249 1791 174439513
1052 431 35155891
590 1871 49450895
1214 175 106672141
879 123 527436925
38 161 95702727
164 479 89481421
358 816 380594298
169 1785 306403393
1410 462 786366865
749 59 407512886
675 544 398743597
434 988 22878896
1448 477 15472633
239 1911 304058161
256 1380 75351515
97 666 30845646
768 35 98879331
1925 841 648350795
803 352 163266289
416 345 59026881
1958 1060 643437124
440 709 122925433
808 1515 16306443
1880 461 255618881
1664 1125 65276289
464 1074 10433547
1798 120 401756377
466 1771 556710347
392 1628 16855588
1286 435 101553621
1815 637 336279901
647 1832 262418539
904 269 146529794
132 717 93633811
132 928 589348981
1808 249 257931781
1544 1998 484934201
1491 1750 413813511
1653 724 635028529
1718 83 50304241
801 258 186561169
746 675 368232698
244 1343 623063501
786 172 73476481
940 705 128832619
1045 1496 82942073
362 1701 31839261
1229 1463 280046101
867 909 2026061
1546 1723 19601
848 1725 865278433
864 1339 29445741
1918 845 55261659
133 385 833270745
1022 1595 242342017
1972 1788 906034713
422 1830 943340065
124 1278 269746409
1854 691 83564871
626 1423 576970561
1940 1772 146401723
1754 840 177128803
1448 1148 206968725
322 1353 261565921
1217 116 612522534
1656 932 228445126
1447 1417 137010152
543 1503 724646261
583 1092 349315291
798 86 624668605
658 1664 441425195
1312 791 112752237
1277 656 125237185
1973 916 6755354
1315 566 188814637
1904 836 30795829
1086 973 663419169
1271 595 71317954
1474 1936 66032821
1559 445 26499991
1362 129 249705886
29 103 462679414
1113 595 421204789
653 550 302082067
195 1840 32270501
302 1174 56318851
1921 84 450171732
796 228 65305351
200 704 496114165
358 4 560816039
1234 1448 3740626
1854 412 780969068
156 372 304917461
1371 39 25330925
1527 179 538347833
1882 531 470876752
1559 340 111967773
153 308 209090872
1575 1163 62481387
922 1599 321268865
1490 579 415253899
1078 815 364648579
555 390 685214911
328 83 387161899
1175 790 9793873
1421 1342 748775481
302 967 45538897
395 694 66238929
381 1650 314453172
1911 534 167597527
7 836 604996147
1693 556 100311601
751 525 489075841
1596 1307 140581561
15 946 607923724
1159 922 8852855
1589 1643 221641981
1941 99 331786861
1153 1734 85957209
194 725 173117456
1032 114 355800481
924 579 481324585
356 373 80837167
759 914 754241984
1074 1334 71649141
1130 591 256961791
1234 1251 322226287
1935 311 39713038
1962 77 4291281
1078 173 344124881
931 1383 295007963
323 1943 348269281
1531 1291 212465193
1324 961 663317217
994 1652 346726593
604 137 74764273
1757 1493 423671821
546 1745 379143311
1622 1297 122020427
867 1921 280533071
1161 1105 350299081
1187 1106 368364635
376 1153 128519731
240 1972 592470341
601 1235 306649095
1704 1129 629714225
739 1530 380437969
990 167 172671259
900 1392 136230445
1273 490 645232557
1902 1297 262542221
309 1455 149113411
949 1662 233236783
48 26 301383313
403 987 386040846
1949 642 147857701
724 257 164797861
789 1056 320993383
1754 1117 27093851
321 99 160865515
458 927 87847243
193 1551 587397713
701 827 207788215
1352 1481 555393749
1505 1900 121573838
990 620 375060106
389 1436 371452201
1981 1896 7675201
1824 669 343851249
340 1454 60194083
1691 307 92588033
1159 693 422867866
690 472 271465090
1325 872 558816517
1767 871 432323611
1809 1637 342272701
943 625 267871957
113 1663 344068726
1699 1099 507907401
1986 925 252497215
928 686 669017301
1290 905 5288151
1816 757 669351166
1444 1826 427986451
751 1250 201712631
1952 443 43522466
1790 506 69933151
1265 1002 698313389
1139 277 181643800
1037 762 49536516
735 991 899681311
416 1609 61423776
615 1258 930979441
953 538 27221747
1764 1017 539394069
1851 387 338129105
211 1238 302771140
1837 816 592542865
1926 1261 797620825
603 767 605634841
177 686 569667817
1028 1027 416135683
925 1215 280166396
1417 1185 142284601
1768 1352 40454041
1316 390 278700959
1827 1974 8646517
1006 1727 847553
1347 1832 28779301
279 1167 100334001
1312 405 243368605
1523 140 74071009
1705 660 301692946
216 674 457627483
79 866 472679033
1745 319 529147078
470 1712 998938441
862 1621 15949409
935 1682 9231001
849 939 20976697
1888 994 665607835
1634 1500 582415273
594 394 35254491
60 1015 201427681
1697 205 848772831
349 926 316881225
72 1935 463339093
426 1607 45402881
1683 441 35140321
90 1645 225997761
19 342 578695453
310 464 549351713
1614 1912 6551601
367 257 75824081
508 1540 750021845
712 343 585197169
1195 113 8607013
1383 221 27506298
972 1981 58089887
440 1186 4549811
1075 1689 388930576
1963 503 632577925
1227 1432 282530414
673 1524 120018621
32 1684 594608865
275 51 620695580
1107 376 79966316
1051 340 236565851
1673 1719 169114149
536 119 224180581
252 36 50761372
1006 629 191947249
1769 775 479089382
804 1832 513806384
513 79 142685101
1860 494 169552945
504 906 37670968
607 507 46045931
41 1567 96431775
455 1315 168639329
1488 1877 2991703
1203 132 222269581
1086 969 553558594
942 1162 18540842
1400 715 164692081
1048 472 167429731
856 34 203186013
1652 1110 457414921
1771 660 736225309
520 1693 233325569
385 1646 279803259
1952 1421 204317761
929 98 270104370
619 1928 263218096
1394 932 128561476
1580 485 188897101
1939 124 733070613
1690 1902 53668501
548 1271 202854745
