1000 2000 486
2 1
3 1
4 3
5 1
6 3
7 5
8 7
9 4
10 1
11 1
12 8
13 10
14 3
15 9
16 6
17 6
18 12
19 11
20 6
21 3
22 12
23 12
24 1
25 12
26 1
27 18
28 12
29 24
30 20
31 16
32 4
33 2
34 24
35 6
36 13
37 12
38 6
39 19
40 1
41 19
42 40
43 7
44 24
45 4
46 2
47 45
48 14
49 30
50 19
51 26
52 4
53 52
54 48
55 51
56 37
57 44
58 4
59 14
60 37
61 32
62 14
63 21
64 21
65 59
66 34
67 2
68 44
69 20
70 11
71 67
72 52
73 47
74 47
75 68
76 60
77 12
78 38
79 2
80 12
81 60
82 14
83 48
84 2
85 33
86 49
87 84
88 87
89 5
90 85
91 54
92 30
93 18
94 61
95 38
96 61
97 32
98 1
99 4
100 22
101 4
102 71
103 17
104 70
105 32
106 81
107 58
108 66
109 74
110 71
111 92
112 45
113 26
114 14
115 48
116 104
117 66
118 58
119 53
120 72
121 48
122 81
123 63
124 50
125 26
126 56
127 25
128 85
129 25
130 33
131 40
132 95
133 68
134 2
135 91
136 35
137 54
138 31
139 67
140 11
141 75
142 21
143 67
144 79
145 127
146 65
147 106
148 67
149 143
150 66
151 49
152 37
153 12
154 57
155 139
156 93
157 57
158 51
159 75
160 110
161 76
162 6
163 114
164 135
165 49
166 103
167 152
168 69
169 114
170 96
171 123
172 110
173 114
174 62
175 86
176 6
177 147
178 125
179 129
180 44
181 113
182 141
183 4
184 165
185 1
186 22
187 32
188 86
189 182
190 105
191 146
192 152
193 35
194 109
195 3
196 152
197 78
198 38
199 55
200 59
201 83
202 168
203 26
204 112
205 71
206 144
207 183
208 139
209 110
210 83
211 159
212 80
213 159
214 107
215 78
216 166
217 16
218 139
219 157
220 102
221 210
222 9
223 108
224 166
225 165
226 106
227 39
228 70
229 103
230 5
231 85
232 143
233 185
234 123
235 124
236 2
237 199
238 140
239 62
240 38
241 89
242 201
243 18
244 149
245 126
246 74
247 70
248 74
249 104
250 243
251 236
252 217
253 76
254 49
255 12
256 76
257 91
258 204
259 202
260 38
261 96
262 26
263 32
264 66
265 125
266 151
267 196
268 213
269 129
270 36
271 204
272 203
273 92
274 142
275 197
276 167
277 64
278 141
279 200
280 136
281 137
282 85
283 83
284 148
285 144
286 177
287 261
288 17
289 172
290 148
291 77
292 88
293 102
294 292
295 100
296 81
297 22
298 27
299 285
300 190
301 173
302 199
303 44
304 292
305 301
306 272
307 110
308 293
309 251
310 120
311 184
312 174
313 236
314 252
315 166
316 11
317 2
318 46
319 38
320 125
321 128
322 286
323 206
324 237
325 45
326 268
327 87
328 159
329 100
330 261
331 153
332 308
333 59
334 280
335 170
336 232
337 6
338 127
339 125
340 157
341 199
342 24
343 59
344 338
345 248
346 144
347 286
348 200
349 315
350 248
351 297
352 54
353 64
354 259
355 294
356 254
357 163
358 193
359 266
360 106
361 120
362 277
363 208
364 198
365 92
366 24
367 288
368 281
369 30
370 297
371 39
372 232
373 358
374 78
375 187
376 275
377 213
378 160
379 80
380 77
381 194
382 63
383 22
384 215
385 210
386 127
387 133
388 133
389 138
390 118
391 304
392 368
393 193
394 239
395 141
396 301
397 91
398 389
399 141
400 315
401 14
402 357
403 303
404 213
405 378
406 399
407 163
408 234
409 196
410 256
411 360
412 97
413 55
414 271
415 213
416 298
417 289
418 312
419 417
420 298
421 185
422 302
423 111
424 244
425 351
426 306
427 234
428 381
429 157
430 9
431 313
432 244
433 252
434 168
435 158
436 169
437 115
438 409
439 313
440 226
441 11
442 132
443 204
444 389
445 142
446 18
447 108
448 257
449 146
450 162
451 171
452 27
453 216
454 405
455 181
456 317
457 114
458 225
459 349
460 150
461 37
462 289
463 76
464 442
465 435
466 143
467 134
468 172
469 343
470 60
471 29
472 271
473 285
474 25
475 370
476 416
477 416
478 394
479 292
480 135
481 303
482 270
483 65
484 89
485 256
486 341
487 150
488 64
489 355
490 19
491 478
492 333
493 303
494 219
495 488
496 348
497 40
498 165
499 257
500 314
501 208
502 122
503 90
504 343
505 39
506 447
507 85
508 21
509 293
510 354
511 239
512 78
513 255
514 95
515 252
516 488
517 364
518 407
519 347
520 36
521 177
522 87
523 134
524 507
525 479
526 87
527 226
528 469
529 293
530 127
531 517
532 34
533 45
534 388
535 410
536 495
537 379
538 425
539 35
540 366
541 259
542 43
543 345
544 273
545 202
546 350
547 472
548 114
549 169
550 264
551 309
552 519
553 365
554 210
555 242
556 20
557 26
558 119
559 379
560 64
561 1
562 340
563 178
564 261
565 59
566 190
567 285
568 258
569 344
570 499
571 264
572 400
573 476
574 131
575 16
576 80
577 473
578 112
579 197
580 443
581 349
582 194
583 508
584 412
585 574
586 398
587 178
588 345
589 71
590 361
591 435
592 96
593 548
594 315
595 171
596 547
597 1
598 245
599 86
600 301
601 111
602 559
603 157
604 271
605 443
606 89
607 181
608 427
609 211
610 566
611 474
612 531
613 482
614 538
615 290
616 93
617 556
618 5
619 616
620 321
621 178
622 336
623 526
624 486
625 103
626 261
627 155
628 610
629 615
630 569
631 552
632 110
633 566
634 529
635 495
636 344
637 157
638 392
639 244
640 247
641 224
642 297
643 411
644 510
645 235
646 436
647 429
648 519
649 567
650 128
651 58
652 533
653 184
654 561
655 584
656 400
657 593
658 194
659 299
660 585
661 521
662 344
663 437
664 642
665 551
666 340
667 656
668 12
669 304
670 157
671 315
672 165
673 297
674 224
675 584
676 431
677 49
678 352
679 49
680 472
681 32
682 133
683 569
684 527
685 368
686 235
687 340
688 163
689 58
690 366
691 620
692 137
693 492
694 503
695 369
696 403
697 66
698 399
699 240
700 258
701 306
702 555
703 363
704 343
705 149
706 413
707 14
708 346
709 631
710 365
711 123
712 95
713 230
714 94
715 166
716 317
717 346
718 37
719 506
720 601
721 667
722 271
723 152
724 704
725 43
726 567
727 716
728 75
729 381
730 58
731 380
732 420
733 571
734 574
735 669
736 235
737 652
738 510
739 501
740 473
741 701
742 161
743 44
744 435
745 673
746 578
747 657
748 46
749 306
750 571
751 590
752 706
753 539
754 651
755 531
756 148
757 54
758 349
759 404
760 416
761 538
762 544
763 278
764 127
765 134
766 337
767 319
768 658
769 119
770 666
771 389
772 472
773 92
774 102
775 288
776 290
777 578
778 226
779 238
780 35
781 769
782 593
783 247
784 614
785 338
786 485
787 117
788 42
789 654
790 539
791 418
792 624
793 169
794 480
795 408
796 683
797 603
798 601
799 161
800 141
801 349
802 319
803 367
804 527
805 63
806 498
807 763
808 703
809 40
810 612
811 759
812 268
813 726
814 64
815 761
816 798
817 696
818 661
819 175
820 182
821 782
822 799
823 819
824 310
825 728
826 616
827 742
828 91
829 258
830 623
831 74
832 494
833 518
834 152
835 719
836 824
837 214
838 744
839 168
840 674
841 531
842 616
843 383
844 252
845 254
846 787
847 17
848 741
849 534
850 583
851 104
852 500
853 267
854 64
855 593
856 772
857 753
858 711
859 543
860 422
861 168
862 168
863 678
864 337
865 218
866 501
867 312
868 148
869 293
870 760
871 693
872 849
873 420
874 577
875 536
876 109
877 40
878 835
879 318
880 204
881 275
882 744
883 196
884 529
885 147
886 40
887 774
888 768
889 379
890 28
891 216
892 372
893 104
894 349
895 113
896 629
897 194
898 423
899 660
900 126
901 389
902 392
903 38
904 201
905 562
906 486
907 506
908 814
909 428
910 297
911 247
912 445
913 280
914 884
915 373
916 752
917 792
918 885
919 272
920 144
921 431
922 156
923 869
924 227
925 230
926 868
927 648
928 887
929 37
930 688
931 111
932 514
933 73
934 303
935 66
936 13
937 93
938 901
939 372
940 9
941 918
942 398
943 650
944 7
945 76
946 839
947 28
948 492
949 265
950 341
951 494
952 846
953 4
954 85
955 240
956 746
957 34
958 442
959 45
960 309
961 684
962 541
963 554
964 24
965 598
966 660
967 513
968 271
969 421
970 880
971 619
972 783
973 355
974 162
975 239
976 201
977 535
978 577
979 241
980 731
981 679
982 576
983 845
984 98
985 490
986 503
987 237
988 876
989 253
990 139
991 160
992 336
993 702
994 145
995 343
996 735
997 314
998 825
999 793
1000 708
459 475
767 72
778 37
572 824
577 252
866 171
261 738
237 18
778 378
75 479
119 470
590 442
211 682
370 1000
967 833
343 422
638 102
264 44
132 86
789 805
59 812
895 325
123 708
106 20
578 372
328 619
298 144
691 636
763 822
906 47
137 857
48 610
863 945
914 393
91 339
232 503
356 93
109 651
450 749
618 382
205 946
888 763
216 419
237 912
519 151
240 61
95 845
736 699
5 885
499 190
865 758
675 174
284 145
629 283
792 237
212 207
72 437
868 304
888 671
291 805
758 327
133 881
816 667
983 918
328 784
691 917
46 365
934 939
52 462
159 997
16 540
602 855
61 699
731 505
411 876
886 644
384 916
766 988
751 797
869 758
328 187
748 155
696 322
259 101
99 990
291 210
223 930
698 175
979 733
295 807
887 842
790 548
70 240
910 501
729 2
673 497
358 86
812 434
497 851
705 293
257 887
737 50
135 743
685 575
794 828
262 58
503 210
43 894
343 65
684 949
592 417
717 903
1 226
917 922
136 242
527 403
287 531
792 444
15 148
483 254
403 414
457 977
752 682
653 313
195 377
327 35
260 12
287 537
769 797
909 658
150 382
486 342
644 745
409 32
903 911
283 901
933 909
824 228
676 331
363 766
546 839
504 800
427 354
408 751
567 209
293 91
850 527
78 279
712 336
125 96
920 865
942 227
136 943
659 44
626 62
655 397
245 867
159 228
871 539
608 152
530 781
692 613
92 229
303 941
804 794
897 322
497 443
661 737
693 598
378 137
498 609
815 981
68 93
428 942
143 335
918 605
186 120
316 951
349 640
896 313
926 358
736 502
842 907
534 191
515 937
516 322
501 774
28 479
949 293
31 975
412 270
340 533
760 748
27 241
563 744
563 635
713 180
305 373
12 123
697 908
138 471
498 824
386 723
286 410
58 299
39 230
316 8
144 617
635 632
274 564
529 125
46 706
794 164
387 542
302 18
560 929
562 930
564 275
985 690
316 319
186 319
413 20
346 277
35 792
659 260
393 104
116 663
58 814
427 662
351 795
856 119
193 853
948 721
610 946
907 505
47 773
589 313
233 832
67 637
525 555
72 263
840 452
438 142
278 40
331 475
221 17
899 788
246 537
152 4
652 749
838 602
216 365
684 457
699 27
57 481
93 658
579 795
655 609
222 107
428 720
154 617
373 810
894 216
29 860
188 387
57 5
245 940
989 710
582 375
363 836
971 567
957 108
275 687
301 214
204 236
194 749
705 89
534 342
921 195
663 263
770 926
83 674
669 383
39 914
556 140
896 204
9 720
835 706
489 220
291 84
969 42
2 512
487 572
322 260
300 813
235 905
305 893
800 659
432 91
77 174
572 574
324 947
684 829
184 275
172 656
561 371
876 102
10 184
164 960
471 549
736 62
803 507
825 544
473 433
701 824
249 876
760 414
93 984
819 916
196 896
740 708
399 938
829 590
651 966
865 902
70 137
404 462
693 277
595 816
413 179
421 406
737 268
480 149
700 948
246 303
567 208
769 72
213 522
813 284
324 546
109 423
559 823
865 133
202 750
38 627
590 186
846 797
158 317
946 946
64 342
960 108
300 125
226 730
123 255
935 939
112 602
801 47
150 795
666 415
507 346
322 454
11 485
936 16
376 956
923 311
82 717
81 980
996 225
623 651
831 710
354 650
787 430
710 427
675 1000
621 623
48 558
818 318
561 327
694 149
842 781
667 175
714 849
64 767
753 182
868 404
90 387
494 974
205 349
620 448
864 365
338 143
871 525
870 522
386 777
562 987
414 236
810 357
462 720
854 205
628 18
617 126
826 925
467 696
366 782
452 776
686 872
363 606
112 33
926 755
221 820
938 898
790 585
678 225
415 346
59 751
836 207
806 752
282 724
889 695
967 369
246 947
724 338
438 133
601 544
18 41
346 345
887 203
129 75
23 20
812 807
862 421
57 203
98 699
543 88
879 36
863 198
930 673
802 876
884 100
100 972
297 579
586 534
817 14
288 636
183 390
366 319
881 254
132 680
671 719
939 385
527 110
838 573
783 537
825 732
149 442
528 212
572 746
76 173
800 234
746 947
380 390
172 858
234 547
595 221
123 739
645 279
191 102
140 246
439 763
8 220
24 352
502 840
699 790
264 877
412 24
447 369
192 181
566 72
314 620
377 162
407 328
150 338
432 148
410 953
416 288
343 715
967 277
333 952
494 830
143 325
268 335
263 244
81 634
964 137
713 352
867 55
594 229
180 659
618 711
983 878
355 616
671 497
240 226
725 20
285 930
16 335
417 608
995 829
95 958
327 830
294 343
387 900
878 291
849 472
780 280
892 653
248 194
375 837
540 694
78 572
591 27
963 18
947 611
370 900
172 73
462 757
891 754
184 145
569 537
277 538
760 598
559 895
974 111
847 913
603 970
489 512
286 233
912 86
914 63
44 914
367 2
417 127
374 1
667 222
101 632
894 754
596 666
106 434
767 94
95 732
901 365
213 264
592 763
336 83
342 780
370 309
87 177
857 981
48 523
938 11
488 647
446 78
601 811
581 783
209 48
136 598
105 216
435 932
622 10
250 385
62 67
859 438
397 671
685 421
721 553
32 840
634 295
989 304
55 82
494 439
773 749
833 183
929 115
34 836
71 541
215 968
339 484
183 174
409 732
653 689
9 810
674 789
101 696
121 590
973 319
983 344
819 612
59 759
51 213
50 513
525 261
870 640
942 150
247 300
659 247
594 784
423 343
986 851
263 841
988 626
413 385
416 660
522 461
532 127
424 383
987 713
454 18
399 273
676 442
114 119
34 977
811 609
517 920
783 1000
618 899
814 235
629 936
783 762
716 65
751 989
663 824
742 405
147 299
530 339
16 992
240 313
544 90
992 134
113 100
577 198
548 445
597 304
614 885
542 242
351 992
521 578
498 225
906 470
84 464
304 679
473 759
314 849
315 697
834 158
468 236
809 315
790 160
651 323
400 400
844 139
196 825
964 263
783 65
231 75
25 818
840 659
830 655
183 374
60 478
880 313
109 167
78 745
735 900
135 611
451 441
234 711
443 181
743 706
183 81
702 531
154 537
266 785
536 153
855 986
147 594
70 293
912 22
825 928
450 784
502 990
951 661
636 923
602 172
330 801
926 904
6 436
791 855
79 285
802 532
63 541
336 240
349 504
536 436
690 148
75 362
795 58
931 445
670 20
526 294
128 776
207 937
238 508
934 39
683 266
657 772
114 990
323 972
452 246
100 490
11 105
570 161
304 443
502 663
330 312
650 463
681 46
545 125
626 849
759 567
75 177
979 218
794 22
362 987
385 455
455 368
892 983
271 830
974 665
457 435
985 582
814 742
364 213
101 646
298 498
875 273
721 817
257 295
416 588
486 613
357 628
70 6
253 909
59 383
253 806
747 329
425 487
242 957
523 898
962 891
270 135
969 820
283 779
674 945
644 49
37 243
615 749
419 20
438 348
661 133
860 735
21 362
490 90
167 835
772 984
449 700
909 313
273 704
2 911
342 793
565 941
673 635
145 361
829 242
606 707
581 992
485 814
853 996
446 632
901 632
695 373
969 665
705 528
563 253
14 852
533 911
853 903
362 846
129 728
397 720
574 35
100 241
782 195
214 680
907 688
298 740
382 761
930 290
264 843
696 395
30 34
448 356
530 752
78 533
305 950
742 20
113 686
448 286
301 847
75 11
760 847
656 101
900 832
315 571
535 890
964 610
750 398
277 943
415 950
326 354
971 180
398 989
292 505
379 286
476 71
804 296
766 241
844 369
376 225
705 359
793 330
694 292
263 223
126 340
741 187
427 797
507 803
182 679
854 241
743 419
26 450
302 576
573 810
243 564
781 390
868 264
493 139
677 815
972 301
693 449
198 163
526 203
648 729
389 233
326 197
675 166
399 526
899 59
283 506
653 479
235 696
890 750
667 573
265 172
556 18
18 412
548 861
560 724
594 319
132 203
548 583
584 31
507 293
41 360
242 881
146 393
483 957
748 920
427 488
618 147
159 205
956 549
559 635
666 537
241 846
411 479
905 902
614 77
423 190
298 200
642 552
993 915
36 743
698 54
198 573
95 547
782 446
20 285
77 668
18 842
110 636
114 427
860 26
109 857
147 409
356 242
753 269
972 604
262 532
956 769
715 346
330 668
423 4
74 220
728 208
760 398
720 627
945 519
885 123
453 178
373 822
720 791
321 313
361 349
994 558
554 393
722 160
457 367
477 361
334 129
215 103
310 454
215 42
31 636
68 729
998 177
727 517
853 790
242 565
409 294
991 732
643 893
348 736
45 524
29 980
903 892
787 801
514 49
203 784
854 530
970 212
367 477
992 798
501 824
882 40
404 374
173 181
264 574
424 320
469 274
561 5
7 31
2 582
798 712
685 439
476 896
302 4
385 727
881 417
830 653
227 513
65 245
157 787
577 220
934 298
307 778
552 564
452 775
735 254
480 298
893 878
850 70
249 905
148 367
568 878
593 908
269 666
386 892
486 573
326 486
103 349
637 987
