500 500 500
30 83 1
383 448 8
383 447 16
270 10 16
270 346 12
383 171 14
383 435 16
383 297 1
383 152 12
30 4 1
473 203 16
30 164 19
270 260 4
383 165 18
30 484 18
30 199 17
473 363 9
30 74 14
270 367 3
383 229 20
473 370 17
205 453 18
473 242 4
383 480 17
270 36 4
205 365 16
473 220 18
205 289 20
383 266 15
473 186 15
270 212 18
270 50 11
205 468 20
473 94 3
270 134 20
205 365 18
473 480 11
30 24 5
270 311 19
473 462 7
473 463 18
383 448 13
383 332 2
205 97 11
383 281 1
270 361 19
383 414 16
205 455 15
383 100 14
30 124 5
473 450 20
473 48 2
473 452 20
383 338 10
205 370 12
205 259 16
30 472 19
205 446 13
383 110 17
30 382 8
473 58 9
383 74 17
383 391 8
205 2 5
30 154 13
383 185 10
30 453 5
473 169 17
473 351 15
383 343 9
270 364 16
270 273 7
383 87 13
270 46 19
205 278 14
30 146 4
383 230 3
30 253 10
473 285 7
270 484 1
205 359 7
270 56 1
383 314 1
383 416 13
383 164 8
270 57 7
383 300 9
473 450 5
270 493 2
473 312 11
30 232 1
383 365 14
205 84 19
270 391 12
270 382 19
473 376 7
30 286 15
30 245 10
270 298 16
270 129 13
205 71 12
383 134 15
473 162 5
383 429 8
473 229 13
205 444 5
205 396 14
30 217 14
383 153 14
205 483 17
473 9 10
270 350 12
205 470 1
270 313 14
383 492 12
30 393 10
205 281 14
30 393 5
473 330 7
270 66 6
270 459 18
473 151 18
30 27 14
30 280 4
473 475 7
383 137 9
473 183 11
270 278 11
270 242 17
270 166 3
30 491 15
473 303 13
30 244 18
30 82 9
383 304 7
383 74 6
473 435 14
270 339 5
473 340 12
205 181 9
205 312 2
383 249 14
383 30 7
473 113 8
30 67 20
30 94 11
270 458 12
30 459 3
383 470 12
383 438 8
473 189 2
473 367 9
205 214 12
30 342 6
205 68 4
383 365 12
30 263 15
205 104 18
270 368 13
30 498 12
473 171 5
473 136 6
30 438 19
473 322 15
383 63 4
473 63 4
205 408 11
383 355 13
30 346 16
383 376 17
270 85 18
30 366 5
383 61 11
383 145 12
30 436 20
270 297 13
30 213 16
383 353 18
473 477 5
473 206 13
473 297 3
473 327 15
30 225 2
473 406 4
30 33 2
30 47 3
30 453 19
205 62 4
473 300 17
270 308 20
270 75 7
30 86 9
383 309 10
270 131 1
205 238 8
473 209 18
383 110 4
473 70 5
473 405 7
205 22 9
30 347 15
383 473 7
205 7 6
30 204 10
383 306 5
383 1 6
205 255 3
30 122 4
473 267 6
205 460 6
270 241 18
30 458 17
473 197 4
383 130 16
30 135 19
30 157 13
270 42 10
205 437 17
30 251 7
270 372 18
270 498 8
383 129 3
30 250 10
205 304 16
383 4 20
270 52 1
270 454 19
473 466 2
205 66 1
473 29 2
383 251 17
30 242 14
30 28 11
270 419 13
270 122 2
205 303 8
473 292 4
270 282 6
270 355 11
270 152 11
383 259 16
270 33 18
270 6 9
270 196 5
30 205 5
205 434 14
205 281 17
30 489 14
270 352 2
383 224 20
47 40 5
1 44 3
37 21 3
7 41 3
6 39 5
47 38 3
1 6 4
14 11 1
5 48 4
10 3 5
46 50 5
37 24 5
4 33 4
6 14 5
32 37 1
1 28 4
42 44 2
39 14 2
24 15 5
34 9 3
40 36 2
39 20 4
11 19 2
47 14 4
39 31 1
21 14 5
31 19 2
22 21 4
31 20 3
2 34 3
24 10 4
25 41 2
18 29 3
17 11 5
40 21 12
9 13 2
19 32 4
16 26 19
16 20 2
25 45 1
14 7 3
17 7 4
46 26 4
12 7 1
3 42 3
5 46 3
28 48 2
7 16 5
34 33 1
40 39 2
42 50 3
22 19 1
32 12 3
3 47 5
3 42 5
20 43 2
29 12 3
19 3 2
33 44 4
42 40 5
44 50 5
30 40 5
31 11 4
46 12 2
13 23 4
41 10 1
23 13 2
34 4 4
27 42 2
11 38 2
27 33 5
15 49 2
16 20 5
27 34 4
35 3 4
31 27 4
36 46 1
4 25 5
48 28 5
46 4 5
36 38 4
36 8 3
19 20 3
45 48 3
37 15 1
43 44 3
6 22 5
32 19 1
7 30 2
19 1 5
27 35 5
8 23 2
21 23 3
17 22 1
43 35 2
23 6 3
44 23 2
21 33 3
47 6 4
48 44 4
35 31 4
48 13 11
3 15 3
6 3 2
36 7 3
48 16 3
14 13 5
10 41 1
4 18 1
16 20 6
19 12 4
44 38 5
39 47 1
12 48 4
27 12 2
22 26 3
46 45 4
13 42 1
15 31 1
25 48 4
35 9 4
48 13 3
18 11 3
41 45 5
50 28 4
26 5 2
7 47 5
49 11 5
16 10 1
34 7 1
4 41 12
2 35 3
11 27 4
34 45 2
22 12 2
3 15 3
33 30 5
23 38 5
10 44 3
8 38 4
3 15 4
10 18 4
29 16 1
37 39 4
17 20 1
45 50 5
16 20 10
49 5 2
2 49 2
4 2 1
461 408 13
436 485 8
65 381 19
109 305 3
348 282 13
152 365 8
205 387 14
324 122 20
370 460 8
182 186 17
455 156 9
307 95 14
315 217 16
354 285 2
303 349 10
475 384 19
375 335 5
256 491 20
471 268 2
85 453 9
407 100 5
382 429 16
462 393 19
244 81 12
89 113 16
256 152 12
56 365 19
95 245 15
109 345 4
236 443 19
166 135 7
101 233 8
376 458 18
163 277 5
312 367 17
330 88 16
70 226 13
72 447 20
179 211 11
421 471 20
345 454 13
255 260 11
303 368 14
265 304 8
410 285 4
71 231 1
85 301 4
494 221 10
160 245 18
292 149 10
392 344 16
188 230 19
178 308 14
111 431 16
494 133 17
101 69 12
385 456 14
83 435 18
90 397 13
98 262 17
216 66 9
178 466 15
367 371 17
70 449 16
452 121 3
326 364 3
273 174 3
129 105 6
430 86 18
418 226 12
384 188 14
209 351 20
363 119 10
245 471 13
78 61 13
255 411 6
412 444 6
149 345 6
489 70 3
498 438 7
446 479 4
298 379 8
397 322 15
294 255 9
284 385 20
55 255 16
171 217 8
449 172 17
107 179 20
145 446 1
200 393 20
144 207 16
495 327 15
292 330 20
288 51 20
236 302 9
322 171 1
373 458 10
103 330 10
446 102 1
473 290
473 240
205 153
270 56
383 19
30 321
205 497
205 189
30 469
383 305
205 290
383 477
383 50
205 359
383 371
473 392
383 93
383 324
270 257
205 85
383 12
270 404
30 203
473 325
270 32
205 418
383 418
30 83
383 348
383 282
383 66
383 100
270 149
205 150
30 202
473 320
383 406
30 491
205 198
473 174
205 40
383 404
383 219
205 2
205 26
30 398
473 117
205 161
270 337
473 20
383 19
383 263
30 369
383 456
205 78
205 7
383 161
205 462
473 218
30 418
383 450
30 471
270 98
270 191
205 231
473 171
270 30
270 311
473 257
30 197
383 23
205 490
473 239
383 58
205 397
30 47
205 122
30 449
473 399
205 414
473 153
473 451
473 70
30 276
473 205
473 268
383 245
473 281
383 478
473 383
473 89
270 465
30 499
473 196
270 394
473 430
383 261
473 480
205 383
30 123
30 291
205 463
383 360
270 226
383 286
30 268
205 234
270 163
205 414
270 272
270 221
383 215
383 346
30 142
205 224
383 190
270 94
270 31
473 260
473 311
270 247
30 319
205 253
30 359
383 17
270 393
383 162
270 493
383 251
270 426
205 263
205 78
270 482
383 205
205 421
473 2
383 205
473 111
30 464
270 216
30 145
205 39
473 331
30 105
473 386
270 62
205 75
270 48
473 311
270 39
473 183
30 473
383 493
30 203
30 400
270 138
30 331
30 422
270 470
473 57
30 390
205 63
270 144
270 262
205 413
473 43
473 182
383 218
270 181
383 97
473 65
30 177
30 197
30 130
30 461
473 274
473 78
30 21
30 457
205 289
205 28
383 115
205 370
30 492
383 250
383 500
473 8
205 256
30 129
383 283
205 38
383 128
205 104
270 28
30 432
473 474
383 472
473 461
205 475
270 58
205 100
205 291
205 367
30 337
473 469
205 265
473 231
270 419
383 350
270 233
205 8
270 375
30 136
270 343
30 181
205 382
270 175
205 196
383 475
383 3
383 202
30 368
473 162
205 35
205 122
270 494
270 173
383 37
205 222
30 134
270 160
30 274
270 211
270 126
205 464
270 346
205 297
205 48
270 129
205 352
473 167
270 344
473 438
473 457
205 297
30 179
205 132
30 132
473 128
30 472
17 31
14 24
3 41
17 19
44 37
38 33
6 13
20 32
48 13
41 28
14 36
41 23
8 30
49 44
25 37
44 32
44 47
11 31
16 17
48 36
33 36
11 42
19 18
6 33
16 40
46 17
3 1
1 19
27 39
12 16
27 41
46 41
5 35
37 33
38 7
5 34
4 6
46 50
2 25
31 42
31 21
18 42
14 33
48 45
9 48
36 19
39 28
13 31
11 7
46 40
42 28
46 31
3 22
12 31
14 37
28 34
6 24
19 10
19 28
16 45
35 4
50 1
45 16
22 48
21 41
17 31
43 43
18 34
17 18
49 12
39 1
23 44
33 34
7 23
2 46
45 16
1 8
4 45
6 38
29 13
37 46
22 30
21 13
4 41
19 25
16 39
22 23
46 19
44 27
8 33
22 20
39 15
4 46
4 38
33 16
30 15
6 1
37 34
12 11
34 7
45 6
19 7
10 37
23 22
13 47
4 34
22 21
1 10
17 22
25 16
12 25
37 38
8 10
6 7
45 34
38 15
39 40
24 23
21 14
47 48
15 19
45 34
22 45
38 42
27 41
30 23
48 40
22 5
16 35
37 28
14 42
25 27
42 23
50 39
8 19
40 21
45 7
50 23
48 36
20 19
43 35
11 33
21 8
33 15
42 44
43 50
44 24
10 26
37 29
31 44
179 107
421 471
456 385
371 367
172 449
495 327
133 494
20 19
81 244
449 70
102 446
327 495
50 42
51 288
344 392
200 393
379 298
46 26
40 21
19 3
256 491
101 69
302 236
301 85
344 392
471 421
109 345
230 188
40 39
56 365
458 373
285 354
6 3
322 171
19 20
418 226
81 244
479 446
217 171
15 37
381 65
22 21
145 446
98 262
166 135
5 26
384 475
113 89
171 322
260 255
178 308
344 392
349 303
282 348
65 381
48 12
367 371
44 38
392 344
397 90
216 66
447 72
412 444
302 236
375 335
454 345
119 363
385 456
27 12
85 453
89 113
387 205
78 61
172 449
236 302
9 35
326 364
498 438
475 384
182 186
373 458
119 363
305 109
454 345
308 178
364 326
282 348
370 460
495 327
431 111
107 179
438 498
233 101
200 393
101 69
233 101
119 363
449 70
69 101
100 407
