100 100 100000
0 50000
50000 50000
100000 50000
150000 50000
200000 50000
250000 50000
300000 50000
350000 50000
400000 50000
450000 50000
500000 50000
550000 50000
600000 50000
650000 50000
700000 50000
750000 50000
800000 50000
850000 50000
900000 50000
950000 50000
1000000 50000
1050000 50000
1100000 50000
1150000 50000
1200000 50000
1250000 50000
1300000 50000
1350000 50000
1400000 50000
1450000 50000
1500000 50000
1550000 50000
1600000 50000
1650000 50000
1700000 50000
1750000 50000
1800000 50000
1850000 50000
1900000 50000
1950000 50000
103326 76037
1762038 30942
1932546 47785
87006 866
949274 45618
1927262 25556
414501 68733
166832 72131
1914600 42639
953159 45299
1033915 91413
1757142 67243
1140843 65850
728758 76563
1694521 93116
1583775 52643
1604495 89481
262039 8593
39027 47304
889697 90174
103754 29681
519011 81261
1365276 19522
1726120 74128
674937 70347
744033 56605
472635 80005
903564 71140
1799210 68394
161942 9564
194331 70809
1274383 66311
1895312 6244
1601883 14752
1408205 44596
489659 1438
1411499 96059
698190 28744
228529 4224
241591 93949
484315 51950
1654486 2107
683659 73461
1019381 20179
1798996 20448
1789195 41016
1532036 9789
1593423 16381
308063 37730
49688 47600
1273339 29485
292061 84295
1006668 55703
619237 27948
866691 81315
1082034 47946
1714233 97967
135650 29861
1830900 7543
1942256 7287
25000 -24999 4598
25000 125000 1278
75000 -24999 7979
75000 125000 4981
125000 -24999 6910
125000 125000 2685
175000 -24999 8814
175000 125000 3137
225000 -24999 1735
225000 125000 8752
275000 -24999 193
275000 125000 4427
325000 -24999 5456
325000 125000 9498
375000 -24999 3812
375000 125000 4559
425000 -24999 1060
425000 125000 6869
475000 -24999 9664
475000 125000 6820
525000 -24999 5149
525000 125000 6249
575000 -24999 5786
575000 125000 6313
625000 -24999 9450
625000 125000 14
675000 -24999 4111
675000 125000 1170
725000 -24999 4860
725000 125000 3920
775000 -24999 8103
775000 125000 1642
825000 -24999 8787
825000 125000 8795
875000 -24999 101
875000 125000 2928
925000 -24999 4137
925000 125000 3091
975000 -24999 8970
975000 125000 9259
1025000 -24999 8769
1025000 125000 3433
1075000 -24999 808
1075000 125000 1651
1125000 -24999 7547
1125000 125000 7981
1175000 -24999 4246
1175000 125000 1813
1225000 -24999 2224
1225000 125000 7654
1275000 -24999 2731
1275000 125000 402
1325000 -24999 2423
1325000 125000 7280
1375000 -24999 7689
1375000 125000 8716
1425000 -24999 3872
1425000 125000 4274
1475000 -24999 8956
1475000 125000 3887
1525000 -24999 8630
1525000 125000 7023
1575000 -24999 357
1575000 125000 1033
1625000 -24999 5061
1625000 125000 9842
1675000 -24999 7658
1675000 125000 3729
1725000 -24999 2742
1725000 125000 1224
1775000 -24999 2292
1775000 125000 4200
1825000 -24999 1755
1825000 125000 9054
1875000 -24999 687
1875000 125000 9802
1925000 -24999 7133
1925000 125000 8510
1975000 -24999 5074
1975000 125000 7368
3253905 -46255 7968
1526417 -99905 8820
2331516 197022 2848
708793 120355 1665
561171 -46118 2001
1064170 -96587 579
264092 -4219 4943
1246522 -12868 9736
1567898 118917 7074
2574241 145541 6778
1042374 -85189 2904
1108486 177429 7266
3699 -46949 4895
2340785 -19504 7325
2288798 -22640 4454
239640 -7391 9348
2204645 -57985 4400
2159470 154480 4943
3300666 -21999 9525
532103 -50596 8964
