100 100 10000
51479 7861
29619 6499
43839 2990
32969 2816
46321 763
56528 4285
49867 1960
39594 145
26881 5163
17820 5195
54544 1002
33346 6728
2544 2339
45103 9899
51679 8071
45811 5846
26968 4754
40962 5677
31175 167
57057 3984
19082 9629
52818 5128
29741 1231
37100 9615
21788 8638
1833 6883
31968 6901
53632 8716
25712 902
59012 6724
54894 9292
547 5983
24537 5993
56954 2868
31869 2311
13206 8170
59737 7278
12041 4606
2719 728
2527 7060
44060 108
52982 1164
39539 8632
14825 8407
37490 9572
34784 665
10800 9858
18531 5066
53270 465
31048 3088
33780 6943
28231 5794
14562 6713
27279 4886
41555 5699
6075 8965
34166 8045
5927 6052
9955 1086
43241 7290
46731 2825
44115 1678
5498 6760
32868 9611
42415 6835
36048 1080
12455 6114
1854 9076
56693 8353
8584 2424
11082 8064
16004 2015
50145 2596
23238 3864
6968 4683
59688 5420
36645 1265
51229 1268
10732 6000
5196 6329
52298 4656
33628 6612
57666 4284
56055 4674
28900 2885
56891 8846
43584 9566
49516 9215
59111 6
45971 5845
31374 5310
11919 3276
53746 519
2304 5679
51530 6502
21910 9354
888 495
721 4084
55305 4888
29340 9574
40615 17304 4598
55156 16210 1278
20742 16265 7979
46561 11539 4981
1434 11569 6910
35452 10398 2685
44379 14296 8814
26962 12366 3137
20077 11576 1735
58024 17133 8752
11274 11172 193
56526 10819 4427
55290 10825 5456
53176 14303 9498
55086 17436 3812
14940 17196 4559
3151 16856 1060
28635 18459 6869
11174 11161 9664
15744 10863 6820
44650 16694 5149
20003 10316 6249
29264 17179 5786
15013 17737 6313
39090 14832 9450
57504 19202 14
4213 11257 4111
39104 13658 1170
1851 10867 4860
26452 18455 3920
12892 14461 8103
10121 14320 1642
57895 10962 8787
10396 12148 8795
11371 17784 101
7483 18627 2928
19751 14149 4137
57764 18540 3091
23635 14202 8970
10261 19504 9259
43605 14521 8769
18038 12635 3433
53076 12127 808
2307 16677 1651
50633 14897 7547
26354 18638 7981
49158 10722 4246
51523 11729 1813
32325 12658 2224
55896 13282 7654
34486 13987 2731
26623 19327 402
53361 15437 2423
58005 10100 7280
19452 11135 7689
21588 17170 8716
42425 17514 3872
6535 16774 4274
20844 19210 8956
4815 14176 3887
24491 11345 8630
4356 16273 7023
2471 18737 357
27537 16802 1033
13251 19518 5061
43438 18844 9842
20966 10026 7658
12430 18548 3729
8267 14228 2742
10869 15259 1224
30313 12316 2292
32808 12961 4200
22619 13647 1755
239 19852 9054
14561 15103 687
47838 10940 9802
42075 18903 7133
37402 13885 8510
44941 17154 5074
39768 14500 7368
22328 13640 7968
5590 14342 8820
58006 13714 2848
54558 11554 1665
43667 16922 2001
48688 13521 579
8113 18935 4943
37010 16477 9736
54119 18254 7074
42487 18799 6778
12862 13342 2904
23769 17176 7266
11810 19637 4895
50202 10846 7325
20919 15044 4454
57824 15162 9348
48026 11469 4400
1275 14787 4943
56370 18587 9525
34188 10445 8964
