1000 1000
920 399
399 198
198 529
399 100
100 252
198 266
920 820
820 146
266 515
100 47
515 363
920 174
515 498
820 341
529 992
363 763
266 704
146 1
47 30
992 788
763 898
174 301
252 598
301 380
788 365
301 652
763 952
1 279
992 986
652 118
529 74
279 414
788 178
74 407
252 495
363 25
25 545
407 839
341 649
495 798
341 327
47 658
174 292
495 560
178 103
986 340
704 202
1 6
407 296
598 930
327 4
30 152
327 834
898 602
986 540
930 262
365 276
602 907
146 26
292 811
649 23
26 9
296 759
292 188
907 187
262 635
279 917
658 336
74 585
30 945
6 964
187 694
9 724
598 825
964 954
704 963
759 765
907 52
336 156
602 664
652 776
118 71
545 395
276 110
585 680
917 429
103 302
71 857
560 815
302 453
52 943
188 60
815 596
954 396
188 840
380 425
336 605
963 375
945 558
110 479
560 723
658 79
724 218
302 539
680 245
425 787
540 883
811 757
365 740
883 994
839 290
540 884
340 142
156 875
296 35
723 272
340 656
952 465
156 991
991 433
724 572
178 65
142 648
152 93
930 739
79 21
917 485
539 885
103 511
479 997
380 462
840 799
963 347
52 608
811 548
26 80
93 692
429 416
79 123
964 647
596 829
548 496
25 912
276 415
539 493
572 409
572 783
991 527
548 101
776 926
493 899
945 962
375 567
493 927
21 330
409 743
885 735
245 186
815 109
416 894
416 386
743 533
694 940
118 944
462 696
798 736
680 40
839 309
994 990
396 33
757 497
309 97
218 909
954 637
740 671
23 903
330 650
375 184
776 70
696 742
723 13
498 968
465 31
71 391
415 995
648 323
21 486
894 354
465 181
262 99
396 760
511 488
409 627
943 806
496 445
6 974
186 966
33 420
596 126
990 703
23 343
962 438
968 183
899 319
391 53
533 865
309 706
511 234
962 385
759 982
479 532
740 729
558 151
60 782
53 308
909 698
545 307
637 720
308 520
13 666
433 702
272 355
385 384
9 877
825 795
438 318
702 18
635 12
940 59
865 158
974 28
966 697
245 165
496 42
757 190
834 996
729 261
433 887
894 604
765 373
885 769
354 345
40 421
520 449
33 401
42 205
385 670
445 573
664 503
101 474
944 919
520 675
735 881
330 848
650 916
703 667
898 397
355 167
729 707
697 431
649 149
670 616
126 900
982 227
318 141
703 644
996 745
994 246
42 553
670 754
834 277
246 810
952 756
234 819
900 796
414 683
943 393
865 75
75 450
415 67
553 792
158 947
485 32
532 804
819 90
648 224
420 862
190 372
165 226
927 888
453 981
70 499
40 892
181 938
218 332
966 283
527 244
224 921
927 10
343 45
90 487
227 620
345 699
558 935
881 315
183 550
756 976
97 584
149 924
974 105
90 631
532 501
765 556
485 81
787 569
167 832
438 120
141 911
187 359
881 551
151 922
551 629
921 225
637 506
796 691
840 331
343 241
499 494
81 712
675 858
694 271
226 955
858 287
955 934
825 195
745 96
743 306
151 513
804 514
271 784
401 508
331 455
944 993
742 753
804 657
306 41
246 932
671 353
431 112
981 434
421 588
126 580
782 790
513 7
968 507
769 589
877 972
875 948
783 928
226 107
567 344
141 206
810 960
819 196
909 317
186 818
675 678
287 329
875 828
353 973
474 747
742 559
31 746
227 831
892 216
514 64
165 243
487 49
120 775
499 956
28 115
735 727
190 87
806 607
12 285
277 211
81 700
932 910
445 807
373 847
7 376
429 626
271 491
142 364
353 36
234 405
31 223
64 871
514 232
290 833
123 132
995 771
344 566
32 311
584 813
647 528
887 310
556 543
806 725
12 411
796 69
70 969
109 530
818 768
960 130
833 150
41 826
110 549
123 459
739 821
799 215
391 525
49 207
87 147
543 537
401 137
667 639
285 17
311 48
290 419
373 679
216 229
626 213
97 263
745 451
183 472
862 34
137 424
818 461
205 219
753 591
550 874
771 148
310 561
887 737
910 576
455 121
307 773
501 447
585 711
372 291
48 430
167 361
317 180
449 422
784 20
828 387
277 240
926 22
34 288
874 144
707 388
424 303
711 780
807 897
955 274
35 166
109 660
306 886
922 316
18 383
451 379
736 131
202 615
995 54
696 250
450 638
960 808
699 161
976 717
973 851
447 228
528 764
59 719
80 443
826 404
224 761
848 426
795 882
784 918
131 289
36 253
497 268
799 402
736 471
605 14
826 254
700 646
503 177
450 61
711 374
656 722
384 217
754 57
792 78
990 104
303 861
833 975
223 786
921 904
559 50
706 440
345 714
910 730
430 617
888 853
848 38
36 651
14 802
904 357
50 965
498 989
434 689
443 117
821 325
430 823
283 269
924 800
422 684
288 463
897 967
982 248
699 55
319 878
250 114
329 830
152 845
828 162
387 43
355 203
117 867
928 475
543 398
404 423
647 199
263 221
311 249
650 86
714 324
783 933
419 278
506 164
59 718
556 517
384 435
993 872
69 748
886 636
561 774
474 214
550 201
764 15
4 611
533 350
832 209
810 138
75 594
689 805
461 601
717 191
888 208
919 781
494 298
431 709
161 677
798 134
45 457
706 939
722 978
199 159
93 923
43 665
203 470
199 812
527 189
347 441
712 297
646 946
206 239
357 950
319 998
298 157
217 716
196 633
196 984
761 476
932 3
207 492
918 852
263 579
354 824
513 66
831 466
883 500
38 518
201 464
420 257
361 351
80 772
435 171
638 168
832 860
813 326
904 85
323 478
993 843
795 827
665 531
38 113
812 866
249 89
717 632
225 817
933 293
928 890
171 595
462 135
99 273
202 623
249 182
317 645
950 179
162 599
965 378
421 856
599 726
491 467
939 280
726 454
997 794
34 284
591 835
620 382
829 906
164 654
285 346
208 265
280 220
737 281
269 502
149 63
975 610
502 777
425 619
900 731
105 264
184 255
975 793
144 236
950 352
774 571
49 715
571 436
148 951
281 19
315 88
220 460
871 260
393 444
922 337
115 456
117 111
787 562
55 128
737 370
722 282
862 593
422 949
374 29
101 669
273 552
813 767
203 838
278 661
969 129
746 959
553 62
631 682
525 194
573 27
184 333
27 258
610 957
261 836
236 24
14 231
220 484
528 597
471 251
619 541
488 505
278 56
531 609
472 855
933 929
243 76
386 893
771 879
121 676
926 73
664 789
874 439
610 641
773 222
967 901
845 876
387 614
789 816
217 124
802 554
525 366
257 313
580 427
476 490
793 2
678 334
871 362
518 896
206 713
769 44
350 46
159 557
60 674
984 869
395 356
517 752
584 728
364 320
99 428
219 259
608 176
255 39
346 83
782 412
753 145
707 1000
307 523
794 581
843 797
476 668
689 762
96 849
566 663
50 185
762 8
641 509
456 321
712 710
768 565
182 381
352 672
121 417
808 312
487 695
554 622
981 140
29 914
315 68
775 801
466 143
503 686
878 377
710 369
517 846
291 442
567 371
382 988
179 837
671 160
10 721
561 873
576 403
145 844
669 102
248 547
321 980
324 685
790 625
924 413
213 119
700 733
858 193
351 358
475 555
682 744
988 854
205 91
298 368
817 734
331 583
645 690
76 628
194 458
554 237
844 586
608 338
193 204
364 521
83 673
168 477
147 342
288 242
581 536
39 925
733 643
565 621
325 600
530 267
643 603
611 294
861 987
916 169
600 613
657 406
669 400
112 889
378 953
626 902
132 483
668 971
774 155
893 618
274 437
847 392
378 300
383 58
475 304
733 564
177 390
643 95
1000 92
595 526
22 908
267 446
426 822
764 504
836 803
130 870
836 653
371 106
569 108
597 335
571 936
623 791
537 814
471 590
996 755
352 544
903 575
8 563
261 410
537 958
786 850
73 915
889 418
392 524
822 322
274 77
616 880
754 758
161 542
329 295
679 37
492 606
344 859
113 154
623 482
690 82
973 842
822 568
775 247
588 708
690 192
606 659
659 51
731 489
987 546
801 612
949 970
73 841
967 170
489 408
601 360
58 512
718 314
882 983
983 662
58 732
189 235
792 127
82 705
160 905
914 98
395 481
880 432
564 592
505 328
594 809
112 577
730 766
856 480
488 339
672 233
997 175
466 741
304 578
760 863
972 197
901 979
949 448
829 275
728 286
158 172
382 751
216 868
131 985
801 630
906 173
53 999
860 961
691 72
148 749
172 977
96 688
897 681
477 522
15 655
472 394
715 348
766 389
68 94
977 452
129 238
457 256
105 895
180 11
15 570
998 139
842 701
638 153
428 473
870 200
337 891
444 642
291 785
551 510
10 750
444 693
428 16
107 634
552 582
681 913
604 270
507 468
589 779
708 125
135 116
397 299
590 210
497 778
823 624
768 770
232 534
646 937
807 687
746 5
713 864
63 84
557 469
866 535
162 942
509 133
847 640
213 587
449 367
459 574
418 136
88 538
193 931
905 163
273 212
569 230
231 122
170 305
808 349
549 941
130 516
259 519
460 738
282 7 933327328
64 212 275238901
69 145 559635308
799 953 992140482
135 93 620815550
819 280 101488324
837 846 778020731
684 570 401932127
269 639 330607078
776 741 708923189
231 820 212436244
273 404 492394608
731 549 207284882
566 602 208448282
348 627 63185357
367 183 159434450
318 703 796711157
83 42 345031917
114 553 465044000
953 3 518738360
269 447 155031695
759 581 388217776
786 174 572555449
686 776 391635615
995 884 355725269
916 595 247531588
773 343 470999256
821 399 570453262
710 643 134133482
302 144 242315303
855 99 753008768
968 269 334282485
153 160 597148281
21 770 288589497
255 593 633168124
123 95 873947998
582 746 465300178
984 9 275593354
145 178 223791355
136 186 17765986
312 497 925824332
443 655 848678238
618 173 889909294
294 570 96727499
364 988 120531548
899 15 564151268
913 810 389250205
136 445 428326415
846 131 378257768
564 463 53904479
614 626 566385800
620 84 700874307
757 829 403181331
921 574 876791814
484 913 751421881
134 485 95123709
246 822 109204805
480 770 777736622
455 766 769657056
486 205 191342204
214 84 293346291
310 558 696862588
225 155 275179878
659 790 234366623
207 904 801875288
23 522 856911089
664 680 209350257
277 155 41257399
44 336 143239998
40 362 335113725
195 148 186705824
368 736 287268193
743 782 722271678
297 381 737744316
238 318 839162403
86 101 283067230
748 422 886012361
914 171 108218596
380 660 408129826
879 643 919594506
627 829 945777287
632 144 40144856
777 877 112141221
423 600 53944188
300 54 854391100
126 398 468645819
484 645 79049418
202 981 309205267
331 607 162914542
462 274 756431963
53 362 48242628
177 946 748975390
279 896 347592107
273 145 760814079
732 261 540734464
423 153 982347516
475 220 824792342
105 808 793525540
120 715 161047918
542 812 148299962
975 275 537674402
600 268 517027491
619 600 107759519
920 536 29570467
750 394 218614954
107 506 357495239
532 635 573640711
956 86 943959848
7 272 450472712
930 933 347677203
858 156 228818227
459 614 878113199
200 161 599666618
656 848 681732757
956 942 417866769
570 22 871909501
964 120 229611399
872 108 711030413
628 419 30710255
989 49 65120042
723 8 676625329
789 290 679799561
970 468 790265178
251 13 893269186
121 84 448685919
253 40 460887011
233 658 125341839
41 602 35497037
739 371 271935133
980 859 718326152
579 230 602753753
361 648 113845735
435 155 425028493
989 988 964468648
636 481 981216826
962 835 665460515
57 370 842671144
784 18 417549652
990 101 28517361
786 197 93877114
732 680 850880718
650 67 657614859
684 355 154460347
263 801 14610383
490 791 672905296
309 526 938247873
986 804 638947371
200 600 297747904
913 229 499390510
253 941 464741040
630 432 74921866
465 416 376782526
6 187 795670932
874 472 239215721
305 357 658141646
291 641 362579453
155 89 85283876
639 933 325512562
553 440 229072686
123 259 645743902
770 374 289826069
559 954 416992367
616 548 95585746
527 462 329615385
560 221 965054676
431 641 304968101
620 517 204199025
857 362 861630888
243 239 166084416
313 606 493046510
735 884 726838045
790 204 510574360
187 72 154306515
213 321 462868969
938 74 904026892
821 958 27930066
736 439 803905201
702 802 194641616
523 405 651584115
765 962 542453679
815 192 287680248
196 81 131530810
928 227 625379961
177 73 196471484
911 54 756967149
844 905 922267444
552 968 7818708
734 320 81603720
194 342 853405203
589 308 437365464
220 974 484131669
279 962 416234094
969 794 131009231
709 172 913544449
53 542 581643657
19 450 561999909
85 179 488466641
59 184 979705711
222 820 72460297
137 274 890734604
488 346 232347871
268 610 461475023
434 165 172125586
736 626 876920028
33 840 64612261
82 639 235923811
154 668 27099342
147 417 326409518
401 844 800794445
222 97 429783752
134 522 573504966
58 200 324460396
868 403 655186666
503 70 513349533
176 708 225761050
46 790 78742073
319 676 197895414
515 431 623330314
584 913 833709382
921 461 39494673
342 552 79525836
766 590 727263253
374 192 5379658
970 903 616822087
709 326 787069875
90 614 697017041
508 995 837367739
235 594 768871384
189 808 801097977
123 268 286505547
133 478 46914251
437 396 515740736
188 313 171295530
112 540 945748563
945 117 686432648
927 382 703086984
753 912 240873641
820 380 6136705
387 450 545926523
122 1000 402510135
967 781 314711784
723 850 667098232
924 224 461032378
675 54 217102020
802 429 335321233
327 50 362944549
44 403 792698322
302 926 545911963
418 208 460533914
188 57 217436782
65 16 332553628
883 480 845191000
100 706 426604621
834 301 542785458
987 483 847061565
901 968 550759190
551 177 732777586
372 896 773295822
769 293 410919338
699 756 891805359
411 34 297872780
587 931 25376509
602 326 699629682
118 262 601917545
677 583 870270040
296 967 512955756
579 57 567300557
976 334 61005129
510 777 75260991
974 796 380403463
291 245 777729415
626 813 259293001
532 708 36470405
456 901 642145095
736 349 149595924
97 799 343310207
975 861 293182061
668 50 32089378
226 811 682312495
960 644 301575081
263 134 393155435
533 969 91035234
913 591 631460250
573 343 463960219
685 739 574241035
792 772 689660120
396 726 904179212
354 680 274773031
748 853 750949650
398 174 297271733
143 311 232944822
985 88 210615999
806 555 733092670
766 836 753830292
411 647 792342672
937 111 279384433
373 6 114742855
770 735 282321125
571 102 576841102
819 891 724428068
790 363 277628220
205 773 943324832
342 512 448000267
729 353 843239605
767 921 269459431
506 335 223448690
150 923 571036040
840 458 747243251
612 260 164223671
197 972 310683386
297 606 174080785
522 68 820682187
639 986 439938373
442 900 386276040
555 902 634206134
372 456 810894007
480 865 236869357
605 904 785257524
651 279 94338091
904 729 539237017
846 848 114793941
208 65 329262390
814 729 642838887
273 351 475662335
147 667 68627785
763 687 267879839
507 126 907603862
942 648 639643423
261 817 91740306
188 436 148912729
938 193 118446963
695 709 132532292
604 945 227490240
692 909 637370858
87 284 328431708
126 763 13338255
250 879 594964024
142 711 470957537
13 435 237760373
87 525 777276037
58 626 836100987
166 71 804479630
695 983 306642494
254 748 10544688
691 490 357779910
275 370 801580050
747 847 912071337
237 546 481276371
128 138 458727519
128 179 234291409
52 518 189130491
615 209 819499424
156 142 420799521
349 698 762168083
364 533 273153413
468 639 310664858
388 593 793741891
322 571 989745796
634 277 607261412
828 140 573950757
884 850 596023162
557 132 130226218
918 683 387304205
328 404 273000416
177 557 412213005
716 320 135623177
574 569 8420435
26 189 211734078
869 368 912057538
810 313 791564819
680 282 185719487
628 597 527261683
528 961 978505803
715 814 623299188
618 150 806595140
226 13 99890176
187 500 266832027
684 868 473442079
761 569 239844516
657 27 588199905
638 765 904326631
203 149 549164699
625 175 880279237
279 989 11030689
980 579 679099244
771 275 387861208
653 309 525768828
881 650 613935045
65 70 10297479
26 870 645438709
922 432 65558415
78 285 965872495
300 218 776145220
228 367 40867051
886 21 105615751
70 957 198750309
547 201 281620462
572 869 416022669
268 24 707930017
538 479 470885365
300 654 181042285
60 298 293800270
223 659 26093992
64 4 531230581
981 25 124490640
151 545 202091974
65 702 532098847
954 237 8286434
185 489 589610616
255 541 966135840
184 111 589340891
1000 796 211442424
309 428 446552235
947 957 514257018
675 393 203293118
157 557 720069361
549 162 575506107
120 641 531033286
211 225 504109391
993 13 420389987
689 849 54344053
220 126 245419206
524 216 19397400
69 39 481785529
238 226 406560409
689 834 199038563
271 44 370362025
828 425 359160735
636 333 265915228
590 500 798013822
374 659 507861849
281 56 51618603
614 264 359661202
36 173 997502787
350 76 957497755
151 668 364404142
752 499 356592822
418 694 821215458
825 534 113986172
209 87 489669351
211 287 478590837
860 126 181606975
513 614 56521421
77 138 88177318
207 590 942796739
41 224 151526593
67 868 910950077
636 708 102936157
892 682 82360062
308 391 744632343
863 39 729926801
943 132 886031660
442 904 897619149
982 486 387420373
200 212 303071179
627 483 705955735
957 661 27535134
18 515 949504697
919 166 875379375
236 642 263400077
421 564 692865220
891 979 867016381
569 841 849802561
560 599 276341363
41 607 281575603
58 786 221795914
68 521 436376314
992 983 881883585
1000 352 554422706
584 95 12430745
54 565 726173934
470 398 877940154
494 820 831301882
668 900 787283737
99 724 950191184
302 240 889247413
744 879 548689581
235 426 702312665
759 888 21650499
991 20 543537019
818 418 85318804
160 888 673085410
836 337 757740229
537 371 361274778
265 776 342591868
643 252 367780286
193 979 421416267
593 625 533119107
705 882 218214518
672 701 745134836
850 490 226718344
866 191 453018610
62 443 142429998
57 966 251439923
639 972 584727604
745 839 588108722
178 381 986792528
302 82 589821579
427 441 587671859
610 905 640187576
756 630 936492749
456 848 928244926
928 972 835213014
267 257 994814414
908 876 84662033
877 613 102940517
809 475 364793735
202 689 215209706
705 831 254195957
6 219 201512365
666 338 913397617
25 36 486815223
270 298 238455665
181 112 90880812
32 751 897677749
595 254 408874317
947 730 970458242
229 678 224864880
824 602 346886417
508 431 648684979
807 576 956245303
70 662 164969604
514 557 373526793
534 548 951730604
126 306 150356505
363 839 200063732
309 290 829893869
941 143 474478164
580 933 608142522
946 803 73195129
209 868 212523845
625 276 627635555
541 205 400427739
417 61 998750212
810 525 928572202
305 778 434845114
280 709 75181266
201 194 241967
245 488 961500168
936 818 448104572
551 861 960283058
967 587 790562692
712 590 473138144
503 422 761197129
349 751 858134077
620 805 242004775
477 726 143148599
878 542 163615396
774 857 252037027
136 674 380173985
743 318 196481677
236 92 87454479
343 946 271682544
939 886 676893961
746 669 185789764
154 86 413176179
106 46 194304952
451 726 647151887
199 324 474883223
281 676 859490229
275 624 455981573
30 603 229092919
976 33 862564848
589 840 479233060
774 818 912235684
481 97 1273272
579 881 357031180
387 679 651903512
540 527 68325658
215 541 783972656
210 904 210968233
379 202 927760466
48 115 850119795
852 310 625936007
163 597 985869428
794 240 227955602
922 370 225577075
529 449 400042416
534 420 695263174
789 804 357248271
841 321 207309336
602 98 758712078
395 102 755532658
449 870 909867577
314 228 627423126
695 945 28089139
776 166 951523391
95 836 945150380
507 945 741030476
737 629 310613430
22 472 83934258
804 833 220344353
41 170 726708023
886 854 703321998
565 830 301488403
561 685 4723598
780 404 764146750
517 960 329710988
969 732 809040779
280 141 340035265
565 911 53725119
749 675 82922580
706 243 293989790
636 105 728707167
25 853 978700592
5 623 800214363
500 113 696848688
217 258 822941291
896 644 586030490
654 621 693969923
376 855 612632152
882 438 475272892
156 255 30700706
770 716 363646258
56 678 141236300
703 4 555440992
104 952 668270191
53 122 211511179
380 407 583022253
960 208 657235594
823 196 234838031
304 373 113708708
788 146 97185324
993 779 336416018
457 632 280828689
229 296 746664284
818 209 70643856
603 647 514664086
499 983 14262114
569 185 934975700
740 254 265513407
917 290 341587578
328 566 388491523
911 475 642104116
14 309 955625599
933 11 898514266
286 292 983967841
69 419 497761058
311 150 381384560
494 832 425972248
274 6 917220962
128 444 633827263
375 614 171016590
118 377 579883856
49 916 990152539
844 126 27226927
902 439 223869614
719 420 294409583
650 876 159441504
702 49 309699907
864 231 711711625
671 560 621455050
854 741 892900491
946 856 383368860
651 634 141130717
530 373 986688653
522 664 620817781
819 776 477848903
631 969 287492991
371 737 38272540
675 846 924301500
153 311 788154872
873 242 413955476
702 477 128720362
570 815 608326037
320 413 53064944
584 863 613699407
297 566 892356758
654 85 655108458
590 601 831918954
798 664 56653192
691 184 952337216
600 273 686377829
368 497 888805357
876 598 98189559
66 574 970834638
310 135 55125382
767 377 797238575
680 861 420357796
474 346 305165060
418 843 553649369
773 858 37753393
745 83 216231156
196 238 840706727
281 48 808231337
452 339 418808857
989 72 929242734
796 967 253885055
284 589 141689030
435 18 744011378
906 878 478244106
562 325 253276971
639 165 672637695
382 586 658302699
71 476 168716381
18 850 740238102
305 71 55593374
587 656 349711449
743 221 654625950
848 251 565737962
546 291 689727911
334 592 19788390
232 449 367639106
202 123 564290649
722 149 772990493
81 726 467603515
311 138 605398154
7 615 227783560
556 202 571802297
232 715 512954384
792 740 340215485
855 324 154410052
71 531 289670992
741 164 915626979
319 368 410587586
488 451 399006100
973 272 374017933
924 315 746973037
324 216 580342133
62 94 657708466
709 460 295066917
299 503 351950607
433 541 303537487
60 896 232763928
186 951 583800330
717 349 275939825
24 773 466038331
899 53 285280429
507 789 182101781
668 148 508964392
527 814 119292088
518 829 829294991
32 747 941838213
22 346 390721777
965 595 750748395
989 481 2053597
341 364 836664693
211 515 556946316
822 36 483905505
160 464 482954634
975 626 318789243
285 825 554508747
248 939 999476205
667 457 60172803
289 581 369855637
850 250 25595528
610 729 943771499
742 425 153010768
130 345 643829894
969 374 263361776
954 673 577549796
991 228 180650211
383 111 118474
327 377 559449918
746 299 155026096
400 158 392896321
288 66 721105263
486 422 524298181
918 313 998727885
851 323 940815505
590 538 412497209
270 464 972350132
611 287 940877386
133 308 692210311
822 714 204490535
754 358 656879876
704 469 815694014
98 896 735342479
834 934 942771685
176 401 351047496
598 746 52381974
571 471 727154895
941 746 518362065
392 577 769086017
806 600 106965003
677 79 141300862
56 905 971613216
224 926 897439292
413 945 584036676
361 667 287932583
1 91 792850582
673 376 234347448
639 247 621302763
957 385 968798305
257 695 618707152
988 177 737772750
590 464 243971768
219 752 984870183
958 291 945856554
843 503 691765946
331 93 286487543
869 338 285984850
813 117 537856049
595 69 968618671
690 969 338593029
538 305 536655543
229 857 266410862
627 494 551301061
801 457 893762208
30 442 42502184
65 447 477130055
413 277 664663315
69 625 459883452
331 840 848819016
603 444 19996330
291 290 469024039
283 832 205794043
339 116 904539037
210 338 1885738
282 408 992763813
796 416 672484028
482 764 241086471
746 776 938334559
250 539 256479219
339 978 239858846
329 851 799617103
903 974 436679689
913 251 772531855
170 619 509758595
85 924 152996071
771 624 310170916
575 176 522845160
148 671 987815560
569 787 739543356
740 60 313265865
225 203 781026579
3 121 971290687
192 954 109155903
74 566 386374219
353 985 454476923
15 565 256691422
45 562 311752209
915 636 625476581
100 107 86996132
344 226 84868822
666 175 860408737
471 426 700417911
941 487 724635688
374 554 903204838
450 36 866888234
763 19 806885012
769 609 450771251
50 783 853434444
78 103 493410908
138 908 644477907
220 281 947699180
464 543 192895363
424 718 815595953
673 264 203281910
909 604 680000398
642 697 437024540
19 602 968255281
294 630 911655652
987 245 837318807
795 424 199437203
918 141 287212115
294 784 724188728
295 151 847821676
402 457 902119133
874 69 577376733
95 99 108720681
36 968 626370982
610 821 604920207
672 8 595202996
894 217 601758939
943 76 726490385
253 532 671511870
328 767 52581233
909 416 313056921
81 528 899239131
77 75 627366223
65 436 979745629
456 802 341092860
111 411 544096498
647 539 609082238
635 832 904746942
168 99 253920391
515 363 224957450
556 558 766165208
852 508 255572666
279 398 934306993
978 179 726778888
634 531 866424681
298 752 643437384
134 571 604071220
635 828 397153716
452 312 137541770
934 135 683139589
197 273 30532408
98 972 287879351
915 738 292044142
850 641 727455097
950 633 304392094
607 518 824171829
800 180 517753565
222 534 414031643
56 825 195423547
795 303 422760135
850 970 194102199
933 751 521940837
47 242 506047416
889 643 640179340
284 386 838290612
843 639 487731444
633 371 271733253
571 738 142193848
209 741 811670604
875 144 399544766
229 268 39660090
242 776 10693680
606 854 679953081
984 921 886041927
751 659 468256190
186 351 737144701
713 46 470676279
428 494 214956336
254 9 799711317
678 896 192227394
221 215 40610831
742 142 185209274
994 912 394367846
417 14 750509924
656 955 75538247
885 406 182644308
774 82 254009921
208 704 148733894
927 106 779371054
652 623 293702358
735 579 374483298
664 716 329530141
161 401 457438109
903 64 617253792
708 761 96131446
156 368 319953180
6 253 725136717
472 317 662578209
371 227 613738854
43 187 996015047
799 234 88399836
144 407 497649733
382 851 386922712
436 83 29878738
89 485 702015052
195 628 42072128
237 623 27528961
712 205 648945710
576 497 950482650
423 405 161029145
426 760 919413847
936 943 770554522
670 374 918528525
383 767 182273610
989 939 612508832
107 855 688087615
118 14 499932403
411 824 950724185
740 91 859665088
100 963 400833155
102 937 453060999
428 207 809224215
604 352 304810887
227 400 683466491
29 74 607158222
564 807 928835408
694 996 809731654
268 575 753751095
962 490 648119792
174 302 304594553
594 953 98726972
626 551 295463853
863 490 136391895
814 803 998014344
55 662 406911486
353 322 892983322
644 856 268364138
49 521 364353959
187 728 55919519
529 233 107799552
191 609 533105889
260 982 152809400
823 721 24862158
400 851 477315624
493 310 297602721
42 888 857541927
229 79 634545470
938 791 216474858
634 350 252413521
868 248 326714235
364 961 11956125
903 477 741906427
263 7 343845972
171 313 211455106
276 74 891214815
774 372 859180439
445 743 549776482
833 258 63421323
43 89 136646924
832 361 467599182
185 904 40147931
255 358 473670661
