1000 1000
423 216
216 915
423 308
423 893
308 69
216 45
893 966
308 13
966 600
45 236
893 394
236 585
308 364
216 149
13 625
236 67
966 1000
236 843
364 998
13 761
625 937
45 156
937 134
937 704
156 131
937 94
67 349
1000 860
843 126
893 763
94 685
394 914
156 166
843 66
914 483
625 336
69 330
13 228
763 841
349 717
761 176
717 762
762 619
841 563
585 477
585 415
45 975
483 557
717 744
69 656
998 129
656 546
156 434
394 297
149 776
546 864
619 14
364 568
69 666
685 506
423 281
506 300
860 160
300 956
477 329
434 471
557 662
625 700
744 323
956 141
506 24
914 663
149 109
323 770
176 271
66 740
415 213
323 396
998 715
176 48
477 849
506 257
740 36
563 768
483 684
666 99
860 291
663 997
477 457
666 643
557 881
99 690
67 269
160 922
329 592
956 15
129 445
546 347
396 949
762 161
656 874
271 219
160 222
134 815
740 249
161 714
662 535
975 983
864 57
249 712
849 806
922 596
684 104
762 955
663 404
619 486
109 313
761 940
966 612
998 321
67 464
349 77
684 901
347 617
612 326
57 532
36 624
881 542
955 835
592 254
546 525
445 804
770 128
404 774
249 64
617 487
297 256
394 861
712 783
592 694
684 917
464 942
99 595
761 101
77 173
685 98
901 990
617 733
535 182
815 764
596 51
64 392
861 450
254 978
714 519
228 89
36 283
643 205
392 306
841 79
783 82
585 384
815 508
323 820
815 988
104 778
955 626
364 174
508 984
104 425
860 622
820 22
990 84
64 49
770 87
835 340
843 377
841 589
15 110
563 972
940 565
84 879
471 370
257 298
300 577
879 481
487 164
149 631
685 883
77 798
297 723
77 797
298 566
89 935
256 834
254 316
723 773
519 184
89 871
595 465
129 218
297 872
626 621
316 341
370 411
99 373
370 65
340 848
972 698
917 667
768 912
565 752
464 528
797 583
141 968
912 290
166 78
79 140
804 943
804 427
101 196
94 238
89 742
600 664
778 979
612 3
109 832
222 703
306 117
883 188
411 536
978 288
109 376
141 446
336 494
228 245
820 357
22 240
341 576
213 547
532 652
134 601
271 368
176 951
662 335
624 475
901 677
568 452
446 868
662 262
975 862
601 8
110 944
568 718
15 873
864 73
117 743
690 814
864 680
245 123
425 348
508 691
768 854
326 805
164 252
901 653
316 511
783 672
452 659
568 980
566 769
238 443
228 145
990 76
547 255
377 989
659 794
373 170
814 83
140 971
566 319
78 903
240 63
475 866
770 605
776 324
269 926
129 292
605 388
425 148
15 276
427 668
691 34
3 551
820 629
605 389
83 747
624 904
481 199
656 344
340 635
443 554
849 405
483 239
415 673
635 105
740 250
377 108
24 422
944 400
834 111
239 851
271 211
87 950
161 529
566 285
83 606
141 448
677 154
392 839
298 842
288 959
283 799
404 144
66 449
883 647
842 567
717 669
622 52
357 7
256 544
166 813
291 125
52 728
532 135
690 618
596 734
879 573
647 301
595 304
773 906
773 571
989 578
668 387
565 581
596 402
704 333
618 934
997 539
290 62
161 277
249 363
333 414
414 933
66 246
557 244
277 533
528 418
63 46
643 939
794 72
571 136
768 615
135 732
805 829
773 569
101 969
396 857
533 911
199 676
944 751
862 505
83 209
528 504
969 515
277 716
643 609
589 807
700 590
528 278
278 428
536 122
714 293
111 172
805 58
829 512
862 560
769 133
414 224
663 537
806 689
971 212
87 55
283 80
244 118
160 739
368 754
218 85
567 295
672 603
457 555
915 454
110 37
465 607
555 482
581 876
37 484
255 953
769 19
700 786
254 613
704 767
631 795
222 103
969 165
335 553
277 789
98 918
104 456
926 930
450 679
487 41
418 765
486 436
184 921
87 197
612 777
939 670
481 675
972 480
829 312
164 180
448 518
22 92
765 888
62 113
733 198
653 781
64 526
694 147
797 70
605 822
255 651
446 520
563 540
971 654
576 967
72 549
341 121
767 379
384 463
276 59
943 492
629 827
539 960
609 634
921 96
629 924
774 287
387 574
624 386
872 701
754 461
795 27
471 992
592 908
868 440
461 638
475 229
765 801
287 502
34 430
445 353
654 318
19 177
747 821
754 358
222 435
540 185
615 187
807 771
767 467
411 616
616 630
244 378
631 586
482 488
829 53
229 227
574 299
747 12
915 800
539 785
904 179
209 891
213 432
418 938
349 729
577 274
62 485
218 328
278 97
813 259
581 243
571 317
968 856
358 597
956 491
257 570
704 910
73 867
110 195
131 746
324 489
651 572
915 343
939 4
229 858
949 171
763 991
827 702
600 275
989 902
549 472
795 191
617 413
313 920
690 579
290 919
182 898
742 68
573 345
631 429
218 28
504 248
101 183
975 132
881 730
227 838
96 462
298 214
525 286
798 169
378 772
68 303
526 757
489 190
607 86
316 928
387 352
785 999
378 681
590 258
489 1
765 981
772 602
980 907
679 282
502 683
122 383
281 748
92 268
675 44
197 863
781 737
467 927
188 458
904 753
458 710
635 894
739 155
572 273
634 264
774 976
252 200
105 25
458 6
839 42
319 33
80 408
411 640
621 476
555 688
94 788
105 412
640 47
613 95
532 284
219 332
198 235
949 127
240 658
14 516
485 510
688 816
626 840
256 639
292 593
902 696
581 852
867 514
182 687
687 954
774 759
788 403
243 628
700 661
68 584
785 650
881 130
752 137
376 106
341 705
525 315
130 437
992 369
547 531
544 965
529 21
626 534
353 406
728 627
863 138
654 865
240 215
127 230
742 93
65 779
121 416
510 678
51 527
59 9
852 88
173 289
34 875
348 102
353 424
613 543
174 371
449 809
489 952
111 591
814 973
324 824
286 850
921 796
757 693
324 931
942 501
412 251
467 845
319 220
85 338
629 561
437 695
903 674
983 151
972 996
627 633
435 75
997 575
573 611
785 38
449 43
133 314
487 775
436 958
243 20
65 451
212 208
132 706
634 859
98 311
75 530
211 474
182 986
515 355
611 812
230 433
813 548
491 750
132 81
680 936
70 320
96 393
330 556
973 755
172 266
635 124
408 905
78 91
224 17
806 836
867 54
730 455
980 899
936 587
701 741
753 766
102 932
775 985
979 756
959 473
408 207
134 74
822 665
144 441
732 887
118 671
34 760
775 853
688 642
245 223
595 479
429 846
138 159
981 847
931 974
49 521
845 253
449 395
856 545
519 375
235 636
868 399
211 367
446 558
463 637
17 35
169 444
251 724
681 420
689 697
642 490
534 503
965 361
262 929
627 32
173 961
220 509
512 738
28 362
464 366
373 735
361 828
91 478
547 115
125 686
284 499
903 263
251 831
854 139
340 261
135 204
924 354
940 100
353 322
42 30
1000 982
59 826
570 890
875 189
75 231
628 945
434 588
505 409
919 40
939 178
553 11
760 644
188 731
80 808
789 791
427 18
778 758
696 342
807 810
62 970
600 186
169 217
894 225
584 360
70 522
537 745
375 523
123 309
284 267
8 241
543 897
336 339
283 784
936 896
113 202
953 721
693 417
933 305
897 162
783 708
510 711
313 641
888 819
821 552
303 401
238 466
288 657
738 782
552 709
404 913
217 26
636 787
263 50
782 294
92 410
76 837
565 598
567 380
166 453
111 648
445 649
525 833
401 365
619 426
903 855
924 442
748 193
797 877
25 803
544 350
435 895
379 5
326 206
634 987
598 421
515 146
285 120
355 682
731 870
453 802
383 39
285 469
952 517
935 152
122 885
858 201
3 869
409 157
139 493
834 307
58 963
301 280
179 582
742 892
261 439
95 604
536 29
754 559
40 817
938 946
913 210
133 562
650 327
821 359
556 459
784 507
386 175
673 900
681 811
347 114
809 886
476 71
54 948
526 880
611 780
680 242
986 610
734 382
932 720
164 468
257 302
442 844
239 941
336 599
458 272
533 964
810 397
251 334
755 500
493 646
373 10
862 233
71 158
59 889
963 419
808 23
481 431
743 916
718 390
82 356
883 16
268 608
359 61
879 977
739 192
652 623
12 994
530 957
755 112
640 447
117 699
169 825
845 90
384 265
152 351
912 391
953 31
259 538
578 232
847 150
201 168
987 962
936 143
53 660
808 310
49 497
86 385
623 203
9 925
552 119
720 247
957 736
789 226
868 495
996 793
904 142
511 524
810 325
958 614
208 564
804 60
490 550
969 163
202 541
908 818
334 194
948 460
391 270
387 381
989 993
350 909
189 995
691 181
957 438
945 167
654 713
782 594
68 237
136 726
208 830
929 722
42 398
782 882
91 725
951 749
157 884
870 496
181 337
541 279
499 632
890 346
137 823
541 580
36 513
672 470
429 331
165 107
726 792
422 296
817 234
358 645
6 707
652 372
97 923
285 790
395 947
76 655
518 2
502 727
41 153
999 407
82 221
974 692
947 56
919 620
174 878
722 374
640 116
309 498
572 719
146 260
72 772 629904189
550 804 631686633
884 887 387933880
217 74 962178367
766 490 63977989
751 117 27556314
173 497 685461454
946 872 829944565
430 267 309059309
716 697 540176353
397 675 138526085
174 408 872287230
131 120 494603263
499 232 317770985
649 650 458655795
312 951 909401443
819 741 44290479
179 290 25041450
305 857 475150177
852 326 13667902
875 775 960868578
487 390 919544505
279 429 762288348
704 290 349166797
3 911 633552441
45 630 771967077
259 760 495659934
621 553 470793742
46 842 35365346
348 659 225667503
911 527 421565513
279 483 915334369
223 929 923964338
38 164 124608875
738 215 251076803
550 524 381593060
125 245 670833620
400 208 16438415
941 401 96514213
579 792 723870340
460 560 585208318
797 59 675718792
961 639 941964530
781 182 57153096
401 843 443103375
178 967 705532770
597 283 140714910
323 384 757719880
218 890 736422441
159 199 180806441
877 218 280814539
344 901 698966737
9 323 526176795
928 321 496288894
872 493 376262583
657 742 507940854
568 975 716304091
783 340 818452669
107 991 35627897
152 5 912679745
660 978 596893886
526 838 182024916
800 151 80754110
77 242 233376031
726 494 751482489
59 771 827200479
926 403 92584858
200 212 700413919
728 58 628576868
403 871 669736062
900 846 695788624
10 247 488701757
615 645 495494002
349 144 929133748
558 685 849980048
158 129 902216203
863 10 663605000
507 623 441556479
90 747 201429240
974 652 277900900
390 701 234347962
669 116 673170295
454 642 803006326
971 410 828070071
993 722 137956804
779 585 258153625
230 747 484386893
342 145 753438342
577 565 659084514
974 777 113231643
835 372 306337975
686 547 150279871
269 682 765049461
336 278 395362195
819 647 268468416
305 450 570281017
94 175 369782964
489 163 885786039
652 609 59333313
439 409 675109654
519 62 779239001
325 677 743760065
594 282 996548503
744 840 452342747
914 397 114857125
549 938 197533663
682 767 283142731
291 864 329774067
552 700 923165342
344 516 835860639
300 309 764775104
37 824 14266486
571 860 62044663
578 588 424061617
415 596 275263096
1 271 51817206
49 803 313591490
186 706 737267280
797 965 315926893
691 868 588110957
983 310 864093623
864 295 112260360
612 385 81333312
592 773 809793838
250 394 707810428
971 295 333031598
779 251 339739181
955 509 808900194
898 512 948774616
508 320 131910234
423 733 842519166
806 580 287729847
878 880 134077203
272 992 228582059
132 61 829614302
206 7 360992608
199 372 545513560
984 367 762800562
152 621 795443931
665 901 970814637
95 473 27138619
44 292 689437276
200 184 836240249
549 660 917785358
147 970 629388408
476 152 788942031
978 541 470365574
334 495 789363386
349 810 743236938
114 180 842753006
184 490 542808723
635 343 845891206
585 23 258459687
16 289 973612113
648 131 949628471
492 481 424542952
831 971 795470438
722 296 886722034
98 665 761043582
816 229 227123940
504 521 785616082
585 203 948056982
716 942 944561471
45 135 18601879
229 892 192902008
438 485 935005083
125 595 115743494
909 360 205452059
422 408 17779503
605 807 871241503
389 797 856243349
747 229 558878548
35 333 2946998
217 392 735547058
96 631 727143540
75 728 670301768
179 103 142744848
955 664 283424632
9 667 560084749
392 1 632589077
929 425 615987054
916 276 509011576
855 40 88725863
432 471 728704031
943 608 747544286
793 70 970819436
419 63 365659647
282 661 353898934
351 115 824566641
109 726 521166761
570 151 555164031
234 478 59685417
683 319 113158058
340 509 210473747
945 900 281871123
305 706 148992694
309 768 323613531
153 328 226616599
270 111 563240045
349 602 959769344
527 161 402464521
862 196 743864040
875 35 53068765
803 242 843021059
665 50 117657916
543 374 491549751
920 835 629774959
646 970 702513248
120 407 292587981
2 908 102654135
570 759 840593892
972 421 666749263
567 310 67833343
685 969 646314849
65 792 139115982
938 659 181889004
774 347 963569499
427 458 251100238
106 200 851597182
700 374 735575750
301 496 977283149
375 419 593281940
609 271 999654162
519 719 690756359
599 155 452830245
331 507 175985386
432 248 260844834
653 983 329140205
574 943 40030512
711 284 682638143
291 603 750282431
264 406 654520365
723 600 620974658
95 504 224255829
748 605 33256241
883 4 939030413
822 768 187268808
707 627 289787800
673 338 122180097
298 885 359353787
821 193 581583758
413 914 887724397
200 946 549224891
400 882 220103427
31 730 418894047
140 723 110582377
213 890 59389693
24 368 599159698
695 202 810328041
995 696 765464392
286 226 533022366
225 482 265559416
945 753 477072832
669 791 463491446
564 387 399588537
890 47 361775125
716 328 274552872
901 988 161784082
9 465 903718524
187 777 3564329
995 150 328420432
18 203 303636143
795 321 695178716
927 184 192591584
522 964 59589372
368 768 265301108
293 787 728579784
986 659 853340359
98 793 486522568
225 534 474344049
300 756 318998119
320 648 892007085
588 418 118635196
446 419 204725065
979 141 267141113
948 482 570496135
794 263 419800891
493 501 179897066
834 985 509227706
69 75 342888107
923 57 525279427
429 788 532375015
972 599 901050774
773 739 463892342
335 94 814788305
953 67 814341584
536 826 647979398
4 553 896545730
347 819 267007634
484 434 930115053
676 590 862106419
127 379 623706566
911 134 828400865
139 482 897982320
401 929 357564638
712 842 148469840
395 980 728188769
420 383 250415486
307 679 939940684
357 53 184848090
401 370 173303013
37 419 952490874
893 507 152036020
469 817 50081659
947 532 923008628
781 437 210389130
282 886 609823692
949 290 849513010
297 276 207300050
534 60 96382490
983 990 591976419
215 477 140658133
792 1000 808241296
334 987 507419640
314 47 558535501
353 717 272577740
213 315 501180741
143 679 693321834
485 614 455631722
755 249 39804363
552 973 375372156
516 449 427088031
574 872 669710673
811 622 134423509
938 388 132353429
63 473 289889891
35 414 660973806
329 171 859176104
949 378 234269064
135 433 890238161
375 686 216995635
518 651 115850805
727 509 93361681
757 642 808426911
683 27 880375772
282 596 252651081
757 94 425938908
12 85 200818000
733 443 323774350
975 219 379537308
671 445 390979323
789 149 532395144
549 572 171482039
361 81 905478419
453 528 175245444
105 625 86192565
72 876 644117288
871 616 468221350
581 63 38319485
150 541 746650835
899 350 3805814
887 355 157905613
235 489 436879676
207 253 848159556
618 10 170816409
498 732 204319808
884 969 290637303
988 240 114473218
540 957 926090736
751 226 950299073
636 989 198532558
716 360 175231420
735 544 651042429
971 480 413302228
152 344 583230131
557 749 165942351
808 673 977914650
68 181 884446988
857 720 47330788
658 830 964268927
25 980 27912156
736 258 7111247
985 118 917407797
311 498 959059335
727 946 402522445
42 975 112056630
574 431 839266262
24 920 167300747
801 803 852814186
592 546 640879151
245 150 535520449
587 337 194067348
885 292 373020205
642 270 39024307
598 894 277548626
983 188 229966844
274 351 351494853
593 150 279402443
567 355 781103552
903 475 594671634
211 195 107856890
64 144 26685147
657 357 901140526
633 703 640095376
934 772 391082616
181 727 821256220
759 171 448431218
142 76 432167975
24 365 155176202
585 432 959244982
537 163 997508981
185 886 567990977
596 456 49969630
570 850 103969530
544 494 487494134
333 436 7631116
770 331 247008998
683 821 491360024
428 589 369304161
727 689 771775673
861 291 842019106
656 423 626285005
646 672 444564035
728 802 319200509
638 567 613833113
695 701 471812925
577 790 57923737
882 673 216330186
671 855 212290124
618 227 991823751
739 338 486376675
295 348 446949462
202 714 171118825
357 904 361863580
862 263 563834647
653 850 35842955
156 133 4004748
821 325 390651729
270 345 66190191
760 705 450131696
436 568 634845197
619 292 398578758
125 605 214022621
585 101 98266991
653 60 986790660
561 298 244641168
924 548 23596531
862 367 310316302
246 439 534310135
549 834 528820843
403 865 234015852
973 437 770218665
320 835 39342227
877 934 633048154
476 482 955618303
523 610 219449465
55 62 250423810
409 297 648295554
285 102 738712329
86 449 67610853
753 647 954116414
1 951 755013855
645 449 506185760
251 11 796878475
98 817 6440532
110 94 728956011
412 502 353064434
950 483 9334060
831 417 531761253
315 658 36468543
174 544 521692567
619 82 158724303
893 625 237950929
805 473 154474531
792 158 655441781
305 331 961410428
567 699 434440063
681 716 255527286
566 331 771130459
467 462 302608318
73 376 452517248
713 357 462856633
147 565 947369936
74 910 816323545
305 299 984141707
21 234 790644538
338 999 535666100
451 37 924337838
647 587 345043044
588 1 493753761
554 570 355343045
33 682 205601105
978 215 731740492
447 801 60000206
737 315 240655067
374 186 223945687
236 532 127643281
846 748 469006589
591 493 102351085
390 889 19251793
688 221 618905283
973 853 71980013
177 272 202023824
542 919 918704705
911 473 309085985
809 297 206724679
150 833 787895859
540 201 472387319
71 644 586754913
654 163 47731331
937 265 448574192
38 396 962264350
122 903 91835591
658 175 202220188
332 679 503028262
843 375 949311915
878 190 57505164
516 135 465246048
346 902 265474733
237 468 50002931
32 80 940827081
789 923 118096518
728 703 627807549
493 76 412186109
695 998 155384927
530 463 365392975
464 440 597855212
792 598 810508966
98 466 260296902
986 106 100275666
625 473 151426989
966 388 431978709
395 608 947884895
74 713 353035091
936 765 71378328
148 376 371658144
889 185 158886427
224 67 659106410
928 121 378861488
720 501 663713649
938 141 783970977
405 483 943792932
361 378 777109064
874 212 949033049
252 238 600314555
264 47 655103381
395 530 755345829
997 606 179826029
168 545 681863955
645 843 745999107
731 123 841912837
837 45 541731454
830 259 929050630
377 136 961386784
367 870 572852778
158 456 547468669
413 103 151475471
577 940 901640503
566 416 947111058
141 143 722418179
290 447 450680326
424 779 971589044
192 122 302457104
344 927 625888396
600 801 567628614
857 931 370902762
53 563 617409827
633 163 205887789
200 827 62977202
837 883 310276741
678 65 207770250
767 219 594402495
715 410 922704425
827 159 663655585
248 525 209275195
171 597 352250680
64 821 147969370
55 768 566283972
100 904 575782104
131 760 860581620
865 547 472515629
21 785 854882595
590 570 404353926
278 893 266911369
758 397 475984914
641 620 348757087
428 314 218257482
90 93 323732194
186 210 264666729
421 401 323137931
291 284 294770476
51 928 843535245
660 49 625981331
40 860 380936601
511 889 712573164
792 689 156728348
488 281 127177007
466 472 140760007
368 983 829313090
80 191 190020301
820 863 222409165
290 822 919832142
644 256 956324879
991 517 845301796
598 37 684895727
549 348 422775527
970 664 786828071
645 922 434528189
412 643 785408658
915 905 39358965
949 876 211496632
862 452 967992021
370 708 302241880
183 155 62813086
787 31 338745654
428 389 377034581
804 917 48312185
174 655 542025658
747 780 104728750
74 977 511578116
404 329 600974985
669 620 590335092
352 734 155885395
406 452 338527407
553 920 40254730
740 898 952179372
207 605 771033639
774 197 503670720
843 674 731081754
826 74 479528769
802 931 470408970
415 492 682338349
461 928 737038582
525 4 866863326
93 49 324169986
861 420 247760768
541 411 69530779
671 655 769487672
838 378 816470836
448 793 982083053
775 319 50723342
295 837 116004376
437 605 263241465
651 960 949593397
66 212 873938475
917 573 780113669
128 422 40864866
891 880 118111731
142 667 216373923
109 120 150099028
868 727 522826221
21 466 456069827
766 349 77588206
284 183 480522969
762 92 901494007
758 939 691262099
860 591 476387722
18 970 663088210
362 627 826573635
53 826 298023390
30 946 892039323
702 642 140940906
820 955 696994111
751 726 777512135
562 229 544014265
118 621 7067114
356 228 936736496
736 642 67256160
75 571 922107605
426 534 959287866
558 816 407390606
38 457 146384300
513 824 580655256
946 680 82006247
867 614 212470333
76 766 696198899
54 595 565795241
257 981 345907085
238 316 49205177
768 555 704452320
814 57 477716417
55 174 34153953
576 40 793559004
20 305 996893645
415 44 963395459
271 20 898490539
927 20 602657750
988 928 365200318
179 598 50019347
951 379 853819911
539 988 151893200
591 21 752289736
609 666 324896298
370 257 863721236
558 591 760431249
811 15 918950929
110 504 12871618
221 856 209339435
297 813 525644272
39 875 361450721
700 653 385336263
468 481 579654279
506 6 839548158
630 35 261951784
132 495 874747602
565 500 701446485
910 121 283864390
355 45 134270913
879 778 489207471
636 391 80160167
899 565 810607748
135 379 22021448
203 571 120519977
895 822 18043323
277 104 87075062
23 314 223198514
217 10 890761373
631 670 840268150
398 832 533098542
512 835 533715970
483 15 490987826
84 70 686607344
239 838 674253716
191 140 228417594
844 384 819752747
968 223 939956823
816 501 311788965
336 678 234294220
414 724 268264594
482 665 315634588
201 49 802047949
26 13 222033711
989 906 338917787
585 254 48456665
596 963 686457876
642 451 576698109
62 455 834773509
212 942 905233247
312 583 511089029
756 502 416341825
607 762 920173418
128 571 244429765
207 841 542875154
73 149 579927382
989 964 172913539
542 251 235184164
314 863 889793535
745 884 438034314
854 366 649976893
686 919 496076585
245 782 543695631
207 531 635069214
566 786 587443159
821 738 601600754
865 566 749886162
23 533 356442945
677 567 773888027
163 247 757017753
528 735 513883436
10 295 898162100
635 203 367259176
757 378 324921687
504 558 763406365
680 344 713299845
621 527 586219189
7 207 513040899
442 952 764723254
540 792 502177453
676 924 942351908
966 990 345194204
786 790 740825775
621 975 885917263
768 712 134018473
899 160 353983526
7 79 758466628
724 390 706066597
477 369 75082253
143 280 567751313
558 345 641643571
164 686 707517984
548 531 318315908
391 488 880467995
463 458 94907801
582 360 775578924
139 817 755590421
366 207 254450296
584 389 180168592
938 36 767151705
114 686 55953207
689 859 152439181
603 60 173108899
664 597 627674339
910 324 43984971
87 377 615058037
626 507 775128597
670 987 155019685
580 344 112289860
657 544 521518693
905 566 932728811
5 529 29202875
271 555 750772341
427 733 724040362
26 126 465638403
513 296 191713788
129 784 434306763
982 801 194994241
694 92 866233510
74 871 837009776
405 748 398894470
202 717 761125550
574 291 127404899
123 925 924825689
394 834 143830146
261 365 154705175
753 6 103264446
449 532 787832132
776 825 459373923
566 962 385209189
628 213 870078369
126 580 86882359
547 451 675591186
26 479 344925780
728 382 773630068
256 46 386943716
566 425 292060419
294 47 150492154
102 919 227011377
93 813 875402860
801 785 907181040
338 447 612883673
455 198 369489195
603 661 190972813
376 217 833102916
384 313 41534323
819 86 972113418
256 840 422053455
172 600 592864039
50 462 502277593
150 853 858436890
160 675 240644257
856 694 984334046
882 629 380742204
852 312 10626757
57 88 765975255
972 262 577329917
342 380 15033297
510 380 61570197
833 888 3452911
793 407 583906272
536 630 603053982
359 131 111534295
139 781 785327015
462 186 389483425
208 826 137119624
158 143 999235919
782 305 314693452
780 413 205871802
597 79 157833031
729 86 162563877
465 884 663594669
811 398 289776229
961 474 347952498
791 717 232701743
742 265 439173832
669 477 36769208
764 410 844433128
483 233 549066109
94 794 647004985
922 262 793582911
954 441 186268011
237 117 332470532
757 249 972514793
223 909 256142456
958 492 587983513
448 808 432194069
983 353 654460888
715 147 305883956
762 827 321730327
265 154 791896825
761 165 528861260
922 876 889649735
966 762 255205961
833 972 815354815
382 46 75323105
694 262 511358697
975 250 240497958
444 872 449428850
881 221 944215023
495 632 452369318
412 949 152342402
192 724 713256760
148 1000 310524845
409 722 749437386
255 581 755978005
870 375 459216214
43 701 987040335
327 189 711909271
805 518 943625654
66 896 443130523
675 238 483244689
162 620 76803482
269 427 728123562
618 135 799930646
48 36 20342764
766 960 288658043
588 406 749820272
387 985 113656772
549 359 434595173
569 678 202387936
540 192 66013800
286 135 669258636
389 707 933951339
146 51 125873727
660 745 225087521
327 394 752874306
326 54 613681021
46 14 222966446
764 135 533879064
101 451 355276767
292 336 82331628
747 698 788101684
16 548 915949952
214 921 814865000
589 665 971985277
6 98 579974821
47 395 152616694
201 514 448010681
520 281 781926914
623 905 174058345
309 180 22469479
92 979 364122775
322 69 245381082
191 792 214146181
282 645 165815250
296 269 921405136
803 81 531867809
366 829 35656481
768 276 569267954
944 486 531964970
114 732 9409156
701 244 86488008
330 52 440634085
430 579 260311199
405 813 631062540
996 206 757202120
543 26 994035175
568 22 597154381
15 918 227273693
382 974 783527249
235 339 802510607
248 472 773675786
850 140 304860050
344 826 797301793
556 247 511733762
29 623 484843131
29 126 962865891
524 443 277644999
195 849 181567325
42 84 929348666
358 601 350900801
655 349 500593893
725 312 582141959
657 565 300532247
771 795 191570782
77 492 261643206
266 334 408987979
781 442 921179068
494 605 117479809
427 630 597598807
844 955 245305228
591 993 195479993
39 537 798346624
364 448 421694618
606 568 973799440
330 119 945522929
277 661 244447457
363 367 676396126
987 895 282996866
865 400 679368842
198 533 420628566
181 408 898763415
436 270 736184969
794 682 274571416
174 173 690926777
350 717 867369324
465 705 550295740
509 489 235096655
353 374 480795001
736 692 464110686
841 692 518464687
896 285 786721377
850 186 784561223
540 245 81461890
617 34 114248590
236 876 18085646
753 90 724243075
854 209 866667904
733 222 84849484
995 521 958325584
186 928 108925834
376 910 798287555
714 524 126878953
482 639 548242791
229 405 660841676
428 660 25175000
645 758 71674627
968 498 190625261
962 297 757932303
396 145 170642956
55 371 809403594
