400 1 1
93 157
240 337
72 89
188 137
248 49
40 89
346 49
215 49
42 33
135 372
335 386
106 278
79 137
68 33
34 386
238 180
205 157
49 278
354 140
100 386
186 180
389 164
101 180
50 140
36 49
35 313
91 69
142 295
45 33
165 357
319 326
207 49
291 89
132 33
37 326
126 372
201 33
295 337
4 152
13 228
278 157
88 140
159 386
64 386
379 324
175 164
63 69
206 140
347 324
70 135
303 228
272 152
103 324
368 152
320 89
183 386
149 278
139 135
82 180
39 157
377 386
325 295
15 180
57 372
41 164
227 386
181 357
262 313
280 140
385 357
25 89
264 228
344 372
274 337
60 386
258 135
156 152
395 313
232 228
2 228
285 89
254 69
85 326
20 135
12 324
371 324
396 228
351 386
120 137
127 164
365 337
180 295
61 137
198 89
372 69
324 357
332 313
260 69
357 135
208 337
75 324
246 49
184 137
315 372
209 295
235 278
211 137
230 137
270 324
86 157
213 278
305 137
241 357
193 278
155 326
194 140
176 313
247 337
58 33
94 278
204 164
69 33
391 324
117 69
328 228
44 180
265 326
81 140
18 164
130 152
51 164
323 135
160 140
154 326
284 140
166 357
287 164
378 49
56 33
249 326
331 157
383 386
374 152
90 324
136 69
200 69
355 313
21 137
134 326
210 278
131 152
269 140
168 295
244 357
65 326
214 324
321 386
217 372
110 324
239 337
28 337
169 69
236 337
173 180
397 33
223 313
221 33
138 140
192 372
43 137
360 49
38 89
384 228
105 313
388 372
366 49
382 313
220 137
306 228
316 49
102 140
343 69
400 135
242 137
140 152
95 386
30 89
289 157
185 180
48 313
104 278
5 295
54 157
290 157
83 135
300 152
172 164
97 324
158 326
367 324
334 313
252 49
191 89
98 140
342 49
297 278
47 295
143 386
187 357
225 140
345 228
314 337
124 135
123 337
255 326
393 140
302 372
358 295
231 386
292 357
392 357
151 152
298 137
178 164
352 152
67 135
59 140
271 89
3 228
203 89
308 69
375 49
202 33
301 69
361 180
33 228
161 278
32 278
6 152
257 278
362 386
253 337
333 228
336 278
369 357
251 337
157 313
338 313
80 313
309 89
8 152
390 295
340 295
310 357
318 337
276 326
261 152
141 180
245 157
195 69
9 372
111 228
16 33
144 89
170 326
307 357
116 33
356 357
233 324
87 135
394 278
150 337
73 337
296 89
387 295
381 228
66 324
164 180
119 137
107 152
212 326
115 372
250 137
112 49
312 164
1 357
174 386
364 89
77 228
118 33
22 135
31 228
237 372
386 326
137 324
113 278
219 372
263 228
322 295
121 357
359 152
53 326
281 49
370 157
114 295
373 135
330 324
14 164
399 324
122 137
129 49
153 33
275 164
216 295
243 152
171 372
27 164
62 69
229 324
182 135
259 180
96 295
10 313
267 337
189 337
304 357
218 313
341 372
299 157
147 137
273 295
339 157
380 313
329 180
52 69
326 11
234 135
228 89
177 278
89 164
350 372
145 164
55 49
84 337
279 135
163 313
317 157
286 278
76 33
179 295
327 152
268 33
196 89
71 386
311 278
288 33
282 152
199 135
46 33
108 326
197 140
363 372
293 164
256 180
26 357
348 372
125 69
23 326
109 157
353 69
349 157
283 157
222 180
277 89
398 137
167 49
146 326
74 135
148 69
313 140
128 180
226 140
24 164
78 164
92 372
7 180
162 157
224 157
337 386
294 228
29 180
133 313
99 295
376 69
190 295
17 357
19 180
266 135
152 137
