8303
7 868
18 489
13 502
16 562
12 801
7 858
5 500
14 810
2 874
17 114
10 823
16 210
6 944
6 305
19 652
4 417
21 917
18 988
12 796
3 335
1 579
21 823
9 962
19 478
9 258
18 952
19 304
14 546
21 650
1 836
7 751
9 150
10 831
1 372
1 663
12 153
8 125
8 606
11 267
15 818
8 555
21 556
11 617
7 534
8 279
19 761
13 134
5 853
4 300
17 659
17 599
1 872
5 744
10 118
18 865
1 528
19 860
20 93
4 713
16 189
15 402
21 796
5 632
8 488
13 138
12 571
18 689
16 750
5 326
4 205
4 582
11 775
10 884
14 969
12 447
14 912
4 938
2 511
9 381
6 141
1 372
8 601
7 560
2 980
13 571
8 864
12 163
11 538
2 133
4 706
4 357
8 958
7 593
10 387
2 753
12 521
4 656
14 604
17 308
14 466
14 820
4 501
1 241
15 443
14 234
12 619
15 895
2 138
18 641
5 742
16 313
9 656
12 539
4 618
7 456
6 977
16 978
16 376
18 651
18 312
14 919
19 612
18 390
6 622
13 666
3 627
7 502
7 177
17 702
11 97
7 927
3 828
2 947
16 275
11 141
16 820
1 926
17 745
12 857
19 229
21 213
4 819
14 720
1 414
8 980
4 966
1 723
14 704
11 977
20 426
15 375
5 882
21 418
13 584
13 548
1 623
1 189
13 280
2 882
20 453
7 816
9 858
9 960
5 402
12 661
4 293
14 834
6 192
11 660
17 385
4 273
15 994
11 622
6 494
5 468
21 868
20 583
6 775
8 768
4 119
13 456
6 479
16 202
17 696
18 817
4 958
15 461
6 659
13 819
5 416
11 102
3 403
3 274
19 444
13 432
20 490
19 352
18 456
5 754
3 677
5 101
4 828
20 415
18 433
13 287
17 459
13 349
17 344
5 481
17 301
7 703
13 321
21 175
13 606
5 527
12 758
3 798
14 251
5 615
20 778
12 894
1 229
2 92
12 172
14 720
20 682
6 471
19 788
10 450
13 266
21 345
11 173
20 294
1 196
10 315
8 611
12 518
8 576
15 722
9 655
13 858
12 964
7 989
3 224
17 518
3 717
17 984
14 612
5 338
3 392
20 378
4 498
6 510
19 247
6 166
21 372
12 514
10 380
17 718
8 829
9 191
4 193
14 593
20 896
20 745
19 875
21 357
7 935
8 914
4 257
7 647
14 128
21 124
19 792
11 848
4 710
14 315
18 455
21 652
13 570
2 875
15 473
18 924
16 641
19 642
4 644
16 682
1 267
8 822
11 490
1 143
5 916
2 419
20 630
12 283
1 452
3 731
6 144
17 155
14 117
19 392
5 964
15 759
13 911
21 459
7 199
7 177
17 555
12 550
8 356
3 208
16 714
17 645
3 697
14 297
10 508
8 954
12 832
18 617
21 950
20 231
9 388
14 199
17 163
17 96
20 277
12 553
19 175
8 647
13 779
3 113
17 756
7 458
11 783
21 570
1 393
1 679
14 416
18 686
3 925
6 304
10 779
13 124
4 500
4 824
12 467
5 999
12 501
13 987
5 339
14 820
9 653
10 824
16 614
6 146
20 492
21 344
12 761
15 824
14 509
2 449
21 527
7 771
6 385
21 211
10 186
17 310
8 504
3 656
11 803
10 370
4 652
8 608
7 820
10 177
9 900
6 361
2 315
16 862
11 741
17 991
19 733
1 903
2 267
4 477
10 168
12 224
4 713
6 971
4 640
4 186
10 686
10 330
16 818
13 297
17 218
18 841
17 574
3 963
16 651
1 188
10 445
3 654
11 758
10 502
9 988
15 478
17 480
19 768
18 934
21 562
17 372
21 730
14 842
5 996
2 334
7 472
21 583
4 980
16 167
3 231
16 968
14 695
21 294
14 227
5 716
5 155
6 603
6 389
19 708
9 761
6 948
7 721
3 486
9 204
4 376
18 366
8 830
3 245
12 410
6 750
18 447
2 195
13 792
15 609
20 176
5 703
9 969
14 775
4 340
8 220
17 453
14 544
1 504
18 417
10 629
2 782
5 435
16 127
5 678
13 755
13 104
21 550
10 726
18 673
11 292
6 913
20 490
6 360
10 194
2 256
20 700
7 211
15 812
19 625
7 935
15 992
9 622
1 691
11 606
2 421
14 219
7 441
11 233
21 260
5 202
15 794
17 759
1 484
16 706
7 353
10 730
6 212
14 216
1 946
10 301
21 414
15 427
7 775
1 993
17 558
12 765
7 841
4 730
21 693
11 152
8 140
7 189
11 168
12 380
3 109
3 516
10 541
11 356
18 995
16 498
19 115
19 697
3 617
4 240
7 462
15 747
20 638
19 246
5 923
2 550
9 685
17 336
8 989
8 229
3 557
7 473
12 760
14 768
10 419
18 604
11 436
1 220
6 432
8 101
8 509
14 845
11 531
6 969
15 207
4 249
6 933
5 625
16 569
8 335
6 308
18 852
3 310
18 729
13 831
7 842
13 572
2 822
3 288
21 697
7 762
15 818
21 695
5 102
2 740
10 733
3 495
9 884
13 285
1 828
9 681
15 617
20 400
6 441
3 765
8 592
12 781
19 336
2 911
18 176
17 148
15 300
14 114
3 483
8 637
14 652
12 570
13 929
6 918
17 526
7 229
13 323
11 366
12 194
8 130
6 802
16 416
10 521
7 615
13 812
17 424
7 249
2 119
3 134
14 515
20 172
8 249
11 989
1 951
20 493
1 384
16 271
5 608
8 427
4 447
13 499
2 112
5 992
6 665
16 272
15 970
14 926
2 883
8 400
18 529
4 121
7 902
6 707
14 114
21 472
11 724
8 936
5 458
12 176
15 966
15 686
17 845
14 462
5 940
1 965
15 187
20 533
5 868
11 938
8 934
19 236
10 941
21 856
4 609
15 305
17 612
5 177
21 222
4 954
5 308
8 371
20 963
19 721
11 770
7 349
4 620
10 871
5 817
13 138
1 531
9 837
19 130
10 353
6 738
12 987
14 363
10 910
11 675
9 649
4 124
12 194
20 928
16 244
9 752
11 758
16 657
8 506
20 563
8 253
1 945
20 466
14 876
5 608
16 422
5 106
15 118
19 611
2 982
16 720
19 140
17 604
7 781
20 589
6 773
12 381
13 100
18 359
21 196
4 317
20 990
4 541
8 900
14 94
7 377
11 471
8 930
4 801
3 605
4 219
17 322
14 521
8 327
3 756
8 789
11 866
14 356
2 738
11 779
19 173
18 614
20 922
11 636
19 294
16 122
4 152
9 387
4 812
10 276
8 942
19 601
9 538
5 927
18 561
19 391
18 436
4 199
21 525
11 424
10 305
10 903
13 331
14 413
6 367
9 215
12 473
19 145
15 347
14 943
10 265
15 414
9 680
19 617
12 264
19 852
15 638
9 99
20 505
21 450
8 518
7 778
12 932
9 844
17 302
6 762
12 759
19 443
14 192
1 976
2 111
13 762
1 858
17 206
1 252
13 150
18 965
7 555
20 666
7 214
13 856
14 129
11 388
14 511
8 104
9 690
19 646
12 762
20 748
5 964
11 702
11 730
5 966
7 783
14 785
10 320
16 597
16 715
18 329
12 412
1 394
9 310
6 635
3 483
7 992
10 577
12 592
4 277
4 693
5 368
6 293
6 338
10 757
16 238
16 201
7 747
4 449
21 575
17 873
12 879
9 772
12 702
15 304
20 719
21 946
3 667
2 725
15 774
9 610
19 100
18 807
1 557
13 937
8 147
18 778
19 279
1 775
2 128
2 750
13 482
12 916
1 777
6 922
17 681
13 677
6 508
11 695
7 162
18 227
20 220
10 422
10 744
10 258
1 991
20 480
8 189
18 861
17 530
6 298
1 286
4 313
10 464
16 590
6 776
5 692
7 593
9 882
7 740
15 229
13 960
10 474
16 111
7 405
20 426
8 107
15 446
8 432
3 963
5 982
16 959
20 730
7 989
5 149
12 475
14 102
12 247
2 580
19 398
2 291
20 905
3 186
17 225
5 263
10 530
2 567
3 514
7 283
21 552
12 909
18 488
18 728
20 988
7 723
17 910
9 944
13 526
4 250
2 861
20 741
13 266
9 658
10 460
15 582
1 312
7 997
21 167
1 806
12 270
11 747
13 474
16 876
10 198
8 791
11 514
21 914
12 784
5 934
2 303
21 267
19 98
12 874
15 199
6 678
16 216
16 467
14 797
18 752
14 635
7 981
3 423
13 372
18 265
13 113
14 358
19 731
11 601
10 889
13 303
21 214
20 119
3 372
17 913
10 216
18 784
1 225
19 705
16 227
7 362
13 211
6 812
6 311
2 641
14 823
19 944
5 885
14 239
18 722
8 536
19 452
9 426
3 744
11 390
3 606
4 461
4 781
21 277
5 902
1 504
9 505
8 483
7 248
9 478
4 481
7 657
12 765
21 235
17 658
11 618
11 302
6 92
11 450
2 601
20 187
12 795
20 259
7 439
3 551
19 512
3 208
10 503
10 910
20 223
3 667
17 846
20 430
20 730
5 774
7 590
9 265
14 595
4 146
15 837
9 626
8 680
9 607
10 214
1 356
20 119
11 836
16 389
12 134
8 528
2 661
20 327
17 475
1 782
9 362
20 363
8 290
8 303
18 754
4 178
2 139
9 613
15 377
16 789
5 236
10 704
17 994
12 309
14 917
20 860
17 458
1 163
21 484
14 649
17 661
9 654
8 909
5 643
15 361
1 999
19 815
15 604
6 696
10 838
21 245
9 574
7 978
3 784
8 740
15 921
18 380
18 395
21 568
4 825
1 953
4 219
5 907
4 989
20 491
1 549
15 830
8 505
2 186
12 988
19 210
14 697
6 541
19 911
3 959
14 885
19 260
19 421
9 521
17 705
11 416
6 830
15 726
15 491
4 327
15 182
13 823
11 969
9 667
17 396
20 295
16 369
17 411
14 800
7 589
14 813
9 779
8 447
16 820
9 552
14 274
1 993
8 824
1 626
18 846
15 497
4 826
17 254
17 931
3 505
21 477
1 790
13 914
9 646
2 129
5 253
10 442
7 799
4 500
16 491
6 721
7 387
15 968
9 722
15 651
19 298
4 987
7 170
11 760
9 667
12 489
14 255
16 761
19 370
12 742
12 155
8 527
9 500
8 622
21 94
21 587
2 129
18 331
2 689
12 270
10 374
18 690
7 134
13 565
18 95
18 535
21 742
19 416
19 476
17 457
6 962
21 549
1 410
20 189
19 320
20 190
9 188
11 649
10 331
21 274
14 102
1 340
6 854
11 278
1 152
2 875
5 326
21 518
21 699
1 136
7 594
9 196
6 873
10 745
13 608
5 169
4 671
14 373
9 729
3 952
20 767
21 893
18 856
11 301
7 792
15 798
18 871
4 820
6 598
6 658
7 431
19 351
10 464
20 846
16 518
10 146
20 821
10 105
4 614
10 124
10 414
11 864
19 209
20 688
12 587
16 776
14 947
10 808
15 337
5 262
14 188
13 712
11 774
15 283
4 316
12 515
15 547
2 968
2 527
10 958
3 184
20 916
20 167
12 899
16 232
2 186
2 399
5 160
2 173
17 307
3 171
4 223
14 825
5 912
12 995
10 254
15 853
17 536
16 273
16 550
8 676
15 184
11 292
21 630
12 574
10 287
9 241
13 587
9 565
19 392
14 560
15 343
2 892
5 770
16 465
21 255
18 421
18 254
1 469
2 232
11 464
6 91
12 985
11 863
15 468
18 490
20 179
7 686
14 391
1 148
3 466
13 484
19 792
8 693
16 794
10 807
4 750
20 456
20 178
14 471
3 294
4 242
3 621
17 541
8 405
19 810
4 571
1 887
5 156
9 376
7 984
20 705
5 312
6 658
17 102
8 576
2 117
1 383
15 427
4 997
8 104
5 868
4 692
15 228
10 567
1 97
12 298
4 967
1 280
12 139
8 951
6 784
5 770
5 277
4 604
15 930
9 773
11 741
19 561
10 752
18 481
12 758
21 689
10 190
20 409
15 284
9 375
7 784
1 302
12 725
12 885
2 444
20 482
20 469
4 851
3 891
1 705
21 648
2 891
6 450
1 386
16 892
9 917
20 579
5 477
8 449
5 278
8 148
7 833
4 525
16 743
14 932
11 361
19 402
18 108
14 477
2 669
4 917
16 924
14 389
3 696
9 389
15 335
17 105
7 144
9 122
20 777
1 223
7 159
1 738
12 558
16 963
5 106
13 903
17 793
10 736
8 559
7 703
7 883
17 839
17 759
9 984
1 317
17 660
1 537
19 676
6 888
2 915
17 685
4 719
18 782
14 357
11 670
10 195
14 961
5 306
7 304
13 685
10 185
1 646
11 575
9 955
7 135
4 130
17 230
11 722
8 699
20 119
13 176
11 427
4 441
11 397
15 256
15 612
15 961
7 658
21 825
16 972
7 915
8 167
19 375
5 410
14 207
6 750
3 234
3 154
3 751
13 115
16 343
17 352
21 841
16 197
7 578
17 367
21 349
7 222
1 964
2 708
15 992
7 920
21 684
21 970
16 186
1 766
14 313
13 557
15 737
9 483
18 500
18 524
20 559
7 993
21 248
9 714
4 173
15 980
6 802
20 498
12 232
5 228
2 361
17 179
3 392
14 630
5 614
17 574
1 501
17 473
10 694
4 762
21 776
11 743
21 602
20 610
12 680
12 284
13 956
15 687
2 209
10 470
21 559
6 684
18 106
2 874
4 326
14 842
9 125
11 257
19 320
2 360
1 187
13 155
14 754
3 803
1 446
3 254
9 799
2 810
13 243
3 927
7 528
5 656
13 754
7 434
17 938
3 798
10 147
3 563
18 180
9 313
5 782
11 331
17 460
21 607
3 169
1 489
4 477
9 168
10 641
2 975
8 547
10 732
12 364
7 933
13 339
21 571
7 869
3 361
18 623
12 383
5 982
7 872
3 148
4 395
10 844
4 483
10 193
11 208
6 453
8 185
21 673
19 303
11 971
4 113
19 927
8 924
9 948
20 890
8 101
21 747
11 926
13 958
12 338
1 817
16 547
4 921
13 330
14 723
5 845
7 281
3 578
6 211
19 837
12 559
17 238
12 436
18 493
11 734
13 159
19 99
2 792
15 534
1 600
11 840
1 840
17 825
1 672
6 943
8 916
8 276
14 474
14 727
11 620
21 600
3 701
9 127
13 722
15 701
3 586
10 911
4 968
14 565
18 999
18 416
1 556
19 716
5 100
8 455
16 656
15 356
15 166
8 417
13 822
14 930
12 455
20 838
11 435
11 363
10 870
3 464
17 917
6 755
9 372
6 560
21 865
7 453
20 588
19 461
7 146
11 537
10 139
13 981
9 584
21 749
12 666
13 958
1 606
5 740
2 302
18 759
5 669
19 556
14 336
9 99
10 937
14 282
10 837
15 563
21 656
8 880
8 626
6 959
10 267
5 230
3 743
7 472
4 204
9 709
14 93
21 735
1 292
16 145
11 888
10 802
19 497
8 348
2 714
12 923
20 130
11 417
19 890
18 569
2 789
18 292
10 925
5 893
10 104
20 826
10 508
13 871
18 861
1 422
6 128
21 442
1 536
11 795
14 99
3 351
17 789
19 327
19 577
2 138
9 414
16 634
20 673
20 505
18 153
20 634
7 627
17 839
4 246
4 321
20 242
10 917
4 736
10 754
17 827
10 684
4 799
18 919
7 843
19 500
7 786
21 306
16 267
17 203
17 815
20 267
12 322
15 412
9 647
6 553
17 163
10 852
5 966
6 159
4 145
17 400
14 776
19 173
13 633
2 672
20 509
11 973
14 938
3 253
5 295
9 706
14 308
3 730
10 741
3 979
6 178
8 134
4 883
2 388
7 452
1 580
21 780
21 201
5 252
9 171
7 716
17 426
7 741
9 312
12 892
18 638
2 760
10 598
8 338
4 130
17 116
18 578
14 568
20 613
6 290
9 459
4 202
12 388
16 266
8 970
18 416
12 876
9 784
2 861
12 864
8 997
18 597
2 839
20 416
8 875
19 773
3 175
4 704
10 518
9 661
6 154
11 368
21 327
12 965
4 794
13 197
4 813
8 682
18 979
6 391
12 940
12 644
13 718
19 890
6 518
7 156
9 204
13 174
8 356
13 903
14 282
20 831
21 896
19 741
16 882
8 607
8 136
7 231
8 992
1 936
12 691
10 351
17 993
7 472
9 896
2 330
10 136
6 469
18 389
21 966
21 719
7 967
18 674
3 292
14 337
15 942
4 348
10 614
18 537
15 189
13 241
19 430
5 251
9 426
15 805
18 963
9 115
9 491
8 727
15 640
18 236
18 160
6 815
5 676
11 659
19 433
10 771
7 926
17 784
16 650
20 752
20 524
13 256
8 293
13 745
8 796
19 820
19 922
17 708
16 907
10 338
21 523
19 741
10 997
16 721
20 655
6 849
9 469
12 838
19 706
4 536
8 650
4 909
11 391
16 106
11 999
21 140
18 816
15 328
20 801
1 880
5 976
3 936
1 167
5 976
5 293
6 845
18 630
4 262
6 485
21 762
13 103
3 429
12 472
11 594
14 471
11 614
20 174
5 169
17 888
17 609
2 705
12 404
18 385
1 105
6 195
4 838
5 622
18 845
4 395
2 718
14 533
19 337
2 533
1 96
4 539
6 101
10 854
9 311
1 916
14 458
4 119
16 504
14 760
20 445
3 450
17 452
5 565
6 544
19 584
7 989
17 435
21 594
12 950
6 304
3 289
10 114
7 627
13 609
12 919
21 738
3 620
19 584
8 383
13 452
10 691
16 174
7 170
19 883
21 127
9 543
21 918
18 782
13 525
5 113
8 716
10 696
18 941
1 587
2 495
8 767
16 692
2 694
6 834
19 767
13 378
14 872
2 784
10 641
20 277
9 561
7 652
2 354
4 429
14 426
4 587
3 659
5 560
13 955
8 708
5 654
20 500
7 686
13 527
12 563
9 427
13 938
15 307
6 863
14 829
12 113
20 232
17 277
4 854
5 195
16 695
20 590
8 447
3 347
3 194
14 734
4 676
8 450
8 558
6 575
7 167
17 344
9 594
18 674
7 712
4 885
2 227
17 716
13 228
1 564
4 424
16 544
18 226
13 147
10 823
7 280
9 952
3 128
14 778
13 504
20 496
15 310
17 900
19 611
7 591
20 956
2 631
15 960
5 254
5 488
3 642
8 484
17 465
18 162
11 788
12 753
13 881
15 300
11 726
19 683
12 914
16 153
14 643
16 275
9 615
14 900
16 994
3 102
8 761
18 794
8 978
16 506
14 800
20 488
3 828
3 764
16 348
11 577
4 999
7 755
2 205
19 849
4 610
6 499
6 937
7 758
21 670
1 941
9 921
15 647
18 641
17 811
11 480
14 537
5 622
17 508
21 744
6 935
13 179
3 887
13 116
21 118
3 636
18 118
20 336
15 757
5 204
11 167
12 547
10 789
12 240
3 351
17 204
3 521
19 110
2 837
5 219
8 986
10 986
20 957
1 274
1 344
15 359
18 866
7 379
12 383
4 803
13 379
10 248
2 812
4 434
20 518
6 778
6 396
18 155
15 246
3 286
4 622
5 302
13 126
5 578
14 815
18 416
9 462
1 681
8 338
4 750
9 358
3 279
2 397
3 385
1 907
21 760
5 648
8 374
15 808
6 752
19 435
18 284
4 747
14 661
6 767
4 822
21 515
8 583
12 709
1 297
8 535
20 694
18 473
12 205
17 391
6 782
8 197
12 795
18 932
2 983
4 784
8 635
9 237
7 599
17 978
14 859
5 602
12 459
5 771
10 416
1 533
20 933
11 248
17 763
16 517
5 522
6 120
11 967
11 489
6 579
17 927
5 803
16 553
10 490
4 361
13 454
10 218
2 541
10 116
10 933
7 454
16 178
20 305
17 122
3 728
16 641
3 539
21 654
18 937
10 524
18 701
9 933
18 313
14 793
4 334
12 680
19 395
4 579
10 925
13 425
19 430
8 568
17 862
3 889
1 388
12 118
3 377
5 607
20 573
7 871
15 949
13 154
14 556
9 774
14 453
3 819
7 700
20 182
6 418
17 117
11 230
12 635
12 141
18 881
21 660
1 465
15 315
3 635
9 320
10 959
12 735
17 626
21 509
3 614
17 940
8 108
2 106
9 910
16 539
9 837
10 984
15 156
4 602
17 560
21 621
10 500
14 790
17 350
10 223
8 461
17 803
20 716
8 779
13 975
21 781
20 331
10 166
14 721
14 170
19 342
13 935
5 973
13 393
3 514
5 144
10 335
12 383
17 653
3 423
17 423
20 320
15 881
17 783
15 563
19 864
6 445
13 415
17 792
3 241
15 161
17 868
11 584
7 254
11 480
11 284
9 328
13 968
19 407
10 973
14 772
13 477
16 175
19 854
13 767
1 187
18 459
11 336
8 231
16 375
4 302
5 277
3 538
6 887
19 893
19 740
14 530
17 108
10 653
8 248
17 579
20 748
13 989
9 155
16 419
12 283
15 401
2 834
19 480
18 676
15 936
4 255
4 793
13 373
9 970
12 606
2 596
20 903
2 453
15 279
10 892
6 298
14 574
7 643
11 963
16 690
5 914
2 981
8 468
4 116
18 230
10 594
15 621
13 278
10 133
4 665
16 202
17 417
3 320
6 422
19 571
9 753
11 748
3 934
8 228
20 574
12 745
3 580
13 337
12 325
17 174
1 820
16 982
11 394
8 903
9 213
8 204
8 150
13 775
5 786
9 639
6 825
5 828
13 407
18 762
11 645
12 407
20 296
10 442
19 563
15 621
21 782
11 207
13 356
13 681
14 930
4 204
21 926
2 766
20 238
5 282
17 167
4 483
20 817
8 213
8 963
14 792
12 656
18 591
19 547
9 508
18 773
12 849
2 606
8 115
15 958
18 241
5 129
2 659
15 651
11 414
9 163
17 555
21 116
11 666
11 585
6 99
16 831
1 362
4 959
20 175
2 164
15 766
12 399
4 956
11 653
19 968
4 183
17 463
8 810
4 586
1 648
13 904
16 612
14 674
17 309
4 513
13 503
4 714
6 656
2 885
15 634
18 224
21 753
13 908
13 970
13 116
7 627
7 324
9 151
4 634
6 278
14 150
1 540
21 135
21 895
18 748
18 104
2 127
5 160
19 193
12 437
1 613
3 239
17 796
7 119
7 867
14 667
10 260
19 425
20 524
3 248
20 454
6 832
2 852
9 861
20 327
18 293
16 115
14 528
6 687
19 904
17 323
6 673
3 761
7 139
15 984
21 223
21 457
12 659
12 761
9 406
18 536
8 509
21 344
20 169
10 464
18 774
17 128
17 409
7 418
14 434
8 213
15 897
6 805
16 97
15 134
7 629
1 206
11 218
8 349
8 782
2 716
2 528
19 356
8 183
11 334
3 520
20 833
10 700
14 833
5 208
7 748
3 734
16 729
14 292
13 169
4 381
2 358
7 867
8 768
21 431
6 651
13 828
17 598
10 507
12 736
9 428
18 614
5 351
11 646
4 199
5 692
4 598
18 252
11 845
10 183
13 260
8 401
18 279
12 355
16 135
5 380
13 910
13 592
5 634
6 576
4 672
16 834
13 257
5 724
13 282
5 873
18 578
4 269
17 785
2 443
16 428
15 253
20 335
17 700
5 342
8 621
16 367
7 360
7 970
2 371
12 441
21 517
5 972
8 242
5 359
5 635
14 384
7 516
19 209
12 201
17 743
1 840
21 231
2 723
10 666
1 505
16 693
13 873
12 138
19 580
17 923
21 125
20 220
21 910
7 851
7 683
17 411
10 99
1 691
12 755
19 605
13 173
2 140
16 525
13 785
12 631
12 849
18 497
13 777
13 575
21 104
3 313
18 503
9 292
19 684
5 318
5 247
20 674
7 882
3 950
11 944
17 404
20 780
9 106
6 983
20 736
7 764
8 658
12 848
7 941
1 831
6 719
3 325
9 848
9 820
12 821
9 854
9 228
5 615
18 552
14 740
7 163
1 687
3 338
11 556
5 792
16 523
4 915
16 630
13 809
4 807
10 913
14 670
9 729
15 603
2 416
7 495
12 754
21 900
11 211
1 205
3 453
8 577
8 804
9 664
9 483
9 839
10 376
21 925
1 275
16 306
8 732
15 329
16 442
2 647
20 332
16 260
2 283
19 285
12 465
3 870
20 371
2 840
15 538
20 759
21 599
7 380
1 988
2 348
21 372
7 272
12 332
3 392
5 508
3 773
16 374
16 803
14 200
2 989
6 697
5 749
2 255
14 953
18 600
17 658
2 717
2 839
20 363
18 871
14 927
7 978
20 413
17 723
13 585
20 871
6 416
19 496
14 928
21 322
6 692
16 944
6 465
21 254
15 489
14 597
14 664
16 628
9 527
3 830
12 278
5 260
6 560
18 522
8 945
5 610
2 284
15 777
20 216
10 285
1 803
3 341
1 877
11 238
21 725
20 524
19 813
2 362
9 781
1 239
4 458
14 605
8 573
1 697
6 964
14 713
14 593
1 708
1 684
11 445
14 689
15 870
15 721
3 620
21 376
7 508
19 475
14 893
18 215
19 842
21 1000
4 562
5 386
5 108
3 305
2 883
3 347
2 855
12 762
15 953
16 529
19 335
9 999
18 207
11 403
10 113
1 599
4 279
10 613
20 394
9 922
9 104
13 828
17 299
2 457
20 999
21 470
16 682
4 969
17 860
6 388
20 466
19 195
6 322
12 919
4 718
9 424
4 729
3 301
10 985
21 557
13 874
16 422
5 671
13 311
13 618
5 738
4 646
9 876
2 155
6 771
3 434
14 655
1 257
11 784
5 115
1 262
2 757
3 694
12 748
14 769
18 608
14 273
5 632
14 925
13 826
17 704
15 791
1 178
6 108
7 531
16 955
5 596
16 475
15 107
21 543
21 302
17 216
15 273
11 280
5 565
18 613
16 745
19 324
20 125
2 896
14 235
12 129
14 830
13 928
14 165
10 797
7 553
19 954
20 105
16 392
15 758
7 440
9 102
20 435
11 792
5 236
12 761
4 745
3 430
4 664
5 594
13 776
18 969
5 570
4 610
3 590
18 997
12 538
17 489
5 548
6 725
19 122
4 871
13 121
14 558
6 310
12 948
17 991
21 393
19 928
12 282
8 650
17 338
15 725
8 423
10 594
9 228
15 988
4 563
4 136
18 832
15 455
7 414
1 753
7 760
21 462
12 504
3 280
17 827
3 396
8 801
1 762
5 143
7 364
8 478
6 660
10 802
13 715
4 181
12 756
14 815
9 491
4 225
8 260
17 399
11 231
20 825
1 132
12 571
16 180
21 413
2 397
6 360
10 130
17 421
3 632
3 450
3 375
9 595
7 895
4 903
10 300
21 451
2 870
6 834
11 382
6 467
11 310
3 427
2 357
18 567
14 246
6 199
5 714
2 190
8 776
3 737
8 923
20 678
5 228
13 614
18 479
15 671
1 864
7 141
10 729
10 969
2 752
21 221
19 631
11 595
3 749
18 781
9 116
18 242
8 906
16 388
17 585
14 474
12 237
19 133
20 614
17 175
6 144
7 563
2 793
8 940
11 974
16 271
20 229
9 624
18 530
17 943
15 675
9 971
18 886
3 186
11 464
14 896
1 466
5 135
8 174
7 693
7 568
1 561
17 825
9 715
17 449
1 581
4 112
8 848
1 562
14 374
12 362
21 775
1 214
19 775
1 795
21 358
16 798
1 285
19 736
12 253
14 223
3 997
11 316
9 599
19 196
14 639
16 669
2 807
18 374
18 386
18 972
13 587
11 450
20 888
5 311
1 330
1 764
6 332
8 951
15 551
1 595
10 756
4 275
18 820
1 637
11 939
10 297
8 780
11 322
6 574
5 264
13 97
9 883
4 880
8 730
5 255
15 438
11 958
4 674
5 348
12 291
6 548
12 291
6 234
19 909
12 703
13 767
18 985
5 151
8 423
19 622
17 777
8 675
4 975
10 905
17 713
2 607
11 921
9 951
4 803
13 497
11 476
14 282
7 594
18 280
17 103
9 773
12 608
9 841
7 159
9 399
13 466
4 668
9 549
15 781
19 320
18 969
13 696
5 941
20 826
15 318
7 413
10 333
10 188
12 424
2 166
5 498
7 970
6 594
13 803
4 835
18 806
12 576
10 383
7 962
7 970
16 744
7 736
12 625
14 779
2 117
14 641
16 141
5 407
13 169
14 631
11 845
20 707
1 208
13 275
9 824
14 992
20 329
1 198
18 519
21 380
3 380
9 855
12 582
17 958
9 104
19 359
1 955
15 449
19 211
1 917
2 399
9 924
18 425
20 406
9 397
6 184
6 467
16 631
11 855
9 531
20 371
14 394
8 435
16 692
12 584
11 150
15 144
20 734
10 746
17 723
18 277
2 623
18 296
3 503
14 841
11 888
2 726
14 951
10 848
17 685
12 344
15 930
1 803
5 392
15 135
21 503
4 243
10 643
5 599
13 481
6 129
15 570
16 319
7 966
14 352
12 635
12 347
3 676
1 402
19 502
19 575
19 322
16 541
12 139
6 894
6 670
17 783
9 900
9 828
2 793
10 585
16 940
13 459
7 494
13 667
16 783
21 494
8 478
18 436
5 924
6 728
11 858
16 787
12 493
2 863
8 813
3 786
10 235
11 553
9 608
12 964
21 762
2 243
2 106
2 889
18 580
15 963
15 896
18 566
13 857
3 907
20 779
9 740
5 785
3 370
16 275
15 265
14 153
1 352
20 121
19 184
21 699
4 591
21 591
13 697
18 116
19 490
21 903
20 993
19 690
9 808
3 590
13 817
20 480
12 867
2 477
12 655
5 982
5 607
21 423
2 898
8 588
11 491
3 157
6 528
16 362
1 695
6 257
18 558
8 638
1 263
1 823
8 795
4 910
12 178
7 776
13 643
5 550
1 185
2 862
9 247
20 417
15 98
17 604
13 597
7 619
17 505
8 341
15 890
19 799
17 110
8 559
1 439
6 873
16 752
4 489
20 244
17 580
12 752
6 303
17 666
21 308
7 249
2 715
18 243
20 871
9 882
19 466
7 381
17 337
10 976
13 676
8 902
14 252
2 273
3 900
15 261
18 198
1 289
13 931
6 625
17 939
20 730
20 301
8 795
12 179
8 525
17 845
2 548
13 484
3 951
7 927
5 926
14 865
7 244
8 245
8 194
3 702
12 340
3 170
18 91
7 419
10 968
8 317
6 585
3 124
9 783
3 733
10 259
13 547
21 401
12 233
3 740
5 160
11 298
4 239
6 398
18 943
21 990
7 687
5 656
10 932
17 316
3 358
18 992
2 355
21 348
16 782
6 832
21 877
3 144
4 424
19 355
4 250
19 574
2 843
19 974
3 993
16 890
7 942
7 538
17 426
7 911
4 166
13 462
10 822
17 418
14 636
13 938
20 483
17 658
4 559
16 954
16 745
14 95
10 678
3 185
21 520
2 354
20 764
8 149
5 506
1 905
11 573
18 529
7 823
17 426
8 352
4 736
11 525
9 470
7 417
6 974
19 563
12 479
4 220
10 130
6 205
4 227
17 672
13 333
16 928
12 155
9 688
10 291
21 99
9 791
19 543
5 834
6 156
21 172
13 360
8 394
3 154
3 459
19 552
4 329
10 242
15 423
15 506
2 741
11 299
14 449
10 834
5 195
19 496
7 656
14 752
19 780
10 645
2 203
20 149
21 567
13 353
17 601
8 567
17 846
10 929
7 271
13 781
2 313
19 463
5 593
2 770
11 217
14 114
15 525
15 703
7 625
17 678
19 742
20 379
7 909
20 585
1 350
1 661
6 814
7 199
5 761
1 134
15 342
1 348
19 360
13 193
8 984
12 808
3 98
5 100
15 321
1 977
2 387
9 706
12 201
20 295
10 373
15 157
9 685
7 624
17 361
8 717
1 725
3 207
11 959
16 273
15 706
11 716
8 115
16 827
1 619
9 709
2 580
3 633
20 106
15 978
10 665
10 780
17 716
10 862
17 539
18 195
11 793
5 456
11 655
4 320
21 856
1 453
13 770
1 597
13 836
14 398
1 176
1 601
1 883
11 189
8 373
12 432
8 284
18 160
6 165
3 637
21 259
20 699
12 145
10 769
17 103
21 601
2 162
13 649
8 975
13 712
12 968
7 374
1 207
14 755
15 223
6 175
18 217
5 561
1 512
2 443
1 600
2 854
20 989
8 293
1 127
19 262
7 174
16 836
6 795
9 615
13 610
1 505
21 434
11 203
10 690
1 403
18 270
19 403
2 96
12 418
4 509
16 174
12 118
9 191
16 295
14 722
6 465
10 543
14 764
1 330
15 629
3 935
5 557
13 528
5 290
19 221
10 665
15 593
15 411
21 371
14 628
18 222
10 242
11 825
11 449
18 713
3 879
21 643
15 635
21 270
5 583
1 184
10 434
18 875
21 687
19 478
4 880
16 440
6 509
5 385
15 186
8 566
10 197
9 562
20 151
16 452
5 344
9 913
6 529
8 704
13 892
7 619
7 489
9 553
17 891
20 793
16 482
1 993
21 362
16 324
16 136
3 730
14 873
19 555
4 864
12 276
1 397
20 583
6 157
11 203
18 863
9 715
19 337
16 849
6 386
4 513
21 276
1 360
9 148
11 318
10 747
17 904
14 310
9 536
10 223
15 709
10 363
21 544
20 158
4 520
14 692
13 244
2 973
5 299
12 437
2 467
6 209
18 607
20 245
8 360
15 486
21 952
9 853
9 376
1 536
13 393
2 956
19 520
17 620
8 198
9 574
3 457
5 307
14 955
6 816
7 108
21 222
8 944
1 440
15 761
9 659
11 739
20 674
5 301
6 801
9 283
1 903
2 714
11 317
16 513
17 719
7 351
8 933
12 517
14 968
14 366
12 311
19 468
10 977
5 512
19 442
9 640
17 303
17 928
16 145
3 947
5 218
16 415
10 550
8 888
4 906
14 532
21 998
18 908
13 810
9 160
10 447
9 399
21 526
8 234
6 982
14 285
21 656
8 462
17 862
14 939
4 599
7 837
12 837
10 348
2 607
20 563
19 658
7 906
10 327
7 630
12 553
5 810
14 893
10 499
12 229
19 94
20 889
20 809
21 341
17 343
9 470
16 187
1 679
2 871
2 840
2 248
11 580
3 737
5 258
17 839
1 182
19 115
2 582
6 205
19 298
1 765
13 406
3 950
8 947
21 594
4 655
4 530
18 321
8 619
11 678
5 516
18 955
13 378
2 143
19 494
11 403
9 372
19 920
10 333
1 902
21 112
14 279
9 554
1 913
10 888
19 377
5 756
7 814
5 609
11 821
17 284
21 797
11 337
10 925
14 905
16 583
12 130
3 809
3 426
14 719
8 590
11 969
2 988
3 953
13 831
5 694
6 418
9 542
6 97
9 214
4 902
18 159
9 468
14 630
21 557
7 337
16 179
19 389
5 157
14 768
20 420
11 802
18 952
4 208
6 268
16 798
19 661
19 234
2 879
14 832
5 781
19 827
20 894
11 749
6 243
19 565
1 351
7 314
20 678
7 225
7 818
21 320
13 789
13 820
6 597
21 105
21 385
21 576
6 966
1 871
19 420
12 477
3 120
14 931
17 179
1 216
1 850
8 138
21 204
20 656
9 378
6 927
3 306
17 523
17 313
9 137
14 497
4 958
4 508
16 895
10 238
14 614
13 458
1 189
8 962
10 817
18 649
3 681
12 824
8 184
17 766
20 231
20 355
11 262
20 214
5 314
2 698
12 801
12 978
12 831
18 895
11 745
5 459
8 580
13 515
2 553
8 489
10 281
2 138
18 656
15 259
9 379
19 910
12 718
11 124
12 390
3 412
16 412
7 502
11 704
16 842
14 115
18 978
15 968
2 246
5 471
14 450
1 995
6 625
20 738
19 396
21 315
3 876
20 593
9 816
3 302
5 401
14 583
5 700
3 140
9 340
13 657
10 610
11 124
21 550
3 775
9 590
5 341
7 493
8 250
14 184
7 128
2 814
9 525
2 406
8 456
4 611
19 881
10 267
12 532
5 837
4 523
14 849
1 560
13 206
19 579
13 925
13 818
9 535
10 383
21 253
5 497
12 947
17 641
15 832
9 174
12 533
7 184
16 902
19 334
20 494
16 810
14 893
9 636
3 198
18 642
4 745
7 243
1 760
2 671
5 640
9 732
14 232
2 541
15 829
21 330
20 495
8 997
21 698
17 918
5 317
20 385
6 328
19 658
2 359
2 450
11 675
5 893
12 828
3 955
12 738
1 867
19 963
11 636
16 661
12 518
1 685
17 276
17 498
6 281
14 277
13 189
21 591
13 820
3 754
18 218
4 502
20 889
2 754
20 670
16 109
13 97
8 776
6 413
17 580
5 414
17 780
15 485
1 702
11 379
15 293
3 275
9 577
3 232
9 673
3 872
12 566
19 347
19 677
16 779
17 463
15 201
1 836
20 411
9 587
11 526
16 771
8 211
2 452
4 965
16 287
8 474
7 116
3 463
19 505
18 737
7 421
11 934
19 512
18 346
9 449
12 843
9 702
3 438
3 530
10 903
9 648
18 916
17 758
18 595
10 430
10 387
20 237
3 571
18 403
4 919
5 879
5 950
19 941
14 646
5 921
21 172
20 789
16 767
14 657
17 865
14 560
10 783
20 229
14 802
14 417
19 108
19 815
1 733
20 963
19 163
20 897
5 195
1 934
3 237
11 345
10 324
18 342
10 372
15 981
17 632
7 654
18 448
20 865
1 254
11 478
16 878
5 135
2 596
4 531
3 863
4 988
6 235
14 657
1 231
18 444
13 717
14 533
20 351
1 312
16 580
15 589
17 966
19 504
1 807
12 230
10 340
2 789
8 983
16 393
1 96
8 751
6 352
10 498
7 633
15 322
16 858
19 414
16 789
7 588
3 651
21 883
14 540
16 161
16 634
5 804
14 439
20 875
15 120
11 740
2 777
2 934
20 696
19 829
6 696
6 903
5 605
5 620
17 795
16 738
13 588
20 598
18 929
15 150
10 905
14 932
14 382
15 284
5 740
14 499
4 868
14 974
21 145
11 470
14 432
14 401
5 505
15 650
13 345
11 594
8 475
19 926
9 354
6 124
21 533
13 881
18 333
19 754
9 921
6 409
2 924
11 604
5 908
18 621
18 229
19 849
14 586
9 1000
14 902
14 118
19 490
6 440
15 341
11 927
2 836
2 948
21 719
21 893
8 398
3 526
7 455
9 614
14 117
11 97
12 458
3 934
8 951
20 147
4 483
6 581
9 265
14 707
19 583
3 507
12 707
3 865
12 774
21 482
2 117
17 330
11 576
1 534
7 358
8 491
12 643
9 367
18 201
16 234
7 562
19 807
18 986
15 364
10 93
6 335
14 203
20 179
2 349
20 347
20 564
5 833
10 371
14 695
14 551
13 545
11 125
4 673
15 199
5 124
21 436
14 984
16 901
9 942
12 306
11 731
6 223
14 799
2 981
5 457
8 352
9 756
11 795
7 733
15 638
8 821
10 861
4 595
19 115
8 578
1 298
20 249
19 734
10 328
19 991
12 971
10 233
16 391
3 371
5 580
10 555
2 164
4 645
17 494
2 310
20 402
8 125
14 392
21 98
14 950
15 969
16 247
17 938
20 729
6 503
15 377
20 626
12 516
9 737
10 330
8 304
17 906
12 487
7 270
1 369
18 465
6 686
6 715
19 194
8 536
4 553
10 100
2 155
13 311
10 172
7 198
19 238
16 934
19 818
2 851
12 577
11 960
19 274
17 820
9 857
3 451
8 230
12 803
3 393
9 127
2 935
10 467
6 907
20 946
8 977
18 935
15 259
1 464
11 922
17 555
4 899
10 110
2 324
20 115
14 844
15 315
17 985
11 329
4 265
7 486
5 551
10 857
13 206
4 113
2 312
9 672
15 619
1 233
2 256
2 545
4 446
18 949
12 141
7 702
7 710
3 352
10 482
3 706
12 372
15 185
1 446
19 447
9 466
12 97
13 537
10 669
19 308
1 641
4 135
1 536
17 644
8 554
12 362
10 750
2 921
13 991
20 124
7 695
21 816
12 939
20 165
17 701
18 483
18 289
4 475
20 972
14 710
1 613
19 784
2 696
21 892
1 292
16 922
3 168
16 571
13 476
17 522
10 594
19 787
20 145
7 362
19 447
10 157
10 210
16 795
13 525
6 160
11 568
2 696
17 773
20 706
19 778
9 191
4 281
1 275
21 367
7 245
10 435
7 92
16 489
12 645
20 639
12 579
9 168
20 663
13 313
16 572
19 793
13 893
16 978
13 916
17 272
1 590
10 747
19 117
9 184
6 765
16 250
13 253
19 472
12 933
18 866
16 993
15 129
14 882
19 273
14 602
15 424
10 355
21 587
5 798
6 874
13 793
10 355
16 679
9 722
6 835
21 812
5 959
17 439
11 134
21 430
15 297
21 514
4 939
6 853
5 802
1 402
12 573
20 226
4 372
8 541
2 305
12 916
1 933
20 386
4 100
2 905
15 571
12 363
8 261
20 126
21 543
5 176
10 541
17 715
15 424
14 576
16 355
17 653
9 110
14 616
21 278
9 892
18 189
2 281
20 715
11 757
1 388
8 254
18 615
9 358
14 989
11 908
17 411
15 867
20 130
1 868
19 342
21 681
20 124
10 640
3 779
3 169
1 641
11 609
13 961
20 599
3 508
20 975
10 877
6 396
7 148
17 463
14 740
6 853
18 126
8 311
9 906
10 682
9 239
1 202
9 650
8 460
8 116
11 441
14 345
9 153
20 692
8 667
9 288
12 895
21 388
21 108
21 309
15 470
11 809
12 913
16 472
1 512
9 995
21 390
16 336
17 775
17 250
20 992
11 232
1 983
6 694
6 284
16 674
21 651
14 566
5 898
2 833
6 993
13 879
8 335
21 348
2 996
6 561
7 624
6 719
6 496
4 912
15 150
21 321
1 652
5 403
10 388
15 428
4 886
4 315
3 135
19 998
18 362
1 902
13 532
8 412
3 936
4 934
2 349
6 777
15 212
3 651
10 332
19 992
21 971
12 765
10 704
5 522
21 606
11 763
2 505
19 611
12 279
18 814
5 746
19 957
14 747
7 730
10 526
3 521
6 120
10 208
6 192
17 782
17 160
17 606
13 517
11 658
17 228
8 496
6 270
7 455
17 204
7 513
19 628
21 510
1 515
14 307
11 114
13 622
13 202
14 786
20 673
1 406
18 528
10 913
11 802
18 399
18 677
15 951
13 457
8 319
15 668
6 879
15 299
1 976
1 756
8 262
11 804
5 245
15 511
13 355
12 228
19 340
9 110
9 434
7 122
4 540
5 925
6 843
18 811
2 708
6 592
14 289
21 726
10 774
3 431
12 606
4 602
16 257
5 306
21 680
6 979
5 210
16 779
2 906
15 515
1 785
16 644
19 524
18 469
14 400
7 913
18 979
20 707
5 760
16 120
6 594
7 422
3 560
18 876
18 573
19 389
16 913
4 517
2 680
9 669
18 109
7 672
13 789
18 581
9 887
20 249
12 556
14 608
12 278
5 305
19 494
15 955
9 339
11 724
16 486
21 587
19 981
5 768
7 334
16 575
11 249
13 775
12 288
15 700
6 432
21 935
13 211
13 568
7 311
14 725
15 452
12 560
3 189
8 623
16 469
11 898
14 629
21 536
16 182
4 380
7 286
18 172
14 899
7 521
15 91
7 594
11 947
17 588
10 721
19 334
3 459
12 472
11 973
14 946
9 738
18 100
17 988
2 658
1 151
14 564
20 561
21 570
6 311
7 406
4 209
19 696
7 170
10 109
7 656
20 864
16 318
9 617
4 136
20 753
1 777
8 299
8 279
1 619
6 580
10 402
1 277
20 627
14 940
9 538
8 208
5 535
3 499
12 538
2 125
14 236
13 189
10 510
9 875
3 814
19 161
2 950
4 963
13 417
8 555
20 161
18 307
13 131
14 739
9 983
17 771
17 154
17 220
6 243
21 746
11 722
8 723
9 952
10 555
17 543
11 404
4 108
2 124
20 663
21 485
6 566
8 504
18 720
4 129
9 790
13 106
9 499
7 222
20 964
19 184
15 400
2 604
7 173
8 776
14 693
11 144
21 988
20 959
6 508
21 964
18 952
12 654
19 709
18 608
3 180
7 375
14 532
21 981
5 806
15 507
7 163
18 550
12 291
16 495
21 710
8 797
11 695
7 840
12 91
20 216
15 963
1 618
16 291
8 258
12 199
15 281
1 954
19 401
3 690
7 976
5 841
11 899
17 381
6 104
9 764
11 263
7 101
20 953
7 414
21 305
5 263
21 881
13 835
11 630
3 384
14 283
4 261
10 718
10 93
8 402
8 906
7 107
1 159
15 603
11 628
11 920
12 668
4 126
5 319
5 797
21 463
15 764
6 617
16 773
18 840
8 406
19 481
2 120
11 433
11 292
17 867
13 241
21 883
20 750
4 696
9 416
8 261
17 341
20 513
15 405
7 372
5 152
21 512
11 193
6 845
9 283
21 343
16 352
7 131
10 263
11 274
5 223
10 225
10 407
6 663
6 928
9 723
5 325
21 566
17 919
13 431
21 777
1 477
3 957
2 624
1 98
13 479
21 508
13 616
16 569
19 349
11 586
10 438
9 151
21 451
11 258
6 469
11 870
19 136
7 305
5 262
14 358
11 626
11 341
2 242
21 350
14 565
21 542
14 512
9 551
11 899
16 229
13 267
4 886
13 774
6 126
3 602
14 351
9 304
2 689
13 253
1 801
6 177
19 267
18 525
7 361
9 311
2 386
13 204
21 790
16 166
20 470
12 668
1 491
1 599
6 400
17 908
6 323
17 594
7 559
4 304
11 295
19 171
17 387
7 980
3 883
10 672
1 526
11 228
14 981
7 504
9 751
2 768
10 339
17 270
6 914
21 745
17 299
15 317
16 525
2 202
18 219
16 312
15 811
11 222
18 630
16 761
2 387
9 673
9 853
20 846
18 543
4 118
12 511
1 337
16 613
14 160
9 714
11 785
1 397
7 700
11 634
11 150
17 390
11 221
15 934
3 937
1 491
4 380
4 197
1 453
7 491
1 526
2 218
20 136
17 731
20 208
2 437
9 484
3 912
10 767
5 356
8 187
18 946
16 718
17 834
4 531
4 141
2 206
10 476
10 881
12 306
8 143
12 954
11 274
10 913
2 780
21 745
13 802
7 916
9 616
9 424
9 492
1 824
18 378
10 423
8 216
10 728
20 574
4 542
10 423
3 120
19 516
15 596
19 762
19 108
15 600
4 730
6 985
1 455
8 236
4 330
5 348
21 223
19 705
7 499
1 857
13 718
4 507
14 308
10 936
3 539
4 424
2 657
3 930
20 711
9 469
21 101
18 374
21 741
15 326
21 115
10 870
10 206
20 908
7 735
20 397
15 449
13 484
13 521
3 831
10 115
14 241
5 442
10 282
12 533
19 362
18 377
3 336
20 258
14 588
6 370
13 527
1 510
20 176
4 776
19 929
6 598
19 190
11 382
21 334
3 240
11 447
18 576
3 826
10 316
9 161
10 975
18 381
18 753
11 691
12 488
21 236
14 243
11 967
1 289
13 919
3 140
5 250
21 418
5 709
15 629
9 463
21 460
4 724
3 956
3 415
11 426
13 543
4 250
20 345
15 664
13 388
13 746
14 790
17 337
19 807
4 557
1 433
14 808
17 192
13 654
5 434
17 397
8 915
1 252
3 950
9 180
2 485
20 268
8 95
10 214
10 805
19 755
8 156
12 368
14 311
2 160
9 189
19 115
20 376
18 835
20 629
12 277
10 140
9 732
21 587
12 620
8 497
15 760
18 884
16 177
12 644
17 792
15 417
5 181
9 590
7 853
14 607
19 431
19 795
15 454
17 486
18 499
2 979
4 632
4 483
21 559
5 611
5 482
10 968
1 726
11 526
13 853
13 616
19 779
17 586
21 304
17 631
1 223
21 852
10 487
4 226
6 684
10 498
21 616
9 512
11 714
21 403
1 606
14 680
1 414
18 163
21 240
4 563
19 469
6 267
15 719
9 772
14 866
20 905
14 588
18 908
17 899
13 909
18 488
9 605
4 226
19 140
1 315
21 995
19 156
16 375
17 619
11 891
4 378
20 540
6 352
11 989
3 479
16 146
2 835
7 382
10 595
9 546
19 387
2 343
8 684
21 982
3 538
14 455
10 827
19 317
19 234
8 931
14 995
15 353
17 964
19 246
9 478
18 342
3 696
17 483
20 751
19 300
8 133
2 731
18 93
20 365
8 925
14 531
15 916
16 613
4 620
7 543
21 437
21 682
7 163
12 918
14 584
14 271
10 896
8 620
6 822
13 522
12 474
16 911
16 920
5 152
1 931
15 440
8 586
9 471
20 745
17 516
15 668
16 790
21 151
9 582
13 157
17 721
12 557
13 745
12 328
5 280
2 813
3 632
11 805
13 559
9 494
18 794
5 749
20 806
6 287
8 427
1 189
10 374
9 672
19 798
12 345
13 426
1 655
10 831
13 620
5 502
6 699
19 95
3 427
5 345
4 702
14 136
8 182
17 793
17 430
7 555
2 427
9 192
20 622
16 433
9 401
21 359
12 205
1 773
18 455
18 146
11 459
19 500
3 615
11 544
5 352
11 440
21 112
12 778
2 98
6 170
8 117
10 255
20 873
4 384
3 752
13 335
18 272
18 687
4 902
6 497
4 260
18 387
16 224
6 972
1 280
18 299
8 847
19 660
3 482
16 309
6 934
5 664
6 406
12 859
21 429
5 972
7 492
16 208
17 512
16 658
12 476
21 551
10 151
10 976
18 499
16 690
6 891
8 268
4 850
12 93
15 564
3 548
17 671
19 913
20 873
6 784
12 200
11 538
16 455
7 974
3 594
8 513
1 334
16 926
4 619
20 444
9 363
12 803
4 879
8 692
21 551
14 459
4 669
14 491
4 802
8 933
10 878
2 698
13 742
19 759
12 162
5 730
16 410
16 220
10 97
15 732
2 901
20 408
7 898
8 236
15 796
2 481
2 507
20 825
2 891
17 757
16 532
21 393
9 334
12 534
14 478
1 569
4 700
5 845
1 371
8 835
4 390
6 912
15 442
21 138
10 823
17 606
13 299
17 916
10 277
16 713
1 154
20 403
12 870
2 816
12 234
21 182
2 537
14 601
5 557
4 462
10 663
5 380
10 236
8 532
7 193
1 429
17 689
5 869
7 179
13 488
14 730
13 627
6 425
14 471
14 652
2 559
3 830
6 126
9 704
21 813
18 451
18 614
20 158
15 400
6 471
15 431
5 478
18 540
20 362
16 508
15 917
9 514
3 512
5 909
4 887
2 309
7 102
5 371
20 776
8 218
6 783
11 836
14 121
2 496
18 449
13 410
16 954
7 246
21 209
13 765
8 905
19 379
10 642
7 645
3 851
3 515
1 314
12 552
4 682
10 843
20 726
21 250
8 575
19 705
13 428
11 955
12 213
13 812
15 998
5 280
3 897
21 346
21 120
8 275
14 892
12 986
6 775
7 357
16 733
9 909
1 854
21 577
11 343
8 254
3 786
3 143
9 475
1 618
18 810
18 589
4 326
6 191
11 866
21 663
1 396
14 217
15 267
8 281
14 137
8 333
1 360
6 411
5 666
3 453
12 337
21 353
19 990
13 530
9 311
2 328
16 264
19 128
1 597
3 350
3 793
14 922
10 819
10 618
14 408
17 698
11 499
10 812
7 113
9 771
3 246
20 881
6 114
16 196
4 881
14 129
14 777
5 761
18 160
16 980
19 285
18 283
18 110
1 514
6 297
1 512
15 858
17 515
7 213
14 267
12 534
1 149
8 187
11 115
15 570
12 276
7 908
18 642
1 774
20 957
15 458
15 321
8 918
16 394
12 715
4 895
18 578
17 215
5 544
16 993
1 402
6 236
17 346
10 782
8 766
10 466
21 173
15 381
5 294
1 112
11 227
6 107
3 327
11 584
7 836
14 105
19 949
10 732
18 461
21 510
1 139
12 888
15 973
21 890
8 544
19 292
11 673
20 512
14 388
6 609
6 722
7 347
6 148
20 616
12 923
4 723
12 577
3 823
13 992
4 755
17 705
5 877
18 779
9 953
1 890
15 312
13 589
14 500
16 591
9 738
19 243
8 536
19 907
14 223
9 904
20 152
18 205
5 583
5 945
8 858
16 401
20 274
19 715
20 767
4 181
4 268
14 834
17 406
5 678
10 675
7 242
16 765
19 963
7 653
18 219
17 147
11 203
12 799
19 152
17 658
3 716
13 547
8 518
6 298
13 106
14 741
1 413
15 874
12 118
15 103
14 797
5 309
15 101
12 655
1 621
20 627
12 276
4 677
8 495
19 742
4 199
21 633
21 571
2 891
2 308
1 639
1 470
2 628
10 642
18 933
18 906
1 834
17 156
14 467
6 872
21 621
8 163
15 485
2 254
13 750
1 247
3 826
13 216
14 483
15 570
3 360
13 781
9 605
21 423
21 552
20 807
3 559
14 533
15 315
8 615
18 562
3 380
18 647
17 378
15 245
16 799
20 384
10 746
5 182
2 645
16 916
1 165
14 934
13 98
18 619
14 763
12 175
20 752
4 462
20 916
2 556
7 106
3 752
5 867
4 973
3 413
20 641
13 831
18 389
4 655
1 138
6 980
7 609
19 265
9 533
19 832
16 402
11 452
18 867
1 128
15 355
9 175
20 593
14 688
16 179
13 476
13 475
4 647
1 949
18 669
2 703
9 835
12 906
8 331
12 914
19 458
1 963
21 175
2 547
9 931
5 826
12 875
18 356
12 510
4 342
9 842
5 871
19 718
10 442
4 733
15 622
4 895
3 277
8 168
20 576
16 145
10 444
2 837
18 287
11 477
7 378
16 731
5 439
18 728
21 788
3 289
20 178
16 834
14 773
13 147
14 406
13 585
13 568
4 452
11 773
16 993
2 900
3 637
15 531
3 913
10 864
7 100
5 866
4 702
15 216
10 323
13 144
13 335
17 949
19 363
6 762
6 561
19 103
10 725
17 372
11 349
11 738
18 824
20 813
4 751
19 633
17 418
20 405
8 215
12 231
11 956
15 829
8 781
4 127
2 881
17 433
1 576
3 420
16 347
4 487
13 213
16 654
11 966
3 985
16 352
10 343
9 929
12 697
12 219
14 798
16 215
14 444
5 649
9 999
12 364
12 702
7 615
13 349
19 367
20 424
16 729
7 809
3 214
13 838
8 600
3 764
16 920
9 487
13 675
21 849
12 926
6 193
16 521
13 731
3 998
15 837
20 998
12 151
21 439
10 538
15 693
2 380
10 218
14 471
12 410
4 525
3 525
5 861
1 155
19 229
1 854
8 180
12 517
21 448
18 608
19 952
8 531
7 727
5 126
11 389
20 855
15 398
15 643
15 602
11 169
4 479
10 387
21 307
15 779
6 479
15 824
3 485
20 933
13 395
7 165
21 996
20 740
21 644
6 531
3 443
7 943
12 961
6 403
16 686
14 721
9 467
8 729
18 275
20 552
2 913
7 839
16 669
4 449
17 631
18 674
11 349
5 271
1 350
6 325
5 239
18 997
13 969
21 886
20 838
11 579
19 210
6 162
16 405
7 636
14 654
19 218
3 325
3 528
21 147
17 896
5 502
18 899
4 390
12 373
2 661
8 618
2 568
18 923
9 269
8 503
18 797
19 687
14 470
14 726
8 168
11 256
13 602
19 600
1 429
9 384
9 407
3 948
2 917
16 519
13 855
2 240
11 845
3 900
9 367
2 696
2 765
8 884
4 571
5 682
9 506
3 909
7 928
8 355
11 173
13 860
10 692
7 200
10 409
15 444
7 316
21 415
4 477
1 510
16 416
21 702
15 612
6 820
18 896
12 293
10 553
12 818
13 170
2 935
7 564
1 753
4 776
18 825
20 391
16 756
20 737
4 679
13 163
12 703
15 938
21 297
7 948
1 632
14 357
20 384
18 619
8 985
11 945
9 442
16 477
4 766
19 936
2 497
18 685
16 141
14 714
12 434
6 640
4 620
10 538
17 359
12 855
16 389
12 779
12 298
3 895
20 744
7 551
10 132
13 543
3 94
16 192
16 608
18 804
13 778
10 704
6 350
6 275
18 222
16 573
4 806
10 904
18 318
4 828
2 401
5 860
19 415
16 610
2 427
13 865
5 390
6 379
17 272
10 841
4 738
5 158
4 525
14 93
6 115
12 563
14 113
14 372
2 652
6 736
5 312
6 800
1 750
4 207
8 332
4 719
7 123
18 870
13 140
17 556
13 475
6 181
1 340
15 843
19 205
2 140
8 348
1 782
20 744
1 137
7 437
2 324
7 92
13 450
10 915
3 221
19 218
19 856
17 524
20 506
13 132
3 495
17 841
10 840
15 733
7 202
9 585
21 102
12 884
9 331
14 560
4 721
9 785
19 925
13 624
3 466
7 185
6 846
15 937
1 122
3 244
16 516
14 628
9 92
19 915
5 302
3 362
20 719
12 735
7 593
8 399
7 741
16 910
13 943
9 841
10 605
8 395
8 407
11 296
8 311
17 451
17 832
12 661
4 285
5 374
20 472
20 483
6 632
1 414
18 154
17 346
13 629
8 668
10 474
12 122
20 395
8 623
11 836
8 580
16 185
5 721
12 474
5 502
9 553
13 313
21 468
13 898
16 397
20 972
15 412
6 941
12 710
2 612
5 316
20 760
16 928
8 686
20 107
17 835
12 960
20 626
5 253
16 982
5 219
2 869
5 959
16 289
17 676
7 694
16 447
19 259
15 279
13 985
2 858
11 793
20 324
11 489
11 830
18 176
15 187
2 614
8 767
1 865
11 708
14 969
19 957
1 307
3 420
21 971
1 520
10 558
12 934
5 562
7 848
20 754
12 963
16 478
17 855
16 137
16 123
7 486
3 562
3 412
11 705
20 511
10 397
7 670
10 867
6 525
13 893
5 315
14 365
12 139
14 472
12 913
1 224
11 720
6 139
18 359
19 929
17 269
20 620
15 936
1 595
14 696
14 283
10 150
1 377
10 825
1 182
5 569
11 331
4 867
3 711
11 383
3 148
7 829
4 624
3 716
1 944
16 833
20 565
18 967
12 906
20 577
21 591
2 283
18 808
4 428
15 924
8 644
2 229
20 911
14 989
21 969
17 564
8 735
10 486
20 192
1 158
10 279
17 824
10 135
4 602
9 873
16 161
5 983
15 289
12 239
14 611
2 492
4 558
1 670
20 570
14 389
19 174
21 214
6 836
5 418
1 175
21 706
21 235
18 251
3 186
6 249
5 423
8 433
12 375
5 709
18 283
7 882
16 122
9 523
13 389
17 772
11 328
21 1000
20 585
5 624
8 430
9 716
7 399
20 652
21 465
18 672
9 258
21 611
17 352
14 333
4 127
14 407
9 822
20 970
9 592
2 972
15 246
3 422
4 927
13 771
20 824
21 959
20 394
20 960
13 396
21 593
11 241
21 432
17 957
2 578
13 973
7 516
13 321
14 245
10 751
8 888
6 615
1 716
9 871
6 388
16 962
11 308
16 138
4 622
8 185
18 96
19 214
10 626
18 875
17 866
16 675
18 719
18 121
13 749
8 959
14 416
2 844
6 417
16 616
18 889
20 833
5 859
10 458
12 434
10 614
17 438
14 333
11 594
5 212
15 730
4 387
6 860
2 235
21 712
15 902
13 264
3 509
17 866
15 773
11 200
11 301
5 495
21 690
10 644
6 915
17 740
19 195
21 915
7 781
9 435
1 874
19 766
1 789
5 429
12 167
21 950
11 515
21 380
15 246
14 456
3 802
10 161
7 921
13 209
11 953
21 909
7 294
14 773
9 179
13 894
10 761
11 390
6 160
8 773
10 834
5 824
13 315
11 590
15 439
13 826
1 93
19 592
4 989
16 221
6 425
15 316
15 432
15 561
10 582
19 334
12 991
4 662
13 901
4 629
8 981
16 961
9 205
14 899
7 184
8 774
14 659
1 456
5 816
21 435
16 690
14 736
21 741
11 993
11 313
15 352
6 989
7 401
20 754
12 901
17 273
15 951
13 718
11 278
7 354
5 707
16 487
11 730
2 898
8 928
4 407
14 487
17 178
21 566
10 209
3 280
12 218
14 973
11 498
4 302
20 939
19 468
20 507
1 199
10 608
8 355
16 533
3 142
2 383
5 670
15 939
19 516
3 460
18 810
18 276
16 593
1 352
3 414
6 502
11 731
18 154
18 504
5 495
20 547
13 238
12 334
20 144
19 874
12 450
8 685
8 961
7 252
11 612
1 803
18 517
18 144
4 455
11 348
3 193
4 939
2 655
14 549
8 582
14 283
17 602
10 560
18 821
11 589
20 886
8 516
17 357
10 232
13 257
19 307
1 647
16 232
6 681
9 187
1 455
13 789
18 932
8 949
11 224
12 116
15 664
8 489
17 958
16 908
8 431
9 742
4 742
8 455
21 790
13 722
7 130
3 740
7 461
10 636
6 981
18 808
9 741
2 422
9 288
11 909
1 960
15 308
2 242
20 191
6 325
19 961
17 166
14 412
18 266
16 507
11 877
1 642
6 147
14 355
7 506
1 279
4 140
10 977
13 163
5 798
14 343
21 295
16 689
17 134
8 875
14 156
4 92
20 874
20 738
3 572
17 419
10 408
16 363
7 891
17 160
1 348
21 904
8 462
3 672
8 619
20 346
13 180
8 282
11 938
18 671
8 543
5 357
3 279
9 885
8 461
9 918
14 733
19 132
15 341
3 166
7 262
10 604
8 691
19 919
15 653
6 641
12 201
15 806
5 281
13 477
14 924
3 443
20 876
19 658
19 586
5 791
8 707
20 206
14 641
19 538
6 716
12 208
3 784
21 953
1 800
18 284
2 278
16 739
10 648
4 833
20 785
20 797
4 250
6 691
6 469
13 482
6 969
14 707
6 389
19 621
2 183
19 147
10 991
18 945
18 107
19 483
5 381
5 348
16 780
19 664
8 560
13 998
21 684
7 999
4 339
12 120
12 438
7 162
12 984
16 370
4 454
2 280
9 701
9 369
1 871
5 674
7 98
13 104
4 454
3 287
11 128
11 324
17 599
21 891
9 374
9 384
7 194
3 205
3 819
9 289
17 454
12 148
19 958
3 894
7 374
20 762
10 952
11 426
14 534
4 367
3 829
21 384
3 435
4 613
13 959
20 536
5 806
4 498
13 493
16 695
8 550
2 371
14 350
12 737
17 163
21 694
9 887
3 92
10 943
12 542
6 447
4 651
19 699
15 466
14 891
21 521
11 386
16 810
20 946
14 705
9 870
12 93
3 203
14 770
13 594
11 410
12 283
20 881
4 453
7 421
4 748
19 751
3 579
4 548
9 690
3 634
21 220
15 788
18 990
20 651
2 591
6 138
16 991
21 314
14 635
6 410
10 658
15 344
14 830
19 661
10 284
11 693
1 687
18 215
10 342
1 396
8 719
19 258
10 281
8 374
6 624
13 681
10 554
13 270
7 255
21 389
2 178
16 747
1 309
11 498
6 207
14 373
15 672
15 892
7 714
7 399
20 130
9 945
18 463
13 665
10 458
1 369
3 478
11 568
9 573
3 635
12 120
5 280
8 729
20 618
21 897
7 612
4 601
18 448
10 951
8 626
11 462
19 600
17 131
10 320
5 658
14 370
4 192
4 155
18 149
2 636
6 100
13 286
11 122
13 926
14 235
16 427
18 968
7 362
13 977
16 604
9 860
4 398
5 511
1 526
3 760
10 114
5 182
13 959
19 577
21 440
10 517
11 826
3 696
3 346
1 621
18 237
21 209
2 865
8 847
3 985
16 304
19 247
7 119
10 472
20 126
2 687
8 909
14 297
13 144
5 549
21 348
8 217
4 700
5 328
13 399
3 305
6 121
15 538
17 523
20 721
2 181
1 769
10 773
8 434
18 123
1 264
8 690
21 836
9 770
5 250
17 867
9 246
7 370
8 319
7 867
19 262
19 372
21 324
12 835
12 783
17 462
20 136
19 711
17 539
3 329
21 195
19 674
20 140
11 704
15 568
3 790
6 137
2 857
20 827
16 835
5 569
11 871
18 496
20 687
7 495
16 978
4 519
19 277
6 658
2 327
15 414
4 418
10 168
14 257
21 271
10 340
15 784
8 272
2 440
13 807
19 218
4 273
14 542
17 215
1 971
13 622
7 963
19 491
9 469
10 575
16 976
1 188
11 349
7 724
14 259
7 182
11 120
1 894
11 589
16 497
18 495
12 732
18 370
4 908
18 437
5 321
8 126
19 461
15 671
13 710
3 301
16 995
11 430
12 627
9 925
17 754
2 434
14 397
14 586
4 440
7 204
12 605
21 130
14 296
17 782
11 102
9 672
13 402
20 244
8 748
12 830
14 559
1 289
2 303
21 447
3 703
3 351
19 586
10 649
10 362
4 158
5 772
3 487
12 101
1 195
4 943
12 147
6 840
8 949
3 178
12 927
2 326
21 210
7 594
16 727
16 413
2 386
7 93
3 399
2 285
14 844
5 817
8 267
8 449
20 436
19 99
14 981
8 609
4 955
10 436
6 150
12 746
15 852
4 890
7 858
2 488
8 171
1 120
4 628
5 629
9 251
10 489
17 856
14 302
17 280
2 429
7 369
17 648
18 653
11 415
13 457
11 957
11 554
18 134
19 614
8 267
21 956
18 572
1 750
9 404
5 543
10 487
17 985
4 497
3 122
21 420
17 935
1 141
18 110
10 692
9 462
17 581
18 99
9 881
8 251
17 344
6 862
20 244
21 786
18 253
2 380
11 194
14 753
5 168
9 608
4 331
16 568
16 851
13 961
9 125
7 940
2 428
5 672
18 111
18 890
20 982
12 136
19 994
20 558
18 368
16 390
15 851
15 984
4 292
13 127
16 546
4 809
2 668
11 965
15 192
6 740
15 539
12 105
9 378
6 603
16 121
7 314
11 915
7 684
8 199
8 169
19 240
21 431
10 959
6 426
18 342
16 175
2 515
14 712
13 222
11 294
3 392
11 795
13 141
6 452
8 230
13 893
21 97
7 95
2 472
9 421
5 748
13 967
15 880
3 561
6 981
20 204
4 958
3 552
7 263
12 874
18 385
3 559
17 542
18 102
10 277
19 512
20 131
9 385
6 975
7 124
18 886
14 693
8 442
13 632
2 414
20 785
8 315
1 879
3 886
15 923
6 530
9 289
11 194
3 945
6 378
20 746
18 97
3 141
12 320
8 880
13 563
19 465
20 268
2 459
9 275
6 101
12 911
3 664
18 768
6 767
14 701
21 327
20 144
16 103
17 524
16 311
18 637
14 603
6 887
13 600
17 926
17 597
2 902
1 559
5 342
14 106
17 822
3 314
21 934
9 236
1 601
7 148
15 939
7 832
18 909
20 654
3 760
17 411
18 101
4 323
18 730
13 451
5 375
19 500
2 854
1 264
7 791
18 115
15 590
18 734
11 726
12 461
10 413
21 409
12 957
2 780
18 220
15 998
10 894
15 229
21 920
5 862
2 181
1 946
8 215
7 723
18 814
18 770
2 651
21 858
14 544
9 492
12 127
19 929
1 158
17 259
14 696
17 523
2 337
4 956
19 594
21 241
3 514
1 634
16 454
8 755
13 682
3 928
20 435
6 521
13 335
17 965
18 561
16 894
8 286
7 430
14 444
4 173
10 105
9 245
4 355
16 236
21 592
7 229
12 167
12 423
2 917
1 179
6 656
3 536
7 907
17 262
10 127
18 876
16 603
3 579
20 851
16 465
15 183
7 591
16 868
6 599
4 907
1 603
1 91
5 490
16 129
10 206
16 717
9 182
14 750
9 767
15 632
15 893
5 873
7 711
18 520
2 483
4 188
7 129
12 726
18 98
18 219
16 171
13 179
2 860
7 147
19 214
11 433
2 640
15 398
14 842
4 917
2 542
20 776
3 819
11 436
19 805
4 776
20 894
19 910
21 219
4 687
19 374
1 657
8 537
20 949
13 582
9 564
21 331
11 552
14 995
2 868
17 907
1 422
17 189
6 824
5 849
3 520
21 102
3 930
9 611
4 333
2 509
6 720
3 316
1 337
17 780
8 694
16 406
12 952
18 348
13 330
17 744
20 962
9 584
3 540
1 982
7 244
16 131
18 113
5 997
21 659
3 262
6 504
1 555
4 201
12 940
19 418
4 800
1 374
9 398
6 380
3 340
17 792
1 707
14 775
1 295
5 578
13 348
20 321
16 377
18 745
18 432
13 308
16 508
18 503
4 581
19 156
20 250
6 954
4 158
9 348
14 979
1 598
21 131
18 760
14 942
4 736
6 180
9 625
18 125
16 633
18 632
19 884
16 403
14 171
8 868
5 941
17 525
19 736
19 669
7 535
10 681
20 293
9 638
9 580
16 966
4 822
19 404
13 102
11 659
15 737
19 424
9 423
8 903
13 895
12 626
21 194
9 155
9 598
21 357
16 944
5 999
11 981
21 656
4 728
17 624
21 395
2 449
19 331
12 351
10 939
18 527
19 187
18 829
2 655
2 908
5 107
20 630
7 340
19 615
4 530
6 255
6 339
2 593
11 283
6 577
15 681
7 920
5 156
8 796
4 132
20 701
16 299
8 524
5 286
21 778
1 593
5 586
9 139
5 894
7 821
11 123
12 685
14 813
4 755
16 195
1 465
6 440
2 354
12 495
14 488
20 877
21 273
6 108
5 846
9 912
3 862
16 335
13 97
21 302
9 114
17 758
8 94
16 522
15 179
16 294
15 656
18 885
17 303
12 346
14 219
15 972
3 728
7 840
12 279
10 339
12 730
9 748
11 278
21 320
9 233
5 861
18 582
13 268
12 889
4 589
5 464
19 911
12 288
19 103
11 417
2 230
6 698
9 289
19 335
15 116
8 256
7 292
16 850
18 974
13 283
8 522
13 719
18 615
17 561
8 286
6 169
14 138
15 622
5 315
19 866
2 202
4 396
20 165
3 790
15 246
20 221
11 346
1 817
13 887
15 255
21 496
10 960
4 103
21 842
16 725
16 912
7 541
11 366
6 214
6 676
3 301
15 927
2 190
8 249
3 879
15 424
7 173
13 542
8 190
16 379
21 806
4 281
3 864
10 843
16 481
21 106
4 335
9 545
4 624
6 555
14 225
16 683
12 757
7 309
21 662
6 548
16 996
18 637
12 249
19 617
21 157
3 665
11 478
17 164
11 224
18 151
7 259
19 289
14 197
10 100
10 431
1 673
2 696
1 629
5 664
15 507
18 116
14 126
11 351
1 1000
14 833
21 353
8 167
15 820
19 880
4 582
20 103
19 644
11 482
10 895
18 330
18 817
11 209
14 269
2 479
17 878
5 890
12 975
15 125
3 854
17 300
14 661
20 705
20 122
12 634
5 531
2 184
15 817
21 651
9 784
21 880
2 138
21 581
2 167
8 532
16 150
6 547
1 740
12 206
21 470
3 906
16 479
17 640
12 615
1 804
8 880
15 127
2 544
17 924
7 222
1 632
14 258
17 654
11 954
9 962
9 980
10 610
17 925
2 868
18 251
18 884
18 536
19 358
17 444
10 694
12 622
5 998
7 790
15 248
9 212
6 135
4 776
19 338
9 919
3 841
19 669
1 731
2 242
14 665
3 886
6 459
20 849
4 818
9 404
17 425
1 493
4 123
7 639
6 895
7 602
2 93
4 986
3 854
21 356
2 477
2 352
20 140
3 886
7 150
21 476
8 201
9 382
16 109
19 604
4 541
1 156
10 441
15 346
14 574
10 943
17 233
9 971
9 230
8 234
1 888
16 926
5 93
20 485
1 850
18 415
5 618
11 574
19 668
4 863
19 597
16 575
10 250
2 723
2 863
4 553
15 586
19 883
20 594
13 437
3 351
6 836
19 959
18 479
19 236
6 518
15 658
8 809
17 97
13 257
19 977
18 373
8 276
19 854
16 858
7 880
20 824
16 856
21 417
18 955
9 755
21 456
3 392
14 348
4 395
21 769
7 377
7 579
13 903
12 813
11 331
4 895
3 377
9 580
20 484
19 366
16 144
21 645
2 643
1 872
14 711
3 157
9 974
2 674
21 105
15 282
3 500
19 344
8 355
8 904
21 361
8 454
19 730
7 598
2 419
1 277
3 529
4 575
4 138
4 944
11 373
6 320
8 808
13 659
21 274
4 564
4 182
11 114
6 253
4 283
3 127
8 578
11 492
18 197
17 509
9 587
11 691
1 649
21 553
20 373
9 629
12 841
10 899
6 853
21 533
4 326
8 135
13 246
19 236
19 467
6 486
9 186
19 431
15 280
21 381
18 407
18 643
2 172
2 336
20 940
19 995
13 670
10 721
16 539
19 969
3 214
20 693
11 496
6 811
12 382
9 841
3 350
10 860
19 301
16 913
15 499
14 420
6 172
4 115
17 979
14 148
4 820
13 547
15 339
8 637
1 517
3 450
20 540
3 244
4 91
13 856
3 958
20 802
21 706
15 593
4 211
16 818
3 236
10 929
3 222
12 805
3 327
8 614
1 705
14 540
11 330
1 364
3 972
7 771
18 618
8 375
7 454
10 101
13 956
1 694
11 207
10 278
4 685
1 740
6 687
14 584
18 476
20 919
14 585
15 302
17 730
3 900
17 544
17 556
4 192
5 981
3 978
19 738
16 453
18 296
13 159
2 750
2 448
13 859
18 866
5 164
9 432
13 670
4 397
13 113
3 674
16 287
3 468
14 345
9 112
6 396
14 900
1 502
11 617
10 297
17 148
2 933
2 104
12 588
14 966
21 862
21 638
10 761
6 710
18 700
21 595
3 671
6 268
16 402
16 847
11 264
15 507
14 283
19 599
7 518
6 226
8 904
17 114
10 779
5 946
10 798
1 961
18 732
15 504
21 956
12 636
14 150
1 637
20 263
7 763
16 981
2 139
11 694
21 225
9 727
21 144
11 949
9 273
13 551
17 510
7 315
7 655
19 882
8 276
3 546
9 934
18 644
7 567
14 828
17 801
1 670
9 535
13 250
2 448
12 600
3 466
13 677
6 229
6 454
6 565
7 448
18 413
19 466
14 561
15 780
9 767
20 367
17 400
10 782
9 379
9 818
21 128
11 651
12 606
6 568
2 749
4 579
16 423
17 672
20 814
16 285
16 807
18 738
10 443
20 773
10 234
7 778
14 178
10 200
20 996
13 924
15 423
5 792
12 552
2 497
1 364
3 936
4 647
17 665
11 734
14 221
4 843
6 942
8 898
8 484
18 564
15 600
3 657
21 346
19 701
9 325
10 951
14 194
