6473
1 2973
1 8778
1 5216
1 4489
1 7284
1 5995
1 9652
1 3584
1 3182
1 4940
1 9014
1 5025
1 7712
1 2195
1 2547
1 5989
1 9369
1 1495
1 7415
1 8031
1 2852
1 5639
1 4253
1 5443
1 9971
1 4624
1 1546
1 8774
1 7831
1 7004
1 3520
1 8164
1 5938
1 1764
1 9272
1 1900
1 1863
1 8733
1 5925
1 6806
1 7906
1 5004
1 2171
1 8163
1 2247
1 9208
1 7841
1 4016
1 4324
1 5038
1 7952
1 9602
1 8650
1 8085
1 7209
1 4850
1 1186
1 3988
1 6043
1 2833
1 6789
1 9471
1 2901
1 1296
1 7126
1 7240
1 1720
1 6673
1 4636
1 1974
1 4408
1 2784
1 2584
1 9576
1 8665
1 5075
1 3421
1 2188
1 2099
1 4983
1 8365
1 3435
1 9412
1 8116
1 2718
1 8557
1 7167
1 1182
1 5689
1 3310
1 5543
1 2936
1 8130
1 4297
1 4068
1 5284
1 6776
1 1630
1 9137
1 3059
1 5807
1 4788
1 6833
1 7173
1 2278
1 2279
1 5527
1 9264
1 5419
1 2263
1 4322
1 5543
1 2066
1 8095
1 6368
1 1073
1 5362
1 3630
1 8660
1 7647
1 1485
1 3261
1 3441
1 5801
1 9144
1 8085
1 3746
1 8771
1 3759
1 6666
1 5235
1 4639
1 4592
1 4136
1 7272
1 1796
1 2041
1 1296
1 7922
1 4347
1 6728
1 2370
1 6597
1 1141
1 2432
1 2078
1 7910
1 1767
1 7780
1 1358
1 9539
1 8172
1 6263
1 8659
1 6533
1 4974
1 9103
1 9734
1 5265
1 2775
1 2795
1 2358
1 8254
1 7578
1 2761
1 4868
1 3774
1 9954
1 4096
1 6430
1 5284
1 6951
1 4209
1 9726
1 5288
1 3641
1 1325
1 8923
1 1558
1 2413
1 3837
1 6384
1 8454
1 6411
1 1103
1 7136
1 4313
1 7461
1 6151
1 6728
1 8776
1 5323
1 9726
1 4484
1 4722
1 6817
1 9877
1 6889
1 5079
1 6945
1 8238
1 6889
1 7401
1 1138
1 2240
1 9682
1 1648
1 8767
1 2783
1 5279
1 6635
1 3977
1 3025
1 9225
1 3995
1 3025
1 1599
1 7673
1 5966
1 5536
1 1724
1 3551
1 5689
1 5876
1 3460
1 9317
1 4932
1 4727
1 9261
1 6232
1 1875
1 5838
1 9286
1 4421
1 3894
1 6556
1 5003
1 1448
1 1815
1 7785
1 3280
1 3483
1 3999
1 5390
1 2950
1 5367
1 2572
1 6252
1 8339
1 6544
1 6827
1 1523
1 8462
1 1595
1 5571
1 9143
1 7730
1 9838
1 8039
1 2010
1 5153
1 9543
1 8457
1 1719
1 9062
1 1749
1 9832
1 5879
1 8178
1 7601
1 7774
1 4509
1 4742
1 5804
1 5661
1 4797
1 7041
1 7269
1 6627
1 3569
1 9853
1 9428
1 1537
1 3354
1 6141
1 6107
1 7364
1 9343
1 5162
1 3580
1 8542
1 2009
1 3949
1 3287
1 6903
1 8346
1 3609
1 8768
1 8171
1 6184
1 5449
1 1236
1 3810
1 8341
1 9796
1 3509
1 8574
1 6658
1 9382
1 8126
1 4015
1 4321
1 9123
1 6736
1 4328
1 7682
1 9918
1 1021
1 5961
1 5994
1 6019
1 6416
1 1374
1 5480
1 3202
1 3534
1 7872
1 3832
1 8575
1 9769
1 9768
1 2404
1 6915
1 1910
1 1919
1 5840
1 2086
1 5522
1 4692
1 6688
1 4893
1 5962
1 8460
1 8167
1 9408
1 4140
1 1022
1 8112
1 6066
1 4730
1 5323
1 6854
1 9032
1 2051
1 8525
1 1534
1 2194
1 4222
1 6887
1 1169
1 3119
1 6147
1 8608
1 4832
1 7181
1 2674
1 8083
1 1100
1 1625
1 2843
1 9251
1 9667
1 4965
1 4364
1 8036
1 2120
1 9996
1 1857
1 7902
1 3559
1 1305
1 7796
1 2980
1 5792
1 4704
1 3872
1 7729
1 1252
1 8041
1 8601
1 6234
1 8922
1 1244
1 1420
1 8244
1 9818
1 6203
1 7851
1 9575
1 6209
1 6682
1 7957
1 1692
1 2180
1 5981
1 8597
1 9760
1 5183
1 2645
1 1575
1 4186
1 2719
1 2662
1 2275
1 2209
1 1858
1 4387
1 3815
1 7990
1 6907
1 5453
1 5870
1 9762
1 4467
1 9540
1 6290
1 9826
1 9275
1 6379
1 5188
1 4738
1 4373
1 2688
1 3363
1 8798
1 1825
1 8068
1 2422
1 2697
1 3538
1 2106
1 6467
1 2705
1 1646
1 6469
1 2489
1 1923
1 3462
1 6308
1 6425
1 8291
1 2332
1 2524
1 6993
1 1305
1 4956
1 4752
1 9420
1 3512
1 6496
1 2429
1 1697
1 3658
1 3690
1 4073
1 7144
1 8122
1 1459
1 3865
1 5335
1 3322
1 7077
1 6063
1 8035
1 3463
1 5636
1 7301
1 4074
1 2380
1 8991
1 1532
1 8661
1 7268
1 8102
1 5670
1 6587
1 4458
1 8190
1 3290
1 3823
1 6518
1 3669
1 2825
1 6629
1 5437
1 1522
1 8140
1 4832
1 6431
1 7178
1 1593
1 3447
1 5749
1 5207
1 5247
1 1070
1 1400
1 1209
1 8732
1 2902
1 2922
1 9000
1 1642
1 7762
1 1035
1 4326
1 6240
1 7243
1 5139
1 1571
1 4169
1 5710
1 7785
1 5701
1 8968
1 8674
1 8622
1 5927
1 2825
1 1500
1 6315
1 3786
1 9483
1 1030
1 9680
1 7224
1 7032
1 9878
1 9576
1 1682
1 2657
1 4095
1 7073
1 6888
1 3434
1 1465
1 4086
1 6937
1 7500
1 2526
1 9694
1 6620
1 8448
1 1710
1 1988
1 2316
1 9435
1 4999
1 8744
1 4914
1 5700
1 6515
1 9518
1 6612
1 5630
1 9305
1 9542
1 6148
1 7548
1 7309
1 7190
1 8415
1 3568
1 2591
1 5115
1 6916
1 8028
1 5253
1 8414
1 7225
1 9491
1 4287
1 7398
1 1609
1 5172
1 4334
1 9000
1 5827
1 8832
1 7296
1 7104
1 5541
1 1915
1 1330
1 7085
1 7694
1 2841
1 6870
1 1438
1 5357
1 4518
1 3249
1 2518
1 2116
1 6970
1 6907
1 2001
1 3867
1 9838
1 4283
1 9255
1 2358
1 4596
1 2706
1 2551
1 8453
1 8906
1 1377
1 2871
1 2297
1 7402
1 1536
1 8541
1 4748
1 2814
1 2684
1 3668
1 3901
1 2779
1 5848
1 1872
1 7008
1 7400
1 2125
1 1801
1 9435
1 3041
1 5342
1 7993
1 7367
1 7064
1 8954
1 7923
1 5841
1 2815
1 9581
1 4299
1 9736
1 1436
1 4446
1 4303
1 6820
1 6952
1 7411
1 1641
1 6372
1 9417
1 8830
1 9536
1 8646
1 7242
1 8159
1 3626
1 1591
1 6884
1 3462
1 6811
1 5165
1 7442
1 1465
1 6729
1 8522
1 9749
1 4138
1 4771
1 6416
1 9445
1 7847
1 2152
1 6871
1 3369
1 2509
1 5643
1 7706
1 1782
1 1615
1 9245
1 4947
1 2750
1 5002
1 1497
1 3136
1 9453
1 9489
1 7352
1 7451
1 5039
1 2138
1 3379
1 1969
1 9180
1 3948
1 5505
1 9457
1 3104
1 5894
1 5607
1 2545
1 2732
1 3746
1 1040
1 6788
1 1233
1 2678
1 6062
1 2113
1 8706
1 7395
1 6350
1 6999
1 7751
1 2690
1 8852
1 4929
1 6371
1 7387
1 2519
1 5305
1 8347
1 3864
1 8655
1 6380
1 8077
1 5706
1 9434
1 4854
1 9589
1 6737
1 1195
1 8530
1 1276
1 2770
1 5364
1 6945
1 5824
1 2754
1 5745
1 9897
1 1261
1 6691
1 8067
1 5541
1 9765
1 3783
1 5120
1 7081
1 8328
1 4737
1 9065
1 9849
1 3959
1 4624
1 6951
1 7000
1 1045
1 6945
1 4737
1 7912
1 5798
1 3912
1 5217
1 9625
1 2099
1 9283
1 7228
1 2425
1 4234
1 3139
1 3132
1 7683
1 6912
1 4327
1 1737
1 1939
1 3532
1 9878
1 9500
1 3603
1 4843
1 7395
1 2193
1 6612
1 7095
1 8852
1 9872
1 8513
1 4590
1 7440
1 5904
1 1416
1 4161
1 3483
1 1263
1 6972
1 3896
1 7098
1 4065
1 8114
1 2473
1 6374
1 4235
1 1995
1 8548
1 3655
1 5775
1 5385
1 6405
1 5198
1 5512
1 5185
1 2642
1 7721
1 9410
1 1139
1 9412
1 2415
1 9986
1 8366
1 1665
1 2111
1 8378
1 7128
1 7678
1 4182
1 3544
1 4263
1 6003
1 5866
1 7476
1 6873
1 4183
1 2670
1 1054
1 6373
1 4602
1 9087
1 6125
1 4351
1 7715
1 5623
1 5052
1 4173
1 2198
1 8364
1 7933
1 1402
1 4588
1 9855
1 1841
1 3779
1 5511
1 3994
1 2059
1 5012
1 7912
1 7246
1 5902
1 4003
1 2610
1 7990
1 7433
1 9716
1 6907
1 6973
1 4238
1 2790
1 3860
1 2301
1 7659
1 5830
1 7842
1 6331
1 4905
1 5300
1 6521
1 2104
1 6607
1 6208
1 8352
1 2861
1 2807
1 5218
1 7881
1 2350
1 3229
1 2178
1 5808
1 7689
1 1097
1 8866
1 9505
1 5551
1 8043
1 5560
1 2380
1 2099
1 4111
1 4946
1 4467
1 6367
1 4993
1 5327
1 9097
1 1521
1 5336
1 5914
1 6235
1 5695
1 8458
1 4531
1 6754
1 9732
1 9447
1 6991
1 4424
1 9036
1 6997
1 1521
1 8457
1 6448
1 9859
1 9656
1 6306
1 8614
1 3237
1 1671
1 8420
1 4652
1 8607
1 3437
1 7521
1 7155
1 6588
1 7822
1 2816
1 5258
1 8169
1 3222
1 2288
1 4316
1 6963
1 9352
1 5623
1 6639
1 1700
1 1309
1 6232
1 4939
1 1801
1 8648
1 6640
1 6616
1 8053
1 7361
1 8403
1 5450
1 8195
1 5203
1 8532
1 6217
1 8290
1 7291
1 2176
1 4655
1 2373
1 8703
1 9816
1 7453
1 1050
1 3568
1 8066
1 8106
1 1734
1 3147
1 3912
1 8142
1 3394
1 9373
1 9755
1 5113
1 5472
1 5064
1 3405
1 7492
1 9442
1 6136
1 3102
1 6410
1 2435
1 8722
1 4230
1 2225
1 6167
1 8763
1 1384
1 7884
1 8954
1 5619
1 7649
1 6327
1 1409
1 5910
1 5024
1 8961
1 9504
1 5991
1 9554
1 1677
1 7565
1 2336
1 2454
1 7505
1 2243
1 2804
1 5296
1 3222
1 7633
1 8376
1 4329
1 6789
1 5333
1 2122
1 9411
1 1928
1 7562
1 1462
1 7076
1 9269
1 7597
1 7280
1 7559
1 7160
1 5275
1 9036
1 5219
1 2679
1 9622
1 9261
1 7972
1 9513
1 4247
1 4785
1 1232
1 2788
1 8461
1 7964
1 8920
1 2680
1 1374
1 2567
1 9988
1 1372
1 8214
1 3532
1 4725
1 3870
1 6194
1 4082
1 8557
1 9613
1 6206
1 5358
1 4873
1 6262
1 6468
1 7387
1 9619
1 9257
1 9547
1 5661
1 5724
1 8108
1 9730
1 7461
1 8338
1 7823
1 3554
1 2042
1 8895
1 6351
1 3284
1 2288
1 9415
1 8727
1 7277
1 8028
1 4361
1 5752
1 8209
1 7873
1 7091
1 3439
1 6917
1 4957
1 5527
1 2307
1 6216
1 6488
1 3984
1 4824
1 2739
1 6883
1 1218
1 2205
1 4248
1 8618
1 8663
1 1083
1 4150
1 6799
1 1673
1 3172
1 8715
1 5024
1 7521
1 6619
1 8542
1 9359
1 3239
1 1001
1 6464
1 5121
1 7020
1 7739
1 5455
1 5413
1 7124
1 5950
1 3969
1 2462
1 8216
1 7378
1 3253
1 1901
1 8445
1 3325
1 9528
1 9777
1 7145
1 4019
1 8574
1 6689
1 6452
1 5401
1 5743
1 3209
1 5358
1 3802
1 2834
1 8375
1 1133
1 7411
1 4149
1 3989
1 4585
1 2580
1 4874
1 8230
1 1094
1 7914
1 3436
1 6434
1 3343
1 5029
1 7620
1 8284
1 7934
1 6233
1 9180
1 6764
1 7303
1 9416
1 7508
1 6924
1 6350
1 5445
1 7708
1 4982
1 6504
1 1553
1 8768
1 5123
1 5015
1 9996
1 5058
1 7509
1 3517
1 6905
1 2742
1 6089
1 8728
1 4745
1 8245
1 8745
1 7688
1 9713
1 6008
1 6915
1 4644
1 9413
1 1732
1 1626
1 5049
1 5974
1 2407
1 3609
1 7778
1 5741
1 2049
1 2251
1 1365
1 1339
1 8204
1 5156
1 6912
1 7273
1 6246
1 1659
1 5861
1 2311
1 5181
1 7429
1 2099
1 6496
1 5514
1 2297
1 5792
1 3524
1 9637
1 6354
1 4394
1 8801
1 1832
1 2665
1 7211
1 5817
1 4931
1 9516
1 9672
1 8680
1 6648
1 9249
1 1221
1 3860
1 6383
1 8436
1 3870
1 4970
1 1926
1 2751
1 1943
1 5629
1 5019
1 5820
1 5851
1 5288
1 3055
1 2531
1 8490
1 1613
1 6853
1 2218
1 3502
1 3870
1 7750
1 3259
1 2824
1 7563
1 3991
1 8689
1 3816
1 3665
1 6940
1 1008
1 2358
1 2694
1 6616
1 9928
1 3693
1 8523
1 8067
1 7365
1 5922
1 6157
1 9112
1 1755
1 6597
1 3894
1 4887
1 1171
1 6139
1 5230
1 1002
1 7119
1 6350
1 1386
1 7301
1 9483
1 6287
1 8821
1 4355
1 2769
1 6119
1 4994
1 6773
1 2498
1 7290
1 9879
1 4652
1 7760
1 3772
1 7144
1 8732
1 5992
1 3142
1 5752
1 5557
1 1489
1 5989
1 8105
1 4609
1 4291
1 3941
1 3899
1 2332
1 8396
1 6050
1 9970
1 7011
1 8549
1 6424
1 5532
1 6878
1 5851
1 9793
1 1064
1 9727
1 2555
1 9599
1 8505
1 5294
1 8190
1 1256
1 1972
1 6294
1 9113
1 9985
1 1335
1 6587
1 5877
1 8364
1 7890
1 9782
1 6698
1 3587
1 5925
1 4099
1 8477
1 6817
1 9262
1 8308
1 5456
1 9733
1 3435
1 4023
1 8251
1 2724
1 9850
1 4133
1 9892
1 2930
1 8088
1 7098
1 8580
1 4037
1 9224
1 8716
1 9174
1 4794
1 7068
1 6019
1 9213
1 1125
1 7624
1 4637
1 4524
1 5218
1 9962
1 4661
1 8371
1 6076
1 3177
1 1885
1 7793
1 9856
1 5481
1 4119
1 1558
1 3187
1 3245
1 9884
1 3326
1 3211
1 2909
1 6873
1 4886
1 1724
1 9013
1 8458
1 8689
1 4924
1 8126
1 7722
1 3784
1 2353
1 2182
1 7738
1 6579
1 5511
1 5817
1 1793
1 7217
1 5657
1 7743
1 4638
1 9032
1 4699
1 5204
1 7561
1 6378
1 7505
1 5613
1 8334
1 9099
1 4231
1 1236
1 8508
1 4737
1 1376
1 5753
1 4491
1 4860
1 7153
1 8529
1 2623
1 1339
1 4157
1 4862
1 9614
1 7681
1 2545
1 7938
1 1621
1 1703
1 1707
1 5231
1 1846
1 5280
1 1730
1 9288
1 8087
1 5057
1 9657
1 1378
1 8463
1 8009
1 6040
1 6590
1 7486
1 6284
1 4601
1 3428
1 8281
1 2011
1 5716
1 2239
1 3157
1 1207
1 8763
1 2499
1 2960
1 6553
1 7817
1 2244
1 7888
1 4109
1 6616
1 2947
1 6331
1 8484
1 9536
1 6609
1 4332
1 4932
1 4265
1 4265
1 4800
1 6372
1 6627
1 1515
1 4308
1 7971
1 4676
1 6271
1 4488
1 9260
1 4991
1 5779
1 3647
1 6921
1 2618
1 8021
1 8893
1 8001
1 7854
1 5650
1 1865
1 8838
1 7609
1 2167
1 1953
1 5215
1 7586
1 4667
1 2076
1 7380
1 8227
1 7552
1 2577
1 8644
1 1292
1 5643
1 5542
1 9453
1 2231
1 6817
1 2600
1 8154
1 4248
1 1945
1 7979
1 7735
1 8102
1 2909
1 1401
1 7062
1 3826
1 7237
1 3151
1 4821
1 2782
1 5151
1 8468
1 2186
1 6539
1 9179
1 4680
1 2113
1 8845
1 2608
1 3764
1 5474
1 7623
1 8969
1 1329
1 3484
1 7528
1 3797
1 4493
1 9478
1 7354
1 1274
1 9898
1 7867
1 4459
1 1671
1 7718
1 8276
1 5554
1 3526
1 2711
1 5088
1 2264
1 1316
1 8507
1 8169
1 9651
1 5222
1 9924
1 2455
1 1326
1 4443
1 4636
1 8629
1 9380
1 3912
1 7958
1 3023
1 4748
1 1791
1 1327
1 6552
1 6404
1 6189
1 3670
1 7293
1 6621
1 4536
1 3248
1 9549
1 9666
1 8172
1 1040
1 1269
1 4265
1 3545
1 4781
1 4804
1 4186
1 2290
1 5181
1 1028
1 6976
1 1992
1 4149
1 9141
1 6500
1 1563
1 8011
1 6551
1 1300
1 2070
1 2623
1 6881
1 5903
1 2281
1 7243
1 6671
1 6485
1 7757
1 7782
1 7338
1 6891
1 3211
1 4815
1 6413
1 5938
1 9432
1 2102
1 2259
1 5475
1 4678
1 8972
1 6639
1 6177
1 9169
1 7135
1 9356
1 1700
1 7159
1 4663
1 8703
1 2457
1 7931
1 9368
1 3463
1 8316
1 8861
1 4776
1 3141
1 6120
1 2239
1 8206
1 2041
1 1231
1 4509
1 3469
1 7120
1 6762
1 2618
1 9546
1 7512
1 6920
1 8313
1 9143
1 6206
1 4025
1 5621
1 6439
1 3105
1 9854
1 3934
1 5465
1 4378
1 1059
1 2935
1 6982
1 2762
1 2323
1 2357
1 9583
1 7940
1 5221
1 1490
1 3331
1 1457
1 2742
1 5545
1 2049
1 1753
1 8608
1 8412
1 5241
1 6977
1 9313
1 2623
1 7699
1 3560
1 8753
1 6553
1 4231
1 6340
1 3773
1 8313
1 8994
1 5403
1 2869
1 5532
1 9580
1 8866
1 9269
1 6514
1 2880
1 3277
1 9251
1 4521
1 3326
1 9748
1 2083
1 2041
1 8927
1 4671
1 3729
1 6764
1 2793
1 4135
1 3852
1 8122
1 9979
1 2829
1 9523
1 3625
1 3793
1 3708
1 7762
1 8083
1 3914
1 8236
1 3672
1 6853
1 1123
1 5515
1 7915
1 6761
1 6991
1 7372
1 4134
1 5988
1 3828
1 2701
1 7537
1 5702
1 1202
1 9059
1 4121
1 7728
1 6194
1 7986
1 8349
1 4890
1 7287
1 7509
1 4307
1 2610
1 6170
1 9563
1 6053
1 9170
1 3277
1 6576
1 4015
1 1513
1 3030
1 2769
1 5774
1 8038
1 4248
1 2405
1 5127
1 4889
1 7808
1 8660
1 6693
1 2935
1 9102
1 1957
1 7489
1 9937
1 3863
1 9136
1 4449
1 4824
1 5721
1 7110
1 2998
1 3585
1 1575
1 9524
1 1783
1 9054
1 3875
1 2585
1 5044
1 7258
1 5470
1 4698
1 7119
1 8682
1 1982
1 4888
1 6033
1 8475
1 4632
1 4307
1 8860
1 9750
1 9056
1 5426
1 4708
1 6622
1 2916
1 2297
1 6470
1 2564
1 8035
1 4688
1 5988
1 9561
1 6859
1 9762
1 3864
1 9452
1 1371
1 5127
1 4009
1 3379
1 2137
1 1978
1 3885
1 4105
1 2531
1 5100
1 4324
1 6244
1 7587
1 2952
1 9091
1 3138
1 4166
1 4553
1 8594
1 2506
1 8109
1 3624
1 5075
1 2160
1 9369
1 4665
1 4910
1 2418
1 2459
1 5877
1 8210
1 9691
1 9114
1 1962
1 7541
1 3671
1 4871
1 4507
1 3873
1 2722
1 5960
1 5247
1 6062
1 6820
1 9340
1 5811
1 9609
1 8911
1 6700
1 6924
1 1579
1 2002
1 2106
1 7479
1 1396
1 1976
1 1098
1 8586
1 3616
1 4198
1 1777
1 7010
1 2153
1 3032
1 5772
1 4025
1 5617
1 1900
1 4426
1 6405
1 2513
1 8456
1 5861
1 7390
1 5724
1 2881
1 6119
1 5454
1 9454
1 9863
1 9945
1 5744
1 3477
1 1865
1 7538
1 3096
1 9461
1 7607
1 8930
1 3165
1 9471
1 5103
1 9913
1 5064
1 8168
1 2449
1 6920
1 4329
1 2305
1 9265
1 8672
1 3173
1 3023
1 8821
1 8028
1 9697
1 5457
1 3169
1 7151
1 2929
1 9551
1 2015
1 1421
1 7650
1 3182
1 9462
1 5640
1 4724
1 3387
1 2067
1 3257
1 3339
1 3852
1 6989
1 3346
1 6911
1 3694
1 4165
1 5116
1 5922
1 2687
1 3528
1 6373
1 8246
1 3837
1 1898
1 9488
1 4030
1 7598
1 1593
1 7953
1 1827
1 4114
1 5026
1 6622
1 4593
1 2422
1 5085
1 7698
1 4591
1 7004
1 7783
1 1368
1 4926
1 6935
1 5576
1 2845
1 1763
1 1388
1 9833
1 9821
1 3858
1 3031
1 8872
1 3193
1 7173
1 9763
1 1072
1 6941
1 9692
1 1773
1 3537
1 6441
1 8435
1 2279
1 1108
1 1847
1 2944
1 4597
1 7250
1 5433
1 9526
1 8913
1 8787
1 2618
1 1140
1 6566
1 6643
1 1665
1 9891
1 9359
1 1410
1 6291
1 6293
1 1841
1 7858
1 7296
1 3980
1 8790
1 3520
1 1739
1 9995
1 8133
1 1917
1 4785
1 4274
1 7958
1 2733
1 1828
1 1800
1 5350
1 2548
1 1787
1 1506
1 2297
1 3889
1 3280
1 4915
1 8158
1 4462
1 9632
1 2994
1 8848
1 2628
1 6886
1 4883
1 7621
1 7256
1 3827
1 8896
1 3954
1 4648
1 3752
1 6158
1 8919
1 3203
1 3033
1 2140
1 4294
1 6084
1 6306
1 1764
1 6504
1 8280
1 1269
1 2584
1 2271
1 3191
1 8546
1 2446
1 8737
1 8922
1 4652
1 7011
1 7003
1 8457
1 7841
1 1941
1 5914
1 1704
1 3615
1 5704
1 2307
1 5754
1 1222
1 2483
1 2116
1 7070
1 3423
1 6650
1 9656
1 8333
1 5394
1 7038
1 7037
1 6647
1 9039
1 5170
1 2136
1 8019
1 6736
1 6671
1 9574
1 2593
1 4181
1 6513
1 2222
1 9252
1 4571
1 3467
1 6623
1 6111
1 3320
1 1738
1 9551
1 6528
1 8580
1 6390
1 9623
1 4718
1 5535
1 1027
1 4251
1 7914
1 2059
1 8598
1 4567
1 1638
1 9506
1 9694
1 1695
1 3834
1 8887
1 7122
1 8762
1 6146
1 1658
1 7554
1 1844
1 7787
1 7206
1 1954
1 4391
1 8585
1 1344
1 4935
1 5841
1 2049
1 4342
1 2424
1 6302
1 4503
1 6056
1 6132
1 2299
1 1107
1 6224
1 5877
1 2742
1 9716
1 5079
1 1010
1 3763
1 1146
1 1270
1 9956
1 3356
1 1865
1 7080
1 8847
1 7413
1 3413
1 6220
1 5068
1 5780
1 5860
1 7129
1 2238
1 7673
1 1993
1 8185
1 1994
1 3464
1 5500
1 8158
1 6267
1 8083
1 7672
1 1224
1 6921
1 9231
1 2570
1 4880
1 3970
1 3865
1 1155
1 1337
1 2719
1 5166
1 9600
1 1229
1 2552
1 5049
1 6516
1 5680
1 2149
1 7451
1 8167
1 8956
1 7929
1 5466
1 4699
1 8935
1 9451
1 8506
1 6163
1 1138
1 4949
1 9990
1 2097
1 9442
1 2153
1 7470
1 4111
1 6083
1 7285
1 3109
1 8351
1 6575
1 3378
1 5955
1 8635
1 1750
1 3356
1 4579
1 1354
1 6319
1 2623
1 5773
1 6064
1 3201
1 2586
1 7057
1 5624
1 3527
1 4577
1 8976
1 7242
1 1356
1 7328
1 6663
1 8236
1 9103
1 7579
1 8392
1 9004
1 6409
1 2859
1 2517
1 5206
1 3593
1 8911
1 3787
1 5520
1 8824
1 8415
1 5769
1 3680
1 7999
1 7993
1 9314
1 6939
1 4148
1 4231
1 1522
1 2801
1 2629
1 5065
1 5907
1 5423
1 3579
1 5863
1 8280
1 9268
1 5718
1 4038
1 3112
1 2618
1 5612
1 4943
1 9419
1 3567
1 9900
1 4663
1 2853
1 5077
1 5422
1 6767
1 9950
1 9203
1 8353
1 6386
1 7315
1 8232
1 8167
1 7001
1 2947
1 5064
1 9089
1 3584
1 8007
1 7768
1 6373
1 6981
1 9492
1 4122
1 8709
1 2050
1 4078
1 7531
1 5033
1 4405
1 4487
1 4518
1 5935
1 6052
1 6426
1 1710
1 5620
1 4622
1 7790
1 6330
1 8238
1 6930
1 7274
1 7142
1 7715
1 9155
1 4474
1 6344
1 4591
1 2212
1 9637
1 4753
1 7960
1 4581
1 4227
1 1681
1 4200
1 8272
1 5524
1 5821
1 3146
1 8528
1 5150
1 9649
1 2998
1 8093
1 4689
1 1808
1 5251
1 3410
1 5619
1 4991
1 8973
1 8012
1 1690
1 2370
1 7781
1 5320
1 6979
1 2038
1 3800
1 1684
1 9892
1 3170
1 2669
1 3767
1 4530
1 4402
1 8110
1 6456
1 5942
1 9261
1 7214
1 7829
1 2524
1 9639
1 1022
1 1292
1 1204
1 8046
1 6706
1 6677
1 2202
1 1413
1 6527
1 2944
1 8408
1 1724
1 8908
1 2532
1 3811
1 9189
1 2787
1 9462
1 5651
1 8281
1 4942
1 9831
1 4828
1 3256
1 6244
1 4023
1 1433
1 1457
1 6696
1 1168
1 4188
1 4516
1 5870
1 3974
1 3709
1 1154
1 7459
1 7641
1 9523
1 3779
1 7436
1 4749
1 3232
1 7700
1 9124
1 3661
1 8766
1 6660
1 1220
1 1635
1 2176
1 3285
1 1954
1 8448
1 3875
1 6998
1 8739
1 2274
1 3228
1 9129
1 3559
1 3587
1 2976
1 9101
1 9863
1 2534
1 1997
1 2351
1 1625
1 6317
1 5841
1 3919
1 8104
1 3105
1 1492
1 6386
1 4078
1 6325
1 4363
1 5068
1 4996
1 6342
1 6613
1 1647
1 4732
1 6930
1 5227
1 5728
1 7371
1 7642
1 7459
1 5812
1 7170
1 7059
1 9113
1 8617
1 7222
1 1266
1 2600
1 1753
1 9592
1 7631
1 2206
1 1800
1 1797
1 7179
1 3326
1 7076
1 8740
1 1794
1 9972
1 9147
1 3633
1 7433
1 4727
1 7220
1 7435
1 1435
1 1780
1 5917
1 4456
1 5888
1 3946
1 4218
1 5591
1 6449
1 1479
1 2926
1 8700
1 1992
1 6327
1 4273
1 4718
1 3622
1 5520
1 4979
1 4620
1 3520
1 6842
1 9652
1 8165
1 9038
1 3267
1 2573
1 1254
1 1482
1 4557
1 5744
1 1889
1 8346
1 3118
1 7691
1 4725
1 2463
1 1415
1 4588
1 4008
1 6496
1 7850
1 2012
1 2019
1 8618
1 6180
1 6702
1 8735
1 7063
1 1315
1 9764
1 3737
1 7779
1 2160
1 6294
1 3780
1 3869
1 2610
1 4617
1 2570
1 7385
1 2867
1 7982
1 2206
1 3327
1 4526
1 8267
1 2948
1 2025
1 9217
1 4287
1 1244
1 7026
1 2631
1 8789
1 3768
1 3661
1 6750
1 4429
1 4897
1 3554
1 3653
1 8756
1 8612
1 4148
1 3455
1 9429
1 7584
1 4921
1 3008
1 3191
1 4312
1 4851
1 1305
1 8843
1 8697
1 3718
1 2724
1 7569
1 4128
1 6827
1 6782
1 3153
1 2566
1 6207
1 1727
1 3623
1 5326
1 2057
1 8038
1 3918
1 4679
1 9357
1 2085
1 9210
1 7084
1 9256
1 4855
1 8147
1 8239
1 4194
1 7105
1 6255
1 8393
1 7572
1 7150
1 4205
1 1611
1 4370
1 2370
1 2842
1 7991
1 5687
1 1396
1 9134
1 6340
1 3998
1 7973
1 2434
1 5027
1 4555
1 5707
1 8347
1 3762
1 6546
1 3009
1 4173
1 1606
1 7737
1 2632
1 6237
1 2214
1 5867
1 5849
1 1981
1 6567
1 8401
1 2912
1 8613
1 9103
1 8376
1 1548
1 7250
1 7980
1 3451
1 3867
1 4553
1 3093
1 9776
1 3424
1 7643
1 8563
1 3649
1 4161
1 6391
1 3640
1 4417
1 6862
1 4185
1 9530
1 7240
1 2584
1 5186
1 4204
1 6210
1 2214
1 8315
1 5114
1 6629
1 1821
1 2373
1 8239
1 1519
1 5656
1 4321
1 3184
1 1749
1 6085
1 7836
1 1006
1 6900
1 3878
1 9774
1 1036
1 7485
1 1667
1 2899
1 6715
1 4163
1 6678
1 4593
1 8948
1 6485
1 9977
1 8656
1 2897
1 3952
1 3422
1 5079
1 6098
1 1168
1 3147
1 3499
1 6037
1 9804
1 6413
1 2084
1 7631
1 7065
1 5125
1 6612
1 6744
1 4354
1 6423
1 9595
1 1874
1 3130
1 2555
1 2809
1 5273
1 9765
1 5347
1 7120
1 7065
1 4799
1 4324
1 7006
1 7081
1 7385
1 6512
1 6082
1 6425
1 5187
1 5473
1 7421
1 2045
1 5883
1 2314
1 1417
1 8322
1 5473
1 7751
1 8038
1 5365
1 6442
1 7758
1 7433
1 2489
1 4293
1 2754
1 5908
1 1852
1 6689
1 3271
1 1366
1 4567
1 9779
1 2034
1 9673
1 4328
1 8337
1 3498
1 2630
1 3762
1 2173
1 3233
1 6671
1 7690
1 4321
1 5901
1 8391
1 1647
1 7508
1 7107
1 1075
1 1594
1 1420
1 4419
1 2909
1 7292
1 4529
1 2778
1 3181
1 7306
1 5780
1 6954
1 2234
1 4677
1 9334
1 1731
1 1997
1 6526
1 4937
1 1156
1 5551
1 2571
1 3087
1 9396
1 9004
1 5493
1 7513
1 1800
1 8724
1 7537
1 5483
1 2471
1 1531
1 6363
1 7681
1 9752
1 2674
1 8414
1 7722
1 7340
1 5020
1 2828
1 9415
1 5356
1 4880
1 7936
1 6577
1 6265
1 5092
1 2668
1 9506
1 6707
1 3013
1 8123
1 5531
1 7854
1 9824
1 3092
1 3380
1 9637
1 3819
1 2028
1 5641
1 3856
1 7361
1 3357
1 4170
1 8408
1 6242
1 4056
1 6250
1 1980
1 1835
1 7882
1 8694
1 8335
1 8549
1 7882
1 6653
1 7638
1 8964
1 8894
1 3746
1 5098
1 5393
1 1572
1 9645
1 3224
1 1521
1 9911
1 1613
1 2584
1 4794
1 9905
1 1795
1 4324
1 7793
1 6439
1 9020
1 4415
1 2995
1 8837
1 5706
1 7857
1 1445
1 2619
1 8846
1 9578
1 7184
1 1045
1 8269
1 3185
1 1094
1 8915
1 8553
1 2114
1 4508
1 6243
1 8069
1 8155
1 6193
1 1812
1 8885
1 3288
1 7128
1 6121
1 8304
1 9543
1 5418
1 4411
1 1868
1 1333
1 3375
1 7282
1 3013
1 5517
1 7327
1 9991
1 9499
1 3106
1 1684
1 2542
1 7308
1 5947
1 3633
1 6397
1 2344
1 1135
1 3583
1 7645
1 5415
1 2443
1 9574
1 9149
1 2585
1 3469
1 2992
1 3085
1 5164
1 4523
1 6816
1 9710
1 6785
1 4911
1 1643
1 1762
1 8540
1 7596
1 2099
1 5247
1 4993
1 1095
1 7341
1 7874
1 5818
1 1743
1 6942
1 7657
1 9968
1 4856
1 7092
1 5268
1 8717
1 8240
1 8487
1 7157
1 4277
1 1688
1 4885
1 3211
1 1990
1 2321
1 3248
1 3661
1 4642
1 8101
1 9976
1 1664
1 1309
1 4727
1 6750
1 1264
1 2412
1 1381
1 8218
1 7862
1 7236
1 7452
1 5401
1 3194
1 8010
1 9856
1 9273
1 2529
1 2382
1 6456
1 4456
1 9280
1 3860
1 4648
1 1051
1 5192
1 3875
1 2720
1 2412
1 7432
1 4665
1 4046
1 3126
1 9673
1 6350
1 4405
1 4714
1 6044
1 9610
1 7517
1 5836
1 2315
1 6993
1 4809
1 6657
1 9341
1 6280
1 4490
1 2670
1 4388
1 6390
1 5038
1 9670
1 1544
1 8071
1 9083
1 7149
1 2791
1 9576
1 7092
1 6765
1 3298
1 6772
1 6917
1 6539
1 5926
1 6169
1 2729
1 7409
1 2058
1 8505
1 2086
1 4963
1 1989
1 8349
1 9294
1 2691
1 8188
1 3552
1 7460
1 5441
1 3153
1 7290
1 1408
1 1876
1 4768
1 3935
1 7726
1 9033
1 1405
1 2057
1 5226
1 1301
1 9171
1 5035
1 8488
1 8547
1 7677
1 4644
1 9016
1 4609
1 6936
1 1773
1 6443
1 8525
1 2279
1 9013
1 5456
1 7597
1 2372
1 6018
1 6068
1 2843
1 5190
1 8200
1 7968
1 3394
1 8537
1 9293
1 4878
1 7562
1 7059
1 9779
1 8488
1 5312
1 6910
1 4792
1 1675
1 3717
1 2975
1 2668
1 7684
1 7436
1 9136
1 8598
1 8536
1 5531
1 2624
1 1116
1 7652
1 3496
1 1472
1 4923
1 6292
1 6090
1 6488
1 9349
1 6913
1 6813
1 8310
1 2972
1 8338
1 7963
1 4744
1 3735
1 8090
1 4114
1 1099
1 8369
1 3579
1 6755
1 9965
1 3589
1 7657
1 2045
1 1745
1 3353
1 9685
1 1578
1 5425
1 8285
1 4018
1 8212
1 1981
1 4488
1 4158
1 9116
1 9697
1 8494
1 8629
1 4519
1 7297
1 1055
1 2777
1 5454
1 1532
1 1725
1 6520
1 5377
1 3862
1 8912
1 3373
1 3410
1 5762
1 8875
1 2770
1 7779
1 2732
1 6878
1 6878
1 3675
1 4596
1 1562
1 9238
1 3309
1 4767
1 6328
1 3070
1 6702
1 5790
1 9850
1 6014
1 1607
1 3871
1 5435
1 4679
1 3951
1 9046
1 5942
1 8709
1 5774
1 2977
1 9072
1 8368
1 5246
1 9501
1 7397
1 9003
1 6101
1 9383
1 3661
1 3169
1 7027
1 3947
1 4031
1 2555
1 1734
1 1151
1 9015
1 9815
1 8329
1 7727
1 3601
1 3843
1 2057
1 4881
1 2744
1 4253
1 5911
1 9938
1 7554
1 1682
1 8518
1 8704
1 8960
1 1665
1 9612
1 7283
1 4696
1 6779
1 2710
1 1229
1 6505
1 6618
1 8684
1 4253
1 5914
1 6347
1 8485
1 4975
1 6154
1 1135
1 6284
1 3002
1 2703
1 6604
1 3635
1 5526
1 7103
1 2459
1 1340
1 8110
1 1821
1 9611
1 1123
1 2554
1 7774
1 2081
1 2368
1 4057
1 6814
1 2471
1 4179
1 1434
1 5658
1 1790
1 8452
1 4151
1 4046
1 2648
1 7545
1 1313
1 3930
1 9365
1 4611
1 1641
1 5051
1 3889
1 4680
1 5457
1 1064
1 5201
1 1204
1 8832
1 4485
1 5213
1 9921
1 2229
1 1551
1 5418
1 4579
1 7675
1 4671
1 9070
1 9729
1 9473
1 2521
1 8978
1 2608
1 5565
1 2093
1 2189
1 8068
1 8368
1 6515
1 8990
1 8275
1 4971
1 3012
1 2554
1 5024
1 4629
1 4659
1 5082
1 2403
1 9062
1 2798
1 2183
1 2813
1 2131
1 5809
1 7533
1 7081
1 4924
1 8238
1 4379
1 8272
1 4796
1 8389
1 1420
1 2724
1 8630
1 8183
1 5197
1 5336
1 7007
1 5729
1 4657
1 4167
1 8865
1 5484
1 3634
1 8403
1 1598
1 8767
1 5707
1 5720
1 6587
1 1169
1 5587
1 4861
1 6775
1 2524
1 1076
1 3447
1 6447
1 5232
1 1133
1 9480
1 3113
1 9667
1 3909
1 6162
1 3178
1 5571
1 6283
1 4254
1 9920
1 3826
1 4112
1 6184
1 9228
1 2520
1 3786
1 2269
1 1850
1 8468
1 9715
1 3164
1 7585
1 4888
1 3936
1 7141
1 1882
1 1353
1 4723
1 4978
1 7005
1 9738
1 1323
1 1920
1 5316
1 3761
1 7281
1 5958
1 8732
1 2726
1 7899
1 2971
1 7703
1 2285
1 7754
1 9498
1 4597
1 3889
1 7531
1 6411
1 6323
1 8262
1 4468
1 2265
1 9030
1 7603
1 8415
1 8860
1 2103
1 3816
1 5140
1 4947
1 2801
1 3758
1 6973
1 6220
1 4746
1 2727
1 1726
1 2092
1 2345
1 5279
1 4702
1 6320
1 5205
1 8877
1 5758
1 1707
1 4843
1 2265
1 1336
1 9281
1 2907
1 8689
1 8929
1 6579
1 9968
1 5148
1 9248
1 1324
1 1316
1 3253
1 9966
1 2029
1 3149
1 7030
1 6418
1 2754
1 5629
1 6450
1 8561
1 3435
1 6696
1 3168
1 1760
1 5826
1 1881
1 8504
1 8888
1 5536
1 4578
1 6219
1 9867
1 8760
1 3436
1 7535
1 9505
1 1274
1 7829
1 3554
1 8650
1 2402
1 4968
1 8929
1 7052
1 5450
1 8972
1 9893
1 4615
1 7024
1 10000
1 6560
1 1944
1 8905
1 6853
1 6205
1 9942
1 6524
1 1136
1 6726
1 6298
1 8215
1 3320
1 6924
1 5807
1 9590
1 4632
1 9930
1 2875
1 6475
1 4190
1 4985
1 4462
1 3639
1 7926
1 7727
1 7789
1 8806
1 9489
1 5118
1 2178
1 5850
1 5082
1 3585
1 9580
1 4108
1 1545
1 2930
1 3344
1 4735
1 1211
1 6421
1 5286
1 1276
1 4753
1 8653
1 4635
1 8280
1 6865
1 9477
1 4113
1 5498
1 2840
1 3150
1 8502
1 8475
1 9696
1 9192
1 5969
1 8934
1 5134
1 2302
1 8267
1 7655
1 9849
1 2896
1 8960
1 2390
1 6618
1 5383
1 4689
1 5234
1 5609
1 7836
1 8128
1 4870
1 7815
1 6749
1 6776
1 2617
1 9486
1 5326
1 6953
1 6111
1 3059
1 8197
1 1461
1 2872
1 1510
1 7803
1 8890
1 4393
1 4978
1 2789
1 7516
1 4250
1 6821
1 9813
1 6099
1 2663
1 9409
1 1009
1 2497
1 9532
1 1980
1 1228
1 1691
1 2276
1 2203
1 8091
1 5656
1 8159
1 1029
1 4908
1 6269
1 8931
1 6002
1 2780
1 9402
1 4001
1 2980
1 4774
1 2839
1 2770
1 8099
1 8708
1 3979
1 7838
1 6444
1 7069
1 7864
1 5123
1 9319
1 7080
1 8783
1 8668
1 6218
1 9426
1 1384
1 9310
1 2174
1 9589
1 7759
1 7426
1 9402
1 8558
1 6112
1 7735
1 5821
1 8213
1 7963
1 2016
1 5266
1 7591
1 5927
1 3346
1 9563
1 3251
1 5613
1 9017
1 8796
1 1972
1 3993
1 1974
1 6700
1 5587
1 2401
1 4017
1 1674
1 9873
1 5204
1 5641
1 5701
1 5406
1 3619
1 5006
1 1729
1 4711
1 4477
1 6120
1 9467
1 3846
1 7934
1 2579
1 5700
1 7301
1 5332
1 8175
1 2530
1 6857
1 7123
1 4607
1 2235
1 6675
1 1008
1 5696
1 2786
1 5204
1 8766
1 9662
1 3653
1 3246
1 8484
1 2939
1 3526
1 2653
1 7136
1 2820
1 4082
1 7003
1 9351
1 4175
1 4329
1 2700
1 7292
1 9811
1 2531
1 2912
1 1253
1 7883
1 6686
1 5365
1 8309
1 2093
1 9919
1 9576
1 8878
1 3318
1 3093
1 4033
1 1889
1 9344
1 3003
1 3825
1 9221
1 9788
1 4429
1 2810
1 1885
1 2914
1 7748
1 1421
1 1516
1 4230
1 5071
1 7251
1 3007
1 4573
1 1874
1 3844
1 5669
1 1610
1 5678
1 8659
1 1310
1 6319
1 7625
1 9277
1 3186
1 1727
1 4221
1 5532
1 1244
1 8630
1 7212
1 8062
1 7454
1 2733
1 8544
1 4494
1 8989
1 7505
1 3109
1 4332
1 4805
1 5337
1 8602
1 1709
1 6287
1 1970
1 9078
1 7796
1 3282
1 9545
1 5006
1 8636
1 4201
1 3729
1 2375
1 1197
1 4057
1 4839
1 3407
1 6036
1 3862
1 2165
1 2524
1 4835
1 4095
1 4948
1 7001
1 2003
1 1294
1 5759
1 9379
1 8400
1 8719
1 8753
1 4473
1 7882
1 9674
1 1051
1 3808
1 2695
1 5901
1 6433
1 1945
1 8680
1 1318
1 9049
1 5550
1 4173
1 8805
1 6485
1 9131
1 8228
1 6227
1 4245
1 2518
1 5031
1 2323
1 8495
1 8456
1 5875
1 2204
1 1074
1 3311
1 3005
1 8325
1 6871
1 9650
1 9444
1 4898
1 7952
1 5183
1 5348
1 9629
1 5152
1 8317
1 4998
1 5299
1 2471
1 8340
1 8547
1 7729
1 1736
1 9599
1 5604
1 4033
1 8209
1 5120
1 1664
1 2862
1 9018
1 7188
1 6900
1 1521
1 6400
1 9801
1 6530
1 9209
1 8385
1 1570
1 1772
1 8728
1 2452
1 4954
1 6476
1 6764
1 3473
1 6681
1 2520
1 7200
1 9172
1 7805
1 8280
1 6512
1 9783
1 9119
1 6561
1 1159
1 6014
1 1543
1 7958
1 1781
1 6048
1 5670
1 8671
1 4797
1 8621
1 2512
1 3162
1 4366
1 5730
1 5157
1 2822
1 7060
1 3014
1 1921
1 6762
1 5468
1 4248
1 5106
1 8544
1 1746
1 4363
1 5616
1 6446
1 2410
1 2614
1 5138
1 9683
1 7898
1 4716
1 7180
1 8960
1 2531
1 1600
1 8698
1 8623
1 6199
1 5364
1 8922
1 2269
1 4632
1 6312
1 5157
1 5446
1 6805
1 7308
1 5062
1 1377
1 3696
1 8933
1 7718
1 1560
1 7016
1 8289
1 3849
1 8640
1 5409
1 4182
1 7569
1 9357
1 2548
1 3055
1 7743
1 4648
1 2876
1 9926
1 8877
1 7958
1 6602
1 5891
1 1640
1 5872
1 6453
1 5604
1 4264
1 6538
1 1582
1 8487
1 7000
1 4298
1 1562
1 7639
1 4622
1 2756
1 1088
1 7344
1 8972
1 8193
1 3867
1 8204
1 2386
1 4022
1 7401
1 7362
1 2891
1 5394
1 8393
1 2718
1 7283
1 7280
1 4925
1 8293
1 5786
1 6860
1 9064
1 1409
1 9170
1 6578
1 4812
1 2652
1 2263
1 9439
1 7205
1 1913
1 4664
1 9984
1 6617
1 8792
1 4167
1 4024
1 5081
1 3793
1 2119
1 9750
1 5826
1 5465
1 8146
1 8960
1 9546
1 9837
1 5048
1 2186
1 2009
1 3373
1 6289
1 9120
1 1144
1 6269
1 1585
1 4045
1 2251
1 1962
1 2198
1 2065
1 1361
1 8626
1 9605
1 1689
1 9031
1 4213
1 5140
1 2213
1 1569
1 3032
1 3715
1 7337
1 2893
1 3856
1 2423
1 2177
1 8831
1 6324
1 9596
1 6723
1 3361
1 3715
1 7804
1 2619
1 8367
1 4902
1 4822
1 3952
1 8888
1 5327
1 2750
1 3754
1 3240
1 9960
1 4557
1 3218
1 2470
1 8422
1 5124
1 6423
1 6101
1 2370
1 7704
1 4059
1 4469
1 3332
1 3749
1 3240
1 2857
1 9190
1 8226
1 5377
1 5430
1 5954
1 2141
1 8217
1 2537
1 7460
1 1284
1 8776
1 1746
1 5956
1 3776
1 7371
1 4496
1 4730
1 3124
1 9510
1 7664
1 1336
1 6996
1 6412
1 4985
1 6409
1 9138
1 6505
1 3427
1 5717
1 2702
1 6501
1 3798
1 9322
1 2612
1 9350
1 8411
1 7940
1 8155
1 5112
1 1797
1 3974
1 8165
1 9106
1 2904
1 6723
1 4586
1 7778
1 5196
1 9768
1 3077
1 4286
1 6606
1 2225
1 9212
1 5960
1 1257
1 1936
1 5740
1 6188
1 2399
1 8338
1 4160
1 3360
1 2133
1 6909
1 8128
1 2676
1 1177
1 2272
1 1413
1 2480
1 6766
1 8874
1 7105
1 4065
1 1070
1 1656
1 8071
1 2609
1 4051
1 8249
1 7888
1 9453
1 6848
1 6154
1 1603
1 8422
1 7546
1 8014
1 5193
1 8496
1 7228
1 9099
1 5427
1 5352
1 4807
1 1514
1 3087
1 9695
1 3667
1 7001
1 5864
1 3885
1 4055
1 1532
1 7724
1 7830
1 7600
1 8895
1 9263
1 1535
1 3283
1 1795
1 7002
1 9687
1 8419
1 7712
1 5274
1 7124
1 4671
1 8054
1 2301
1 1475
1 3837
1 8638
1 8186
1 5358
1 8844
1 8645
1 7612
1 4295
1 8682
1 5742
1 8403
1 6442
1 9243
1 2805
1 6889
1 6596
1 4397
1 9545
1 5156
1 4358
1 5446
1 8965
1 5558
1 6908
1 3471
1 2786
1 4872
1 9644
1 5644
1 8208
1 6926
1 8087
1 7941
1 5116
1 1079
1 1724
1 7057
1 2277
1 2586
1 7992
1 6566
1 2982
1 4984
1 5755
1 1606
1 9071
1 9825
1 3304
1 5471
1 3923
1 8681
1 8251
1 5542
1 5335
1 1107
1 6987
1 2223
1 3578
1 1066
1 4758
1 4092
1 1571
1 7974
1 7675
1 5916
1 2756
1 4857
1 5627
1 7071
1 7711
1 6116
1 8813
1 5083
1 2889
1 8557
1 5922
1 7059
1 8513
1 9933
1 3338
1 7599
1 7633
1 9799
1 5810
1 5145
1 3020
1 2809
1 8785
1 5337
1 8066
1 9130
1 7065
1 5179
1 6252
1 8374
1 2349
1 8528
1 1244
1 4940
1 3765
1 9363
1 3452
1 8322
1 8600
1 7363
1 9325
1 9903
1 5354
1 7204
1 3292
1 5644
1 5947
1 1482
1 9948
1 8629
1 5115
1 6826
1 1697
1 6743
1 7158
1 5846
1 4735
1 3296
1 6313
1 1625
1 9942
1 6219
1 4274
1 5487
1 6555
1 1928
1 3366
1 3791
1 8713
1 3232
1 5779
1 2840
1 1521
1 7082
1 3531
1 1215
1 9591
1 8571
1 4755
1 9806
1 2493
1 8518
1 7722
1 6819
1 3063
1 7281
1 9413
1 4106
1 9030
1 4878
1 4284
1 6505
1 5048
1 6137
1 2079
1 2238
1 9328
1 8783
1 9391
1 9910
1 2646
1 7833
1 3697
1 2686
1 4128
1 4297
1 6084
1 6042
1 4495
1 9665
1 2076
1 6861
1 5025
1 1440
1 7386
1 9177
1 7185
1 1651
1 2185
1 6147
1 7893
1 9971
1 1472
1 6191
1 5209
1 9407
1 2413
1 3157
1 2406
1 5118
1 8275
1 3605
1 1109
1 1347
1 8346
1 2495
1 7335
1 2909
1 8179
1 7379
1 7215
1 6625
1 7547
1 6393
1 6601
1 3641
1 7807
1 6828
1 5734
1 8850
1 2029
1 4379
1 7039
1 1697
1 7642
1 9220
1 9771
1 1050
1 2483
1 5270
1 4156
1 1219
1 2528
1 5780
1 9155
1 9434
1 5445
1 3585
1 3351
1 1966
1 2065
1 1187
1 4307
1 3338
1 4598
1 7195
1 9627
1 5706
1 6043
1 6844
1 6217
1 8181
1 3881
1 7489
1 7360
1 8285
1 9064
1 5093
1 2273
1 3545
1 5457
1 7868
1 9372
1 4975
1 8314
1 5628
1 5000
1 6286
1 9235
1 5081
1 4650
1 3618
1 7718
1 8745
1 3777
1 2366
1 8309
1 6839
1 5235
1 4367
1 7477
1 3109
1 5299
1 9764
1 4905
1 3995
1 6377
1 4848
1 8602
1 4856
1 8626
1 6215
1 1736
1 3235
1 7546
1 6686
1 5739
1 5682
1 2102
1 7860
1 2594
1 6577
1 3995
1 3674
1 8561
1 8900
1 1077
1 3798
1 3847
1 1425
1 3380
1 4223
1 6151
1 5634
1 5829
1 3635
1 7296
1 1650
1 2378
1 2768
1 4613
1 7726
1 3570
1 6274
1 2921
1 9865
1 1030
1 3298
1 3739
1 7098
1 1060
1 5761
1 3660
1 4553
1 5169
1 1012
1 6294
1 2675
1 3657
1 1879
1 9514
1 8631
1 4700
1 3577
1 6622
1 2176
1 6636
1 6235
1 6609
1 8225
1 1938
1 9911
1 9109
1 6358
1 8248
1 6245
1 6431
1 6308
1 7363
1 4623
1 7754
1 8334
1 2408
1 3910
1 9894
1 2285
1 3927
1 2345
1 6396
1 6966
1 5497
1 6166
1 1761
1 8123
1 4341
1 5752
1 2828
1 3940
1 8060
1 8460
1 9781
1 8671
1 5270
1 6487
1 2170
1 6701
1 1946
1 2865
1 4427
1 1422
1 6533
1 3452
1 8038
1 9152
1 2516
1 6318
1 4811
1 5116
1 6486
1 2406
1 5466
1 4955
1 4416
1 1831
1 1626
1 6237
1 5978
1 6064
1 2558
1 8836
1 8876
1 5584
1 1096
1 6571
1 5172
1 6503
1 9216
1 5350
1 5862
1 7406
1 6487
1 9087
1 2501
1 4025
1 7675
1 5699
1 7415
1 5146
1 1147
1 4151
1 1026
1 6131
1 9061
1 3599
1 3460
1 4102
1 6260
1 7349
1 5995
1 2020
1 2061
1 6317
1 2442
1 4065
1 8488
1 3377
1 4172
1 8826
1 7222
1 9365
1 8770
1 5763
1 2260
1 5401
1 7024
1 7652
1 7010
1 9787
1 6034
1 4893
1 9229
1 4398
1 3472
1 8751
1 6346
1 2878
1 1351
1 8731
1 4121
1 1980
1 5983
1 6484
1 1722
1 1617
1 7515
1 1152
1 8732
1 1981
1 5468
1 1477
1 6472
1 5571
1 7538
1 3837
1 1384
1 8098
1 6687
1 4506
1 6775
1 3151
1 8916
1 4850
1 4034
1 3451
1 2181
1 3555
1 1120
1 1643
1 7219
1 8361
1 7438
1 9143
1 4836
1 7734
1 5130
1 6687
1 4001
1 6969
1 2954
1 6858
1 7050
1 4597
1 4562
1 7544
1 1694
1 1640
1 6784
1 5825
1 3778
1 8949
1 4811
1 7524
1 1341
1 7491
1 6270
1 2623
1 9610
1 6982
1 5614
1 1197
1 2204
1 9020
1 2094
1 2702
1 7265
1 1826
1 6716
1 4483
1 9540
1 4073
1 1947
1 2129
1 7425
1 1702
1 3892
1 5980
1 1700
1 3966
1 6179
1 3056
1 7502
1 5892
1 6552
1 7162
1 3886
1 5676
1 9459
1 4925
1 6059
1 2797
1 2413
1 7660
1 2088
1 4786
1 8726
1 2069
1 6064
1 1798
1 9674
1 4750
1 1506
1 2190
1 1906
1 7974
1 4574
1 1317
1 5161
1 2782
1 7384
1 2205
1 3670
1 5515
1 3507
1 5250
1 2508
1 2380
1 2328
1 3148
1 5788
1 4377
1 9148
1 6786
1 6479
1 1797
1 2569
1 2472
1 6663
1 8968
1 8309
1 6820
1 6627
1 5821
1 2326
1 6664
1 8045
1 5499
1 6837
1 6242
1 1900
1 5279
1 8948
1 4097
1 8227
1 8093
1 6774
1 9972
1 2819
1 5976
1 9580
1 4731
1 8398
1 8652
1 8817
1 2874
1 3089
1 1934
1 1117
1 1652
1 2209
1 7013
1 4638
1 4362
1 1533
1 9915
1 1862
1 3964
1 7949
1 5349
1 2608
1 8445
1 8384
1 1977
1 6033
1 1423
1 3149
1 8240
1 6547
1 1433
1 8563
1 6508
1 6592
1 2461
1 9492
1 8043
1 7241
1 5592
1 7718
1 3230
1 9525
1 7322
1 7935
1 1965
1 2273
1 8623
1 6236
1 8381
1 1099
1 5667
1 9880
1 4570
1 1334
1 9610
1 2220
1 1258
1 7761
1 7288
1 1341
1 8778
1 9146
1 6254
1 1880
1 1109
1 4986
1 2667
1 9702
1 2787
1 2369
1 7069
1 7847
1 3212
1 5313
1 2076
1 6591
1 4771
1 3457
1 8016
1 6001
1 4538
1 5564
1 4522
1 3350
1 7658
1 9335
1 2957
1 9196
1 9377
1 2749
1 7655
1 9053
1 2178
1 2964
1 6198
1 9698
1 1334
1 7897
1 8439
1 5427
1 9477
1 3644
1 8101
1 4757
1 3589
1 8818
1 8751
1 5268
1 5478
1 7216
1 9028
1 3407
1 5195
1 5837
1 6709
1 4609
1 6233
1 5219
1 6748
1 8240
1 2676
1 5302
1 7256
1 5754
1 2106
1 8418
1 8087
1 1444
1 6926
1 4470
1 3026
1 5674
1 4831
1 7557
1 9297
1 5063
1 4145
1 1024
1 9241
1 3075
1 5088
1 9199
1 7979
1 3560
1 6925
1 6762
1 2063
1 9942
1 7331
1 1017
1 4323
1 2681
1 7578
1 2787
1 5511
1 5737
1 9201
1 7816
1 5104
1 7655
1 4517
1 4821
1 4133
1 1841
1 3758
1 8664
1 4120
1 3600
1 7134
1 6948
1 1519
1 6153
1 1076
1 1889
1 2393
1 5213
1 1516
1 2155
1 7532
1 2255
1 5277
1 8013
1 6050
1 1311
1 5657
1 8600
1 4094
1 9048
1 3741
1 5570
1 8298
1 7106
1 8578
1 2133
1 2811
1 9977
1 8254
1 9433
1 4569
1 6281
1 2767
1 8435
1 2294
1 8868
1 7728
1 8713
1 4629
1 4942
1 7448
1 5188
1 3657
1 7929
1 2684
1 2122
1 9677
1 6411
1 4788
1 7405
1 6393
1 5897
1 3341
1 1610
1 1173
1 8090
1 1348
1 2868
1 1395
1 6108
1 8416
1 7833
1 4208
1 7285
1 9045
1 5354
1 4825
1 2967
1 9907
1 6301
1 9328
1 6186
1 3139
1 1377
1 8958
1 1782
1 9642
1 8431
1 9068
1 7159
1 4922
1 4608
1 1539
1 1707
1 2427
1 7865
1 1302
1 6482
1 5710
1 5200
1 1536
1 7616
1 7313
1 4084
1 3189
1 5349
1 2946
1 5196
1 2074
1 2827
1 9832
1 2390
1 3381
1 8904
1 9409
1 8743
1 2609
1 2067
1 5580
1 6539
1 7567
1 5943
1 6915
1 1061
1 2208
1 5276
1 1325
1 7735
1 1782
1 1776
1 2889
1 8256
1 6250
1 2058
1 6809
1 4213
1 4299
1 2423
1 3014
1 1950
1 4351
1 4311
1 9375
1 5026
1 9227
1 3789
1 9698
1 2104
1 6941
1 5814
1 1149
1 6763
1 5943
1 7107
1 7036
1 1930
1 6100
1 8061
1 4813
1 7108
1 4852
1 9473
1 6981
1 9517
1 2055
1 2058
1 9412
1 4353
1 9783
1 3801
1 4437
1 4051
1 4508
1 8898
1 1868
1 3426
1 7447
1 5222
1 3074
1 3525
1 7192
1 4659
1 7262
1 8255
1 8511
1 4306
1 7632
1 5444
1 6725
1 9576
1 7575
1 8166
1 2247
1 1014
1 3225
1 3955
1 9398
1 5247
1 7268
1 3005
1 7828
1 5757
1 2798
1 3109
1 1833
1 3587
1 9487
1 9942
1 5510
1 4614
1 4897
1 2790
1 2805
1 9612
1 1658
1 6485
1 7857
1 2725
1 5931
1 7068
1 5298
1 2102
1 7102
1 5255
1 2548
1 1342
1 4558
1 4704
1 7593
1 1007
1 5504
1 1107
1 4893
1 6696
1 9660
1 9571
1 2213
1 4939
1 8946
1 6041
1 2648
1 2689
1 3633
1 9658
1 6198
1 4266
1 7771
1 4955
1 6817
1 6673
1 3556
1 6291
1 5396
1 8307
1 8400
1 3369
1 4762
1 5251
1 4028
1 6662
1 2190
1 4702
1 5327
1 5917
1 8351
1 9484
1 6918
1 9567
1 1575
1 4146
1 3509
1 1300
1 7030
1 7158
1 1631
1 2534
1 2327
1 1630
1 3422
1 2182
1 8950
1 3953
1 1108
1 3667
1 1030
1 6294
1 4319
1 2240
1 2213
1 3386
1 7212
1 5410
1 2078
1 6642
1 6752
1 5952
1 1795
1 4680
1 5195
1 3545
1 7893
1 6918
1 4181
1 9495
1 2390
1 4986
1 1628
1 9371
1 3974
1 7255
1 6375
1 4383
1 8001
1 6927
1 2669
1 7985
1 9409
1 2669
1 8323
1 4173
1 8342
1 8840
1 2751
1 3996
1 7685
1 7423
1 6979
1 6651
1 7690
1 4475
1 4346
1 5744
1 9489
1 6511
1 9952
1 2695
1 3502
1 9548
1 8477
1 7646
1 7652
1 6700
1 2080
1 5957
1 1272
1 7698
1 7968
1 3293
1 4854
1 1650
1 1157
1 2950
1 3753
1 2568
1 4763
1 7166
1 3474
1 7967
1 9806
1 8898
1 7767
1 8779
1 2921
1 7116
1 6083
1 3303
1 8518
1 3863
1 2307
1 9833
1 7889
1 4023
1 3768
1 9892
1 3400
1 6259
1 5241
1 1213
1 4671
1 2941
1 9981
1 6547
1 7771
1 6119
1 7975
1 9372
1 7253
1 3374
1 7692
1 4140
1 7560
1 6445
1 7870
1 2911
1 7428
1 4398
1 4676
1 3066
1 4167
1 2223
1 4594
1 2317
1 2103
1 1566
1 1546
1 1451
1 9318
1 3022
1 6596
1 1502
1 9832
1 4885
1 2833
1 1499
1 5613
1 2780
1 3412
1 9592
1 1024
1 5371
1 9300
1 6727
1 3377
1 7328
1 7202
1 6223
1 9256
1 1494
1 1873
1 2967
1 1169
1 8739
1 7617
1 7431
1 1826
1 3344
1 7056
1 5722
1 5937
1 5087
1 6910
1 6021
1 1863
1 7466
1 9324
1 5906
1 6504
1 6113
1 6492
1 3481
1 5599
1 4917
1 2855
1 2416
1 7734
1 4535
1 4351
1 4736
1 3574
1 1278
1 2669
1 8815
1 2143
1 8309
1 9833
1 7756
1 9364
1 2128
1 3131
1 1294
1 4701
1 7431
1 2588
1 9131
1 9904
1 9567
1 2410
1 2607
1 8234
1 6825
1 4801
1 8305
1 2666
1 3895
1 6983
1 6500
1 6258
1 8402
1 8376
1 8672
1 4140
1 8122
1 9830
1 2760
1 8477
1 7150
1 6526
1 1167
1 3051
1 3297
1 8028
1 9966
1 5978
1 6604
1 8341
1 7700
1 2541
1 5288
1 5572
1 2389
1 1180
1 5034
1 9941
1 1682
1 7169
1 7640
1 3471
1 5418
1 4369
1 4792
1 3555
1 2738
1 1835
1 9441
1 7853
1 6521
1 9607
1 7130
1 3078
1 4065
1 5678
1 1010
1 4118
1 4192
1 9201
1 7509
1 5142
1 3584
1 2623
1 2459
1 8554
1 6940
1 2871
1 6816
1 8859
1 9465
1 1774
1 4251
1 1624
1 6106
1 3474
1 8645
1 3069
1 4689
1 7819
1 5137
1 9841
1 8912
1 4228
1 4282
1 7409
1 5794
1 3739
1 8977
1 7136
1 4229
1 2280
1 2715
1 7891
1 5856
1 5193
1 9130
1 8230
1 6719
1 7407
1 8999
1 2220
1 5033
1 1666
1 1801
1 8879
1 2767
1 7696
1 4606
1 4663
1 8723
1 3447
1 8692
1 7070
1 5352
1 7013
1 8950
1 6541
1 9438
1 2401
1 1648
1 5864
1 8982
1 6423
1 4831
1 1553
1 1622
1 9758
1 6374
1 9768
1 8025
1 5330
1 3690
1 2490
1 5592
1 3169
1 4810
1 3624
1 5698
1 8489
1 1109
1 1929
1 6655
1 9692
1 5281
1 9620
1 1297
1 7494
1 6988
1 2188
1 3858
1 4628
1 7347
1 5286
1 1936
1 1634
1 9431
1 1990
1 4314
1 7066
1 5644
1 4813
1 7532
1 5967
1 1093
1 1810
1 4952
1 3216
1 1527
1 8109
1 9601
1 8872
1 8748
1 7351
1 8690
1 1677
1 8900
1 6089
1 2553
1 4340
1 7029
1 7996
1 8621
1 2610
1 4722
1 1663
1 3824
1 6396
1 3128
1 3212
1 2339
1 4552
1 2963
1 6524
1 5580
1 6926
1 7884
1 2825
1 4709
1 5206
1 9709
1 1566
1 7147
1 3990
1 8355
1 9839
1 2239
1 8708
1 7898
1 5452
1 3527
1 9566
1 9535
1 2541
1 5137
1 7170
1 7490
1 3253
1 3150
1 7334
1 3569
1 6162
1 6139
1 9733
1 4758
1 7109
1 8440
1 6559
1 9511
1 4169
1 4397
1 9818
1 1545
1 8960
1 2733
1 5146
1 8622
1 8423
1 7808
1 6078
1 2277
1 3402
1 1160
1 2653
1 9329
1 6371
1 6713
1 8554
1 4019
1 2198
1 8507
1 6760
1 9992
1 6049
1 4465
1 4114
1 8961
1 4971
1 8391
1 6328
1 6413
1 8819
1 8390
1 8831
1 8420
1 1057
1 6802
1 7113
1 8445
1 4961
1 5537
1 3844
1 6879
1 5590
1 8226
1 3861
1 9001
1 9060
1 6464
1 1737
1 5485
1 7695
1 3079
1 4584
1 8888
1 7585
1 3402
1 4256
1 7278
1 4795
1 1346
1 3586
1 6701
1 2834
1 8972
1 5103
1 2247
1 9800
1 4719
1 7504
1 2900
1 3919
1 1531
1 9116
1 4505
1 9948
1 9706
1 6008
1 4087
1 5732
1 7875
1 7431
1 1481
1 1382
1 3618
1 4843
1 3422
1 1178
1 2697
1 3157
1 2730
1 9389
1 7802
1 6944
1 4294
1 1052
1 1200
1 4656
1 3834
1 8525
1 3606
1 9232
1 1710
1 3436
1 7843
1 1485
1 9611
1 3336
1 6256
1 6533
1 6737
1 4622
1 7041
1 7295
1 9270
1 2588
1 2130
1 8371
1 5234
1 8367
1 3506
1 9306
1 7555
1 9303
1 7727
1 2481
1 5290
1 1826
1 4768
1 5944
1 7960
1 1033
1 7716
1 7369
1 1891
1 3543
1 3516
1 3412
1 9854
1 8864
1 5831
1 2102
1 5468
1 7077
1 1003
1 2645
1 6873
1 2864
1 9405
1 5344
1 6797
1 3921
1 8609
1 6595
1 6537
1 3315
1 1733
1 7429
1 1150
1 3288
1 5490
1 9282
1 4903
1 2033
1 8864
1 6382
1 6379
1 2540
1 6583
1 2441
1 9700
1 1851
1 3754
1 3728
1 5260
1 8136
1 9369
1 8480
1 1290
1 4792
1 3210
1 8435
1 9021
1 5695
1 2248
1 2871
1 2724
1 3474
1 7741
1 9358
1 1069
1 7006
1 2574
1 7375
1 4959
1 7489
1 7837
1 7112
1 6019
1 9577
1 8592
1 5522
1 6042
1 5236
1 8591
1 6601
1 8794
1 1537
1 8033
1 7028
1 3869
1 7769
1 6883
1 9746
1 3257
1 5141
1 4380
1 7091
1 6799
1 4922
1 1537
1 5080
1 8686
1 3412
1 4734
1 7217
1 7759
1 1980
1 2322
1 3486
1 6535
1 1903
1 6760
1 3795
1 8938
1 5620
1 1226
1 9460
1 4769
1 2528
1 3039
1 1019
1 3616
1 7407
1 1762
1 7180
1 9485
1 8200
1 3017
1 3334
1 7297
1 1401
1 8513
1 5537
1 3003
1 2199
1 6154
1 4279
1 6674
1 7419
1 6682
1 5114
1 2369
1 4075
1 3103
1 8529
1 7666
1 9622
1 8263
1 7671
1 3561
1 7280
1 2154
1 8867
1 3496
1 2949
1 8525
1 9665
1 3433
1 5779
1 6187
1 3641
1 7213
1 1552
1 6641
1 8123
1 9494
1 6637
1 2074
1 1307
1 8967
1 9404
1 5610
1 9138
1 6679
1 5807
1 6434
1 8078
1 2110
1 8162
1 2549
1 7353
1 2375
1 3646
1 2615
1 9815
1 8192
1 9233
1 6283
1 4393
1 2936
1 2940
1 5566
1 5019
1 2833
1 8704
1 8831
1 3597
1 5828
1 9190
1 9433
1 2826
1 5989
1 1980
1 1194
1 4896
1 2036
1 1456
1 1478
1 1300
1 3739
1 7005
1 7127
1 5967
1 5425
1 9006
1 6718
1 7637
1 1651
1 5513
1 1138
1 8512
1 7396
1 8438
1 8173
1 1491
1 9496
1 3663
1 6773
1 2231
1 6985
1 1758
1 3407
1 4703
1 8544
1 9038
1 9178
1 7539
1 5814
1 6261
1 4963
1 8694
1 6701
1 1016
1 7991
1 9663
1 3715
1 8866
1 1710
1 7737
1 7795
1 6713
1 7427
1 3146
1 2138
1 9904
1 5400
1 5875
1 7913
1 4373
1 2930
1 8474
1 2359
1 7385
1 2591
1 4169
1 5590
1 5268
1 6404
1 6371
1 7109
1 8400
1 7934
1 4112
1 4406
1 2472
1 2877
1 5517
1 6714
1 7579
1 7939
1 4008
1 9362
1 1402
1 2754
1 7953
1 7024
1 5686
1 6257
1 1459
1 2647
1 5716
1 3366
1 9366
1 1961
1 8452
1 9904
1 4269
1 3654
1 2907
1 6458
1 7467
1 4303
1 4787
1 8220
1 7106
1 7534
1 5622
1 4567
1 5614
1 5129
1 7080
1 7801
1 5451
1 3371
1 6126
1 4357
1 9024
1 8539
1 2264
1 1364
1 8058
1 2767
1 7918
1 1748
1 9982
1 5159
1 6990
1 5350
1 1984
1 5352
1 7053
1 6826
1 1634
1 9826
1 1328
1 4254
1 5910
1 7984
1 9306
1 9665
1 4454
1 4309
1 8737
1 5228
1 2363
1 7632
1 8432
1 2667
1 3065
1 4535
1 1518
1 3554
1 6741
1 3593
1 7842
1 3047
1 8795
1 6925
1 8572
1 3618
1 1042
1 5557
1 1060
1 2095
1 9666
1 1437
1 5149
1 9041
1 1432
1 1019
1 5140
1 8288
1 1070
1 4822
1 4216
1 2167
1 1460
1 6579
1 7145
1 5426
1 9025
1 6562
1 1783
1 6935
1 6707
1 8020
1 1261
1 9647
1 1635
1 6756
1 7590
1 7562
1 9326
1 9821
1 2123
1 5068
1 7141
1 3302
1 2925
1 7101
1 7319
1 2663
1 1083
1 6181
1 3787
1 1111
1 3428
1 3450
1 6754
1 9743
1 8032
1 8811
1 5679
1 7974
1 4113
1 2815
1 9246
1 5222
1 6667
1 1601
1 1473
1 7610
1 5582
1 7267
1 8300
1 4658
1 6623
1 8844
1 7705
1 3498
1 5995
1 4932
1 7842
1 8666
1 7684
1 1183
1 2760
1 2731
1 5754
1 6954
1 2836
1 7837
1 8251
1 8001
1 8522
1 2798
1 1993
1 3693
1 3191
1 7971
1 4049
1 3950
1 4783
1 6668
1 1602
1 9091
1 2131
1 9476
1 2345
1 7579
1 7518
1 5805
1 7349
1 1119
1 2111
1 3714
1 4763
1 6723
1 8510
1 9206
1 1192
1 6042
1 6564
1 7927
1 5968
1 6187
1 6790
1 2449
1 3083
1 2759
1 2968
1 8121
1 6335
1 8426
1 1893
1 2889
1 8670
1 7322
1 6553
1 8831
1 3631
1 4795
1 1251
1 5639
1 7451
1 3697
1 8286
1 5310
1 5948
1 7762
1 2503
1 8396
1 9430
1 9224
1 1204
1 6813
1 1317
1 1628
1 8548
1 9180
1 1655
1 5468
1 3851
1 3533
1 4736
1 3015
1 4509
1 9534
1 8405
1 7965
1 8458
1 4244
1 5252
1 4539
1 9143
1 5343
1 2012
1 7208
1 6964
1 3115
1 3838
1 9709
1 8987
1 8467
1 6278
1 2544
1 9991
1 5704
1 2759
1 6564
1 3301
1 9762
1 8115
1 8630
1 1780
1 9924
1 5634
1 4952
1 6247
1 3950
1 1486
1 2277
1 3358
1 2983
1 2142
1 8279
1 5165
1 1177
1 5788
1 2914
1 4116
1 9391
1 5066
1 5067
1 4506
1 9572
1 5764
1 8641
1 7400
1 5651
1 7316
1 4747
1 8167
1 8590
1 3931
1 5801
1 8508
1 8813
1 3150
1 3293
1 5026
1 1915
1 6232
1 7207
1 6263
1 8718
1 7654
1 3339
1 5445
1 8687
1 3470
1 3490
1 2093
1 7436
1 8654
1 5101
1 7959
1 7038
1 9192
1 2558
1 5431
1 2195
1 9538
1 8360
1 7600
1 7291
1 7689
1 9238
1 3521
1 1357
1 1491
1 9443
1 7142
