4922
4393516525 47471667
1859809272 11282401
4041342653 32905575
1705804632 19343069
4024957064 13992159
1952229457 37691222
2840016092 6966343
1972225049 16435073
1509147453 10738973
2675957584 37055099
2207991462 9097317
1803136558 12491786
2008587595 33738596
2586646580 40578612
1094308597 21735182
4628841361 20153077
1547829511 26398491
2845922244 39423042
1509147453 28033505
2829580162 16418862
4521059198 10731670
2708644308 5896044
1883941688 30990111
2748032126 22598513
1859809272 14165504
1522197922 52188422
1480547386 37206501
2048600982 29580817
2141244011 64861
1734967140 28300325
2627677713 38790419
988370965 27249820
1190101853 20962812
2047626160 37114147
1297078966 21225776
1057912575 11779898
1102055578 16379394
2584819746 11044074
4440976280 51049310
4386702946 55011858
1469426869 15159352
1691188432 30663742
3906710546 75756946
1801050337 17913827
1260052577 35874863
2772852013 5503746
1948806240 33510530
1184682637 26384974
2218647696 19607175
1538028927 25965835
1465885522 448328
2751515251 33510048
4241578632 64615244
2772701263 36112631
2711296687 15703598
2047626160 32544987
1803136558 25681469
1308041824 16866388
2674920140 4370404
2883915901 38000067
1979464248 6250103
1516815978 33082032
1478711762 18330767
3996886856 54742228
949704426 28629971
1734967140 27160997
1996419604 10601553
4155848810 49444724
1164286759 26178143
1801778744 28909397
1516017013 4439705
1491871924 162762
3013800211 41063309
3013280674 25769585
4205050503 45117583
4463735079 52920598
1859809272 2713924
1127093633 15645434
2008587595 5409468
3906710546 14962394
1595216001 33537208
4149614670 81299735
2598295052 8258540
1716224204 35789667
2638680265 39957987
1631146624 18381236
2047626160 3921396
2164383857 8093841
1437459066 965944
2732599963 6417877
1754088812 597126
2700408388 22082512
1765715876 31376316
1472081091 34535227
1102055578 59388414
4088583432 34461093
3855800720 31894414
2044132850 24096875
4423112124 61432376
1260052577 39819843
2581218486 16547714
2666159091 6211309
2007105712 28907479
2918078522 33524743
1765715876 32885487
1184682637 28501949
1336689730 63619871
2952447061 21356101
3996886856 12663338
4435407235 88323696
4157491481 66523816
4576100277 22498432
1516850063 44188246
2903919428 4008745
952229186 32582978
1972225049 18149481
2095809627 36448611
2631500951 13150103
1032834396 39974033
1285375231 51886612
2772852013 34981387
4435407235 4733608
1427304410 19479837
1912458937 23154267
4628841361 32501446
1575651155 6310500
1859809272 28059921
1589657789 30395211
2009433492 1844849
1081191052 35910142
4555918262 66035226
2002838357 13054447
1722078356 10373454
1267201199 39177075
4628841361 42992958
1447807357 33551406
2212828325 35246284
1215080831 55925799
1549333872 21032814
2909136789 19880735
4502237148 43175594
1453619225 33608569
2809425252 44708985
1298516191 35928386
1987960729 618037
1491871924 7860797
1203345646 42500361
1515397216 55762561
3009266190 26038871
1643137507 8937694
1458772581 38099088
4041342653 38832792
2778710539 33008243
1514058191 29416791
4205050503 49641114
2047626160 1187548
2926112197 31276676
1408570052 143300
2139909796 9105875
2845922244 38156411
1577416486 13375869
3973614327 21229218
1643137507 24948062
1569193913 10193879
4311166536 49832582
1779362617 12084312
1985703555 21344377
3995738085 7122189
2674920140 42171330
1211879138 1542509
2611774231 28018193
1547829511 6887629
2744740763 45210069
1465885522 60599972
1447807357 37872187
1540942906 10266684
1773073834 29727257
2009433492 24927623
4602863316 53576259
1622402665 4883775
1571124120 220606
4668555711 40894571
2627677713 16242514
1765715876 1881534
2631500951 34580455
1285375231 11593915
1767543851 21393313
4126436517 78991862
1788784226 16039292
2073527604 33463726
3001669605 26879898
3970568565 34333036
1589657789 29549631
1214998480 6913169
2139909796 4230601
4128601478 85569586
2616798236 5960414
1595669041 25458946
2658172975 40496830
1624835280 7659885
2007105712 28266095
1563146619 31283335
3014245032 38588369
2772004287 12125656
4116794664 79656632
1691188432 30218339
2744740763 887121
4463735079 21176053
1099539834 1201427
1465885522 32854928
1346454998 11003116
4155848810 77074890
1478711762 9505261
2613601858 27980804
1890187909 15840635
2931345579 31377559
1022917040 58483464
988370965 33452170
1260052577 60444930
2613601858 44625541
2919903236 744614
1716224204 5158007
1516017013 1252478
1942287123 19491594
2613601858 817636
1643137507 27273582
1712190494 34742726
1094308597 28466418
2096709165 1137997
3995942677 29949854
1040256462 27464370
1803136558 3667213
1130416083 40712842
1066251678 50687346
1297078966 55125279
988370965 52295167
1094308597 32632891
1595216001 6540880
1549333872 502962
2111826299 33915566
4512346504 88713854
1066251678 240038
3919946316 38585922
1453619225 43105428
3909318944 61542589
1705804632 4847956
4311166536 46561660
1657985226 11718647
2772701263 21052016
2683313868 35491898
1514058191 21473289
3906710546 49938561
1629159050 31387424
1891913041 16819412
986284347 462871
1682251808 18747850
1308886328 20112303
1480547386 31562884
1013698452 59810881
4327200511 39498298
4555918262 56649641
1641452839 13669836
1948806240 10705789
4153065463 14077986
1914165017 9471991
952229186 7995532
2044132850 7254216
1712190494 10428368
1531736590 19977344
2041372237 18271320
2752394454 41686272
2096709165 12648926
3995942677 86168721
3906710546 57252234
4153065463 73493058
1285375231 28692552
2748032126 39821053
1734967140 18833795
2819263696 25189635
4108441645 55269833
4611873038 40680397
2052981819 5186253
2095809627 16204898
4705239031 55092155
1263809234 7222897
2073527604 19292623
1801778744 34924429
3906710546 32121049
1924696630 32763440
1881228351 5266381
4126436517 304737
1240222844 10181058
1504076009 32886254
2707973184 15001682
2198993010 2374127
2581218486 15245936
2744740763 1400890
1657985226 7478242
4241578632 85458110
1288387867 37813906
1595669041 19111316
1767543851 26993120
4705239031 16280121
1891883635 27737145
1240222844 41756815
2616798236 14651497
1985703555 13386333
1985137917 18356438
1765715876 11049729
2141244011 5791066
1022917040 35372206
4393516525 490409
1285375231 21325832
4245387915 39492556
2845922244 18795340
1211879138 26097574
2044132850 19597543
1860982754 11835762
1953216123 30143671
1207097340 30650526
2748032126 10534410
1960950388 18290496
1942287123 17909379
1571124120 6563658
4184423918 49056784
1691188432 19853294
1514058191 32360476
4576100277 72847433
1260052577 54670837
1549080313 34966694
1245010876 7039384
1540942906 35871613
1788784226 37014019
1472081091 53229624
2628399287 36761166
2968920253 34933809
2095809627 26261890
2853507005 19473903
2752394454 16596680
1563146619 7231489
1190101853 53592601
2164383857 664540
2168238627 14625306
2711296687 21094701
1013059853 37484495
1575651155 33144683
1860982754 25573006
1948806240 14816365
4103277067 5095459
995870274 16138232
4250129561 56215219
3973614327 11838508
2772004287 19057494
1897780944 30349791
1996497649 27188945
2631500951 24747740
1713452773 18540568
1538028927 4900512
2073527604 9383217
2009433492 12894281
2095809627 25215340
4423112124 81522342
1689452404 10727325
1099539834 28757621
1767543851 17406000
2765667276 40160801
2890172349 44829158
1104674517 7779831
2141244011 18821189
1788784226 4078062
1512120748 27987722
1750967851 2998877
1487223710 42173342
1588961661 36685503
1682251808 5902760
1127093633 24027799
1771787224 19312134
1985703555 25858543
1308886328 9582866
1569193913 3759845
4440976280 29390526
4375944527 60887213
4393516525 59615846
1622402665 6770644
4123048255 73760228
2658172975 28330302
2909136789 12388352
2664261882 20552629
2111826299 28283293
1979464248 37345343
1657985226 34721948
4169147254 7332137
1979464248 33819634
1595216001 4958297
4103277067 87946450
1682251808 29511995
4589679645 84973072
2819263696 13522430
3948139636 86917780
1215080831 12894952
1547829511 12798940
3919946316 4268320
1185059770 23500104
4521059198 47489077
4386702946 46059160
1951170578 24043370
1214998480 28611234
4657774761 31008658
1480547386 10871475
1765715876 10546083
1588961661 25894863
1688434363 8147640
1737926174 12504580
3013800211 23083352
4252194829 24682576
1985703555 20452676
3969355049 39508526
2919903236 27061901
2174606947 22309322
4088583432 44849390
1734967140 18461320
2790352592 23601767
2749018903 2593813
2790352592 29366311
4169147254 5239674
1801050337 11685147
1095420527 27891504
1538028927 914771
1515397216 15603895
1516850063 62402200
4021180771 15008646
2974734652 32254367
1911523411 16601892
1095420527 42347298
2918078522 25556787
2001404085 6853492
2174606947 3167972
1953216123 6442865
2790352592 30544542
1912458937 2919605
2700408388 13722754
4090444500 80935735
4245387915 76903797
1516815978 21179861
1671483977 28400928
2598295052 6476045
2223524898 21074857
1911523411 27170974
1595669041 28029733
2809425252 3229808
2628399287 32475937
1598247784 19685292
1540942906 31749620
2207991462 22300082
4126092565 62333432
4123048255 66501650
2096709165 30132519
971255481 9839642
2218647696 27593294
1398829669 28819150
1516850063 56895304
1722078356 31290587
3013280674 16710619
1514058191 18259707
4090444500 59357456
1914165017 31253328
2139909796 10486437
4657774761 35547594
989907248 2861164
2918078522 32509407
3897625363 64246574
2000835974 21700843
2218647696 9791963
2840016092 7619499
2661589206 1433306
4208805926 83338230
1437459066 2644547
1043028948 24578366
2819979750 25839313
1924696630 6359044
1712771199 16425525
2139909796 22131542
1563146619 9245648
1479505162 15157358
3909318944 87138626
1643137507 21375035
1625341826 7936315
4657774761 4346559
1924696630 16042002
1797307363 31151905
1952229457 7346929
2613601858 17780522
1066251678 38180207
2635555529 28915224
4061931334 44590465
3995942677 5882189
1522197922 58126823
1013698452 30727958
2638680265 25539964
4339076762 56309946
3919946316 405074
1185059770 56582808
1515397216 12387891
986284347 31451995
1309517696 1119379
2664261882 5114521
1996497649 23126188
1408570052 59392907
1985703555 22149838
951873477 21756459
4309017123 34192113
1566990005 14409899
4252194829 60743827
1288148157 56599172
3973614327 84541284
3855800720 14904205
2638680265 1334673
1130416083 37409613
4208805926 17584921
4668555711 5367004
1549333872 6600935
2096709165 16847993
1669980663 8972224
2918078522 7190600
1538028927 1963633
4041342653 54648766
2804959787 28067808
2041372237 20046571
1705804632 11962803
4103277067 66356404
1478711762 30674455
1624835280 34607298
2717803258 38454576
1897660734 30254535
1215080831 57565394
1478711762 13278408
1155864000 24054951
2765667276 25530472
4502237148 11928770
3897625363 21196852
1765715876 25130926
4024957064 47479497
4440976280 2007850
4024957064 73067812
1797307363 11661357
1545243028 13964473
1722078356 951013
1184682637 43624183
1231055276 35191496
2616798236 11600063
2006901643 12774003
2635732371 4519660
989907248 59254648
4463735079 80656099
1013698452 52885846
1568699597 17268982
1032834396 21176088
2717803258 15698041
2198993010 19351229
4180285703 51145004
1588961661 18279561
2690361547 9537362
4103218921 30915714
4128601478 17222070
1067349687 32010753
1545243028 28416254
2159373005 979170
4252194829 17070212
1467411914 23510218
1408570052 36112594
1245010876 13568280
1215080831 60361577
2717803258 8552997
1245010876 1744529
1509147453 22206840
4512346504 14198344
1491871924 32134676
1996497649 10602918
1130416083 1902461
4502237148 19433516
2772852013 9462569
2809425252 13149481
2661589206 43094891
1972225049 2637893
1472081091 45615162
949704426 8637692
1608419438 18009481
2969562123 9511676
4205050503 87377640
1933340432 3400473
1571124120 49722651
1558658031 34054816
1803136558 21857897
2815413005 31814678
3995738085 33951808
1479505162 25166517
3969355049 62873572
3884275404 54251159
1897780944 351049
4639599240 34469399
1164286759 14961968
2041372237 35221794
4311166536 24203895
1245010876 14482201
1391693173 30893892
1336689730 4143927
1057912575 46040123
1589657789 6546058
4149614670 85561478
3969355049 26781871
1569193913 19395114
1568699597 54039697
3973152431 13365447
4199528925 29584094
1881228351 10226101
2088252737 12917006
4343684944 59485978
2635732371 24821611
3009266190 26367821
1773073834 13980811
1088497253 7303027
1467411914 35628335
1862955109 19334666
2668145560 34721665
1013698452 55086337
1298516191 54674227
1669980663 20624478
2217617823 5896769
3014245032 12281367
2819263696 29642477
4245387915 25722582
2968920253 22703772
1516017013 22240971
2845922244 25708467
1346454998 26339872
4555918262 1413795
1862955109 859528
1912458937 517593
1625341826 16124651
1912458937 33185476
989907248 22284152
1914165017 17799164
4502237148 66802530
1504076009 4856636
1767543851 27719621
1514058191 2684821
1260052577 65032754
4309017123 62628712
989907248 31796480
1688434363 28093822
1336689730 25427610
2111826299 1331170
1288148157 1758708
4387339264 1218159
2097690217 29618800
2000835974 27248277
4208805926 29896370
2217617823 18515000
1547829511 21394133
2164383857 30966445
1618909727 19055833
2968920253 6473406
2001404085 20830697
1725547939 18900063
1094308597 26061780
1547829511 9454546
4199528925 84250507
4180285703 52341107
1568699597 26074731
2809255237 26275401
1798646240 8169483
1297078966 27473198
4626898712 58619576
1771787224 23249997
4552454596 64875442
4024957064 20678377
2627677713 40821583
4245387915 27118810
2864516562 40269235
1722078356 12443041
1049597352 58723894
2778710539 39340761
2674920140 20666524
1860460598 36621604
4311166536 14999791
1798646240 36543309
1214998480 43735367
4339076762 38405198
3906710546 9032372
1391693173 28737684
1013698452 50551704
1737926174 32363596
2218647696 17204663
2752394454 10748025
1608419438 15242333
3013280674 9955750
2638680265 42338899
1657985226 32067390
1453619225 53648234
4252194829 29420139
2611774231 8851095
1987960729 35297846
1734967140 14102174
1631146624 845777
1975918785 20486473
2000835974 15546863
3897625363 44850552
2731946106 19978523
1207097340 30507615
4123048255 7984539
1190101853 20533848
2717803258 25042164
2819263696 15324730
1981118097 7059230
4250129561 28732340
2168238627 5251386
2919903236 18705021
1516017013 4602058
1487223710 41766545
1309517696 57505671
4061931334 14206564
1725547939 31836860
2661589206 10081294
2903919428 2482257
1750967851 29280601
4639599240 22391913
2669054852 20015320
1595216001 8160558
1669980663 31033076
4512346504 31268750
4024957064 16960233
1779362617 27281973
4128601478 88674274
2044132850 5900875
1712771199 6343138
1765715876 4585715
2885590745 8949678
1190101853 12041877
3025775895 35516264
2903919428 12638614
1447807357 65032054
2772004287 42497494
4180285703 48831670
2048600982 21581398
2666159091 19131785
1592333111 13363112
1288387867 19087100
949704426 11442453
4463735079 21184961
4521059198 15174691
2840016092 30832754
1492190643 29343761
2616798236 22321501
1516850063 56987379
1996497649 22941584
4521059198 59235889
1308886328 47160723
4205050503 834180
4021180771 19369206
986284347 49783952
4552454596 37770774
2790352592 34238692
1987960729 33065060
1595216001 10869918
1465885522 878781
2819979750 44980425
1049597352 36267915
1643137507 37199024
1657985226 15489671
2765667276 23513065
2638680265 21996212
1427304410 13468134
2692076300 15240085
2772701263 22199902
2931345579 10528992
1761532200 37814306
2044132850 10177964
2952447061 12923056
1975918785 23256280
3013800211 22946051
2840016092 43639747
1890187909 24918830
4386702946 73800968
1596992274 26123346
2000835974 37081246
4162300010 12653081
3025775895 20926802
2717803258 4578130
3919946316 28420521
1049597352 2077976
1535468599 24294569
1013698452 12284631
1427304410 30152037
2703400399 17876320
2790352592 33025955
2217617823 24328609
2041372237 14939050
3001669605 22378319
3949184707 9239542
2883915901 7130877
1469426869 22577514
2845922244 13205305
2001404085 11213222
4049592915 38422490
4155848810 67489077
3025775895 39816264
2840016092 38892017
2217617823 33381737
4340524511 7293787
2916473825 35527178
1913503669 28730229
1260052577 17477800
4440976280 43303323
1504076009 26700736
1801778744 29181896
1558658031 7380380
1531736590 25453876
2198993010 25692098
3973152431 1745142
1913503669 24452679
4628841361 7096756
1538028927 16998282
1987960729 6376958
2890172349 8701055
1753030315 25552352
1540942906 5351947
1104674517 47939878
4162300010 39732395
1453619225 31283020
2931345579 25356091
1263809234 52422317
1545243028 21897863
2901498294 39519766
2001404085 26141132
1558658031 52317217
1458772581 17353011
2693859291 23779044
1512120748 5618712
1622402665 27438777
4423112124 84714345
995870274 25143339
1860460598 28804788
1860982754 11919645
1972225049 22139242
1765715876 24106933
1575651155 24641350
1479505162 16216800
1860460598 10620749
1911523411 15411007
1514058191 15289524
4435407235 5952690
4555918262 65750911
951873477 24172177
2097690217 25414496
4327200511 33240868
1231055276 52729336
1948806240 37481072
4327200511 77291168
1891913041 31487458
4241578632 41907947
1972225049 37002341
1447807357 2123725
2611774231 9587152
2598295052 43084701
4128601478 41428907
2732599963 4302696
3973614327 75439775
1625341826 1370690
1512120748 55805087
1716224204 567340
1592333111 16559822
3919946316 27019262
1631146624 1412475
2207991462 24286128
1595669041 13589916
1102055578 3004542
4021180771 25906719
2815413005 35109442
1713452773 24765909
1713452773 13036798
2627677713 637813
1516815978 23694043
2974734652 19659232
1629159050 14316314
2188822667 3674100
1625341826 23185747
1960950388 24548030
1657985226 14153350
4521059198 80482356
1618909727 7201505
2206721403 29980663
988370965 11249320
4589679645 58769223
1985703555 26428389
3001669605 40270599
4175661342 15721701
4602863316 65004681
2845922244 26823198
1013059853 12552062
952229186 31306232
2164383857 19093963
2631500951 38670304
2901498294 14988103
4103277067 82314464
1428901067 30569922
2903919428 3202073
1583532417 30103303
1040256462 32306455
4368182054 48394526
1803136558 27992913
3919946316 53299544
2217617823 9206451
1032834396 42347936
1032834396 47813606
1309517696 34202822
1985137917 33830284
2882922139 40548489
1924696630 13545575
1479505162 19695943
1540942906 35349830
4184423918 49823525
2882922139 9293646
1960950388 31512693
1788784226 2190088
1598247784 55303838
2002838357 22795867
2909136789 41721020
1953216123 2080813
1940938292 28620844
1408570052 40917414
2785597922 35945369
2627677713 13782048
2016479894 14610276
1512120748 57784622
1657985226 15745121
1492190643 15216412
2052981819 4430811
4103218921 83206047
1213679134 24912989
2006901643 28462766
1671483977 30170454
1911523411 33867369
2591034888 27181771
2212828325 20218038
1682251808 29554651
2772004287 39724050
4123048255 81552024
4423112124 75634705
1040256462 36799768
2882922139 28359321
3013280674 34782553
2814943241 8073178
1583532417 27531723
4657774761 57432469
2669054852 13608697
2718372436 10158483
1545243028 31554868
1583532417 1040935
4088583432 52703690
2635732371 8580885
1598247784 6612075
2969562123 20885923
2586646580 20976526
2658172975 21522308
1545243028 33561983
1996617079 8190578
4626898712 62593320
1588961661 5142866
2634517527 44596938
2206721403 29686047
1657985226 10623692
2041372237 19846921
2664261882 29223494
1588961661 22163087
2168238627 17695174
2611774231 32776776
2718372436 7390710
4386702946 24804153
1996617079 9612914
1568699597 56076502
2048600982 22957622
1712771199 38205574
2627677713 41654147
2598295052 19328796
4245387915 72102252
1750883515 16133890
2111826299 17373120
1540942906 592843
1437459066 28393136
1437459066 26211468
1437459066 35078917
1531736590 5515766
4108441645 35186130
4153065463 52466902
2969562123 23029310
4162300010 8158609
2611774231 15206539
2748032126 2054303
1595216001 36465982
2819263696 30800476
4502237148 73922191
1288276832 20373838
2901498294 5861474
4576100277 73973459
1996617079 15537084
1972225049 25171864
3013800211 36055792
4602863316 25753806
1285375231 16020960
2718372436 27477520
1608419438 20196883
1625341826 25184040
1260052577 37304077
1657985226 9462344
4205050503 49360870
2591034888 324978
1973182719 22672328
2223524898 22854639
1933340432 7870130
2139909796 13231535
1467411914 3605306
4657774761 21520254
4400442752 46374452
3884275404 31574119
1688434363 28584043
1127093633 32497226
1682251808 8599754
1972225049 34950044
1765715876 2634928
1267201199 62438041
1130416083 32546327
1912458937 13411280
1688434363 34843760
1589657789 65120728
2693859291 39523399
1716224204 35561432
1022917040 18873621
4149614670 41033915
2701357520 34198934
1618909727 32611962
1043028948 6557923
2672843504 8171830
2019539691 9115035
2159373005 35672790
1081191052 37803212
1479505162 21744554
2751515251 23356510
2661589206 22179261
1155864000 51978753
1737926174 16000387
2627677713 27715777
1860460598 34836306
2636420392 23660985
2916473825 36310584
4327200511 44047438
3001669605 35527053
1625341826 15192321
1558658031 4270875
1365322505 52394442
2693859291 33146572
1940938292 25347075
2785597922 17687048
2044132850 25238794
4343684944 41206696
2700408388 4038640
949704426 29073605
1492190643 45485629
995870274 61631672
1509147453 11307407
2006901643 22640548
3949184707 36283851
4128601478 35004908
1716224204 12499666
2002838357 256075
2864516562 34331410
2664261882 27376902
1566990005 31070459
1912458937 5872515
1750883515 33109826
1952229457 5584441
1858745336 12090062
1598247784 58041507
4126092565 22066777
2019539691 34533176
4155848810 70337260
1563146619 13550947
3996886856 74974588
3973152431 23616188
4149614670 500642
2198993010 23564639
1478711762 8475654
2593142691 4607418
1979464248 21579535
2675957584 42665274
2044132850 36723261
1859809272 21551430
2752394454 40465777
2586646580 23425513
1671483977 3320260
3957888619 27338734
2918078522 14982883
1535468599 21967165
2819979750 26681872
1207097340 45898302
1049597352 44729865
1467411914 17113125
1547829511 14310971
1753030315 24649175
2903919428 21229554
1336689730 5113589
1737926174 19868340
2701357520 35863083
1207097340 12322965
4386702946 18269280
2819979750 33130221
1516815978 25813854
1624835280 34955885
1595669041 3740156
1099539834 42545371
1960950388 5856042
1767543851 5650824
1802535929 19088852
1771787224 4956421
1549333872 13424280
4393516525 4065390
2968920253 41956234
2141244011 32898235
1088497253 4429914
4400442752 67828672
1531736590 8267334
1595216001 20119113
3970568565 38789626
4103277067 30704513
1043028948 44236432
2006901643 23588228
4386702946 58403999
1860982754 26507398
4668555711 73833718
1568699597 20179159
4611873038 75263846
1669980663 12704602
4061931334 24528796
1214998480 46193382
1705804632 32662062
1538028927 33207221
2016479894 8367019
2111826299 19950773
1750883515 28689781
2801723964 26915355
2890172349 21794071
1862955109 863801
4252194829 14498493
3969355049 77564066
4387339264 54535608
4126092565 57926938
2631500951 1315794
1631146624 103302
2635555529 43045171
1447807357 25685863
3025775895 39052559
3995738085 63633860
4626898712 56976200
1953216123 31806919
4021180771 63808629
1942287123 14458576
1608419438 21395841
2598295052 15658010
1734967140 24409737
1761532200 4563858
2141244011 30361509
4049592915 31712026
3897625363 49325938
1549333872 11859235
1427304410 23104255
1298516191 13772548
1515397216 46196980
2174606947 35130320
4041342653 54749209
3995942677 56674035
4088583432 56258432
1803136558 13795297
1691188432 19105005
2968920253 19743297
3973152431 26677734
951873477 24300773
2586646580 24273236
2826890099 6998171
1933340432 26595250
2931345579 2635067
1509147453 17326687
2903919428 18305234
2188822667 27207982
1671483977 1313360
2829580162 26381599
1469426869 10480725
1588961661 34263047
3973152431 40518622
1577416486 11582080
1734967140 22914583
1914165017 37577661
1960950388 8637532
3014245032 6143167
2097690217 28346296
1629159050 27453368
2019539691 12528836
2801723964 42635309
2096709165 26584322
1240222844 5601435
2829580162 24619871
2693859291 9641633
949704426 57974884
2139909796 8399637
1067349687 60246274
3009266190 31001353
1725547939 6751972
4252194829 80726100
1516815978 29983615
2088252737 24644402
1260052577 4709336
2000835974 15061499
1595216001 3821630
1671483977 28477360
1346454998 4622169
4589679645 42005778
1213679134 37803994
4327200511 84966091
2819979750 8322022
2916473825 24884497
4552454596 56759146
1571124120 23202660
4157491481 536637
2963684768 12109068
4252194829 17998157
2819979750 44807330
4576100277 39913475
4343684944 36870373
1215080831 2629196
2801723964 23473835
1643137507 12589842
4602863316 60875449
989907248 59268073
1802535929 12785017
2748032126 30755622
2669054852 38888732
1890187909 2033867
1867741023 8168379
1465885522 35011616
2108830069 32694299
1020950746 35338868
4558851443 2321031
1801778744 12354303
2616798236 17994666
1164286759 4575892
4611873038 72650546
2926112197 29730806
1492190643 14453146
4128601478 60622412
1897660734 3385254
1309517696 16027421
2717803258 38347058
3014245032 41553936
949704426 2228475
4116794664 63201414
1975918785 9414896
1472081091 3710271
4155848810 46768904
1427304410 25215953
2631500951 20137913
1185059770 33283273
1933340432 17689695
1285375231 62720695
4589679645 29446187
951873477 45556279
4261518236 10401810
3970568565 53285338
1545243028 30910055
2692076300 2651765
1288276832 3663
2207991462 25323204
1625341826 26508293
2969562123 40785030
1516815978 2485985
2088252737 31113713
1914165017 28531322
3014245032 27054437
1761532200 23649527
1761532200 31185720
1985137917 34949911
4021180771 59011149
1973182719 32023837
3995942677 13523514
2019539691 12321779
4463735079 82643654
4589679645 75727640
1592333111 33540361
2963684768 32593884
3906710546 40691177
2731946106 8005810
2672843504 13665034
4033371655 28123444
2628399287 30316088
1478711762 6868314
1213679134 24385124
2656130235 8998794
3909318944 54324230
1624835280 18314462
2819979750 27706739
1643137507 1471892
1779362617 7778878
2693771514 20918155
4169147254 18415151
2885590745 20763115
1043028948 40226090
1480547386 31341586
4252194829 40911801
1336689730 41125759
2656130235 5172761
2041372237 18140292
4205050503 88419342
4576100277 21767323
1577416486 9695921
4128601478 87951659
2675957584 19383271
2772701263 10221937
4393516525 58926065
4576100277 67817877
1750883515 10138070
2044132850 30709453
1859809272 7159662
4208805926 26160601
2019539691 22041293
1750967851 36626332
1558658031 26463996
1297078966 20764366
1127093633 54473415
2095809627 11569909
2748032126 5809551
2674920140 32929080
1912458937 26920595
1088497253 15930485
1465885522 41748260
1184682637 20520224
1924696630 31434418
2701357520 38334372
3970568565 61910596
1569206960 25271902
4340524511 64126259
4108441645 52245086
3009266190 35013606
4088583432 87460553
1288276832 25420415
1622402665 28032207
1516815978 28542561
1213679134 43156636
2711296687 6258309
1346454998 63085127
2778710539 31469743
2636420392 8746891
1516815978 8545718
4343684944 82953540
4552454596 72388729
1185059770 37473882
2217617823 24511371
4175661342 4344566
2916473825 20533290
2076576927 11333241
1465885522 9097665
2611774231 9880208
1022917040 56736090
1933340432 4184733
1722078356 16847493
3995942677 75155012
3957888619 8490793
1040256462 59264443
4343684944 27387686
4184423918 78307441
2616798236 35322786
1996419604 29944409
1689452404 5854662
4208805926 70767616
4521059198 51935127
1288387867 21748304
4205050503 78502696
949704426 57174758
1130416083 13162078
2019539691 6281311
2658172975 28643680
4252194829 21908763
2041372237 17728003
1859809272 3151105
986284347 16720564
2611774231 23582438
1985703555 29400726
1260052577 8581469
1601444905 11427942
1164286759 23278375
1285375231 33279695
1032834396 50446133
1540942906 27422940
3995738085 37537703
2627677713 30535687
2052981819 29741907
1657985226 19065845
4393516525 40135539
4555918262 16376537
1522197922 26446727
1309517696 24495231
1801050337 27173722
1130416083 17501200
2002838357 3992154
1712771199 25767904
1095420527 35536478
1750967851 23700254
4435407235 15752649
1566990005 17418887
2845922244 8940724
1164286759 29514975
1213679134 24064108
4103218921 14511205
1231055276 59489108
2717803258 10000013
2693859291 41365667
1512120748 12253059
1608419438 35923385
4252194829 80532123
4626898712 58887383
1761532200 16008862
1164286759 58490984
2975549723 27576235
1308041824 63287652
4157491481 77899107
4576100277 24898693
1765715876 19395792
4589679645 45081532
2188822667 3795949
2674498533 12038011
1297078966 23973003
1245010876 18320769
4386702946 44602934
2168238627 5762587
4393516525 78034415
4502237148 48692577
1095420527 36871039
2672843504 35696255
1913503669 20160786
1067349687 42514269
1754088812 14227028
1883941688 6992335
4205050503 16750941
2009433492 22077706
4705239031 76523465
1803136558 29136854
1515397216 39491817
1890187909 5344716
1948806240 16772580
1897660734 31519611
1940938292 27296599
1996617079 9896576
1104674517 47310471
2007105712 19424229
2591034888 38705959
2041372237 27547515
2829580162 7994654
4626898712 6896752
1309517696 8196949
2975549723 34960599
4126092565 19509376
3013800211 43970296
2636420392 44842637
1933340432 22666671
2666159091 33572385
2829580162 13723306
1771787224 36267202
1245010876 34414203
1040256462 26172709
4343684944 23874378
2772701263 35351418
1601444905 34260843
1914165017 20951267
1469426869 6586535
4309017123 85597167
1479505162 1436288
1453619225 37810264
2674920140 32812272
4103218921 18570252
3973614327 53782158
2596465594 13836930
1618909727 24305453
1737926174 37212010
1346454998 36025988
1465885522 39379606
1924696630 27040173
1472081091 9680114
1492190643 694831
1267201199 47109659
1240222844 3826384
1095420527 43056759
1057912575 13626094
1858745336 7447096
3995738085 64131589
1514058191 11815449
1671483977 20918942
1914165017 27236882
4123048255 59196693
1803136558 26978342
1467411914 13414860
2815413005 20746269
4558851443 57243083
1802535929 15436593
1598247784 32779794
2041372237 25366466
4576100277 62688912
2164383857 23899707
1972225049 12885917
4558851443 39022231
2690361547 17446325
3001669605 19882801
1671483977 16761160
1996497649 34190651
1753030315 35914241
2095809627 11109676
1214998480 51343075
4387339264 87126025
4162300010 78133630
3973152431 13023266
951873477 63351580
1516017013 4220245
4628841361 79933284
2628399287 8095084
1771787224 24610977
4090444500 21446366
4339076762 84100871
2198993010 27093556
4041342653 34841363
4611873038 28602284
2006901643 2188284
3969355049 47349787
1891913041 26819826
2634517527 36594674
4668555711 58660788
1558658031 56513584
1185059770 51673955
2703400399 15304543
1948806240 32682495
1504076009 23182560
4552454596 72769245
1267201199 61270154
4199528925 30431752
4552454596 36370784
1801778744 37375402
4435407235 70651910
4512346504 40749696
1067349687 7070227
2718372436 43605527
4552454596 86191407
4116794664 66898158
1924696630 20729083
1725547939 18240226
4552454596 76063543
2814943241 15629967
2218647696 4153614
1592333111 27413992
2048600982 15228985
4241578632 15826690
1725547939 15261175
3996886856 87408832
4552454596 27883930
2174606947 37329692
1624835280 5764801
1575651155 17312302
1801778744 31963130
1970482381 10919128
4103277067 54011296
3995942677 72746071
2882922139 14220846
1682251808 35246062
1891913041 9943135
1625341826 14386457
1066251678 6285333
988370965 54707391
1797307363 29014118
4157491481 65236810
2044132850 18950626
2635555529 5482320
1549080313 36300496
1437459066 23845703
2044132850 16931114
1691188432 30181259
1547829511 3228390
2819263696 6687162
1057912575 23461603
1911523411 18060626
2206721403 37088838
2804959787 37223701
2926112197 33973758
949704426 41550672
1972225049 6265177
4393516525 18003146
3995942677 14605225
1970482381 29184173
1734967140 7170923
1996497649 16148099
1802535929 16359807
2708644308 5240255
3973614327 60642038
2016479894 4253761
2700408388 41601713
1427304410 22202470
2701357520 41808833
1862955109 19347492
4241578632 50997644
1472081091 25071111
988370965 8032873
1437459066 25464241
2656130235 43846270
2804959787 36777549
1981118097 15263028
2044132850 5253390
986284347 48600901
2000835974 29534191
4463735079 73574431
1013698452 12543812
2664261882 31362345
4311166536 8691291
2692076300 37906519
1094308597 18544595
4387339264 82813574
1569193913 29777102
4090444500 61986384
1891883635 14948928
4387339264 44338520
1596992274 55828233
4413784052 57755298
1309517696 47961762
1671483977 32310054
2883915901 19871661
4340524511 72773244
1987960729 6460073
1881228351 22978185
2845922244 29607413
4021180771 33609152
2048600982 9656195
1981118097 26559823
2829580162 39015850
1057912575 4024290
1263809234 35043872
2217617823 30676938
3013280674 32545361
1190101853 34002378
1127093633 59351742
2097690217 9913021
4128601478 57443065
1753030315 28193876
986284347 46153773
4155848810 29774674
1577416486 20188334
1960950388 11682844
3013280674 23419619
1975918785 8058178
3014245032 20647278
1081191052 11683320
1309517696 63817361
2744740763 5685916
1184682637 8878909
2052981819 25301480
3970568565 43735248
2975549723 19608971
1288148157 10672468
1713452773 12957904
1629159050 19397471
1577416486 17039001
2047626160 31714305
971255481 9856748
1608419438 27564476
1514058191 32148355
3996886856 34343771
2000062994 19705926
1549080313 8049270
1057912575 47349907
4149614670 82831499
2692076300 20486346
1948806240 12713873
4400442752 47400848
2188822667 9227058
1953216123 2629214
1862955109 29821504
1514058191 4572187
1245010876 13701265
1750967851 2185440
1549080313 27359326
1618909727 10983019
1779362617 28692615
1491871924 5780810
2672843504 5752266
4552454596 51453021
1297078966 63843182
1088497253 32708131
1953216123 25162394
4387339264 35367068
2752394454 36964670
2141244011 33165975
1308886328 3387103
3949184707 5893161
2001404085 8964281
2007105712 23685746
2096709165 16825582
4463735079 75725485
1589657789 66785
1164286759 63716252
1691188432 2236053
3919946316 23323200
1595669041 29378215
1712771199 5570827
1492190643 8113623
3906710546 6331316
2845922244 1254451
4628841361 25561746
4128601478 79493981
1309517696 35603714
2969562123 22589421
1215080831 1737827
1437459066 16277733
2753704991 11744869
1479505162 35946910
2753704991 31487771
1691188432 12219312
1860460598 36786059
1773073834 19770350
1975918785 34328953
1467411914 16580639
2901498294 14356726
2693859291 29568748
4169147254 43177554
1753030315 22883517
1504076009 36659912
2829580162 44474967
4169147254 19686950
1467411914 37634337
1641452839 15361462
2134518198 14380232
1767543851 5617120
1618909727 16682220
1797307363 15832717
1801050337 570620
1285375231 48528983
1631146624 1240370
4552454596 81855969
1689452404 5245420
1725547939 27141957
2631500951 7344243
4555918262 87950694
1669980663 28867730
3970568565 37391249
2809425252 14475295
3884275404 77977831
3995942677 10365962
1308886328 34787408
2801723964 20530179
1996497649 15512019
995870274 2906445
2804959787 40948139
1049597352 2727120
1761532200 7327823
2732599963 31802216
2778710539 35199016
951873477 373854
2772701263 28363325
4175661342 58179794
1897660734 20415134
1802535929 29649668
1981118097 12296588
4343684944 85375870
1104674517 21768272
1754088812 12107717
2690361547 5124560
2141244011 29713887
4400442752 61779019
1669980663 28007700
1013698452 4087069
1625341826 18043986
4061931334 26807610
1940938292 23151288
2790352592 44343107
4413784052 40343321
1492190643 120896
1465885522 51328469
1428901067 2508636
4626898712 81161698
1308886328 9094669
986284347 19296951
1427304410 24712969
1267201199 32027531
1211879138 51597113
4657774761 6183376
4061931334 48862654
1985703555 19550167
1669980663 13539141
1571124120 16789976
4555918262 49564358
1588961661 14802471
4639599240 58605801
2669054852 29621302
1595669041 11550050
2009433492 23571637
4199528925 83776654
2801723964 23512098
2168238627 5908312
4128601478 88635728
2168238627 33058821
1509147453 37969575
1427304410 31142955
1032834396 21292043
1535468599 63939936
1595669041 32385174
1750967851 31932237
2901498294 26996232
1960950388 8651543
1453619225 13152967
2815413005 17016220
1032834396 45586797
2591034888 19113847
1657985226 36111547
1629159050 32813686
4340524511 80859501
986284347 5291028
4602863316 21756850
1566990005 36410804
1860982754 16735303
1575651155 8229632
1712190494 33139384
1951170578 36706008
2019539691 4037307
971255481 16902703
2008587595 25355765
2753704991 22166828
1622402665 25512631
4128601478 6281956
971255481 9408126
2007105712 22537918
2732599963 43338209
1427304410 34370550
4033371655 27756217
1860460598 276220
1716224204 5640243
1862955109 17329101
1288387867 25408635
1951170578 9757876
4123048255 59826525
2635555529 42322966
1589657789 34190735
4162300010 84392859
2097690217 14242125
2088252737 2587014
1911523411 18064365
1207097340 33503706
2731946106 8080820
1104674517 37660824
1040256462 46701056
4041342653 37770462
2048600982 32919483
3013800211 40655520
1032834396 37540101
2002838357 18674665
1598247784 29790150
1215080831 44246335
1897660734 29957503
1346454998 29363217
4116794664 73868006
1671483977 8070421
2919903236 10086710
1549080313 24218124
1575651155 14363196
1773073834 22174920
1066251678 62002158
1040256462 58364125
1447807357 57655363
3973152431 2285007
4423112124 38408632
1568699597 43767901
2218647696 21033690
1408570052 20236685
1722078356 15336115
1753030315 28250927
1504076009 2608774
1883941688 3497275
2804959787 9626821
1629159050 8197830
995870274 50375923
1858745336 30925491
2000062994 33098333
1608419438 16315933
1911523411 31203493
4589679645 73572788
1788784226 12490728
4657774761 88422407
1563146619 37501155
4157491481 27349219
2581218486 5453352
4552454596 11593135
2693771514 33770615
2666159091 32831489
2019539691 8729588
2206721403 25233022
2111826299 7551027
1214998480 44893461
4668555711 8960796
1332608677 27375828
2968920253 4955811
1952229457 34159233
2868895187 13385580
1583532417 19900771
4668555711 37749185
1547829511 1849737
2868895187 7251875
4153065463 22672839
1155864000 11564886
1798646240 20832581
2164383857 18141013
1722078356 19280468
2690361547 4778622
2926112197 42199226
1104674517 40467401
2212828325 24680254
4628841361 36618352
1547829511 27656454
1867741023 27348636
2840016092 17634135
1215080831 60230979
2611774231 9730876
4555918262 79016037
2674498533 10297227
1682251808 8486608
1942287123 19723628
1479505162 5101594
2664261882 33863293
1583532417 16826958
1669980663 4099081
2883915901 28028125
3897625363 21877659
4153065463 73863807
1127093633 52534704
3949184707 11258691
1625341826 21502252
1240222844 40214396
1972225049 19052687
1469426869 10428897
4250129561 57276728
3996886856 45086655
2785597922 24076357
4393516525 27908839
1608419438 37306066
4375944527 46668335
2706083660 13127755
2765667276 18928936
1437459066 37821108
2931345579 1449740
4157491481 41742011
2044132850 20644131
3957888619 20279381
2591034888 19731557
1669980663 13469526
2584819746 11290026
1996419604 6000548
2047626160 16818336
1801050337 8416616
1127093633 55838884
1716224204 3596938
2206721403 27761939
1712771199 22265948
4440976280 81416997
1765715876 6799745
1788784226 28172124
1881228351 15442100
1601444905 33325560
1102055578 45972233
2711296687 32820079
1571124120 64299402
3973152431 49765340
1479505162 25565682
1020950746 16305868
1712190494 6713656
2668145560 45084296
2095809627 32869744
3014245032 32517875
1492190643 29428920
1897660734 37295045
1109282876 49462571
2174606947 6536932
4502237148 70659803
2903919428 28750301
2672843504 2724828
3001669605 7960509
2708644308 37935228
1491871924 30657216
1263809234 18411028
2052981819 19697423
2108830069 31906259
2007105712 1776409
1802535929 26535259
1981118097 17720915
2164383857 37204478
1858745336 8568303
2073527604 30367706
4108441645 49393598
1691188432 18228820
2752394454 13207066
2708644308 24422249
1487223710 42892965
1398829669 44543798
4602863316 19405947
1761532200 5572778
3948139636 85788498
952229186 52126677
4400442752 75563208
1797307363 9683761
3025775895 27781110
1987960729 630160
1453619225 3088074
4589679645 65668371
1641452839 30572490
1682251808 17353086
1897660734 17861032
1213679134 46081761
1801050337 806477
3995738085 12672019
2674498533 42733169
1575651155 24584681
1975918785 28951679
4261518236 70875028
4153065463 80037166
4169147254 32789078
1267201199 38871336
4589679645 9879825
3855800720 75673167
2882922139 33154739
988370965 38323438
2638680265 28090045
1365322505 50950375
2845922244 12978826
4521059198 5012616
1867741023 6203531
4250129561 16794207
1860982754 5783254
2048600982 36455156
4368182054 34646150
1332608677 23858853
1942287123 5385395
1942287123 9609452
1571124120 46488187
4555918262 85095316
1549080313 37079737
1897660734 10390895
4049592915 53099559
1547829511 14555140
1722078356 17251219
3970568565 75043383
2168238627 25898550
4387339264 8049935
4435407235 17679304
2168238627 12611856
1891883635 29621140
1801050337 30045963
1285375231 38819335
2926112197 31449350
1516815978 265775
2218647696 7596616
1130416083 59197410
1515397216 53845929
1643137507 24604524
2979053963 12314198
2711296687 37570195
4309017123 10174205
2000062994 13551664
4126092565 4388552
1802535929 4140255
3884275404 29013655
1465885522 49872497
3909318944 75419765
2047626160 32561553
1469426869 38020264
3001669605 23506667
1285375231 22063563
2901498294 32475123
2772852013 20423904
1970482381 25260929
4400442752 13727009
1240222844 6462785
2168238627 35058888
1231055276 17520405
2809425252 33512948
1260052577 44170192
1504076009 27223452
1914165017 32764014
1547829511 5092529
2198993010 2676355
1492190643 46658723
2909136789 40468107
1975918785 30730472
4180285703 70826852
1953216123 534860
4628841361 72730497
1952229457 34661290
1308886328 60538650
4387339264 48326985
2683313868 40713646
4169147254 16974852
2668145560 29758810
2073527604 3365340
1549333872 28659683
2048600982 11969895
4153065463 5900981
1427304410 27334816
1504076009 3435359
2008587595 2610934
2593142691 42343693
4184423918 63576849
1164286759 44894950
4033371655 82933782
1985137917 13503492
2634517527 18618024
1951170578 18359968
4576100277 35236464
2628399287 17593413
1447807357 26582983
3969355049 49767094
1336689730 46692655
1767543851 10935823
4162300010 38874191
2882922139 29999722
2581218486 10371454
1933340432 31791809
2076576927 33853847
995870274 62924336
4245387915 42046077
3973152431 50813198
2826890099 16544875
2664261882 35857356
1951170578 110453
2139909796 33301789
1095420527 14350959
1549333872 2986664
4512346504 5818929
1797307363 12486900
2669054852 41444928
1657985226 33338486
1487781844 35200110
1563146619 9763250
1641452839 34105301
2581218486 26827421
2206721403 19349511
1595216001 31748163
1049597352 40290568
2909136789 35923812
1427304410 4946306
4208805926 3334625
2019539691 13018261
4626898712 19731107
4435407235 86982214
1515397216 41217106
1391693173 27323204
1447807357 5274829
4502237148 60391682
1589657789 1582504
4245387915 40693658
2674920140 28704510
2028462348 31354577
1538028927 18581308
3948139636 27689522
2008587595 27190685
4205050503 38869503
1428901067 64489762
3957888619 12732880
1492190643 50676805
1263809234 20099346
1285375231 56095044
4386702946 82788463
2217617823 23932356
4589679645 5946952
4375944527 36157169
1629159050 6305963
2890172349 16744645
1185059770 2028038
2785597922 44347441
2748032126 37560421
2815413005 36430247
1933340432 9157461
2656130235 33297682
4387339264 50921046
1207097340 54140095
2826890099 28136968
4049592915 84054264
1308886328 32307631
2772852013 40334227
3025775895 36964099
1881228351 25871871
1336689730 54555776
1203345646 62967775
1973182719 33710343
2019539691 20975310
4241578632 86671264
2218647696 27531740
1398829669 60898005
1970482381 15302079
2693859291 13438082
4155848810 84075174
4368182054 45109979
3014245032 2125362
4626898712 54233795
1569193913 22987667
2636420392 15143370
2139909796 19764742
2223524898 37204816
1130416083 61504496
1504076009 20153526
1601444905 3715909
2635732371 39544842
3948139636 69377190
1164286759 50395190
2801723964 6940222
1631146624 26413188
951873477 46085574
1267201199 46294333
3969355049 76803608
2926112197 42893298
4153065463 39243990
2864516562 730115
3957888619 9180129
1985703555 33560830
4602863316 37664608
4558851443 44803841
1040256462 13952458
4639599240 5953463
2164383857 8770658
2952447061 42454613
1569193913 64279004
4208805926 46798274
2636420392 19004637
4061931334 20609921
1924696630 1096853
1203345646 34376676
2217617823 20186559
1803136558 13807896
4116794664 36548287
4199528925 35101367
1099539834 31759154
1164286759 35881735
3995738085 35448511
1618909727 34181411
1643137507 25458230
2690361547 17938647
1803136558 11831714
1487223710 19522191
2174606947 4008392
1671483977 19044008
3919946316 2950635
2019539691 32967264
1942287123 34220081
1933340432 33299613
2008587595 15659647
1924696630 24547151
2708644308 20668397
4463735079 85257975
1601444905 28775148
4155848810 48314655
1427304410 24870418
1549080313 31647782
2096709165 12508372
3949184707 72120617
1767543851 21370290
3906710546 24170874
2809255237 40860725
1682251808 27541729
2613601858 9536288
1288148157 28165347
1563146619 30743712
1504076009 28589588
4261518236 85626437
1942287123 1242740
2047626160 29369459
1203345646 40610658
4611873038 30034130
1942287123 15381829
2019539691 15233924
4049592915 33445027
2672843504 35791792
4386702946 2495334
4705239031 32766847
1346454998 21695522
2669054852 38270407
2718372436 18384604
1761532200 12455031
4628841361 82101163
1558658031 33298918
4309017123 57879780
1260052577 38386945
1571124120 30369499
4261518236 17120458
1309517696 11339265
4180285703 86017074
2853507005 29880870
3909318944 67695394
1066251678 47458466
2593142691 21706360
1184682637 60724777
4602863316 12224040
4123048255 70664409
1952229457 35066445
1297078966 32120165
1682251808 22960083
1722078356 37216851
1883941688 26088528
1671483977 11227571
4611873038 81423849
1427304410 2063930
971255481 56182484
1214998480 26139482
4157491481 46994122
1788784226 5318906
4413784052 8253303
1996497649 21684284
3013280674 22730303
1601444905 7173153
3909318944 50085175
1104674517 53842875
1465885522 29399523
1203345646 3736901
1099539834 16445565
1099539834 10547067
1716224204 12922456
1948806240 7316211
1996419604 23006379
4626898712 23633375
4521059198 147399
2765667276 16191102
2903919428 26479966
4175661342 34152625
2164383857 12239116
2638680265 22398103
1516815978 6943346
1716224204 5957968
2586646580 1253819
2616798236 32837152
1897780944 34859606
4602863316 69323049
1803136558 23547757
4088583432 2960826
2634517527 39841737
1979464248 664152
2909136789 30973516
2002838357 11948914
2636420392 26184977
2744740763 34260556
4184423918 39921475
4180285703 88147265
2931345579 25865644
4128601478 10950642
1308886328 14490225
2717803258 45142095
4184423918 39575457
1487223710 10459147
2168238627 12582219
2979053963 39659589
2693859291 40798544
1213679134 24388150
2008587595 20843204
4502237148 29695713
1767543851 9421909
1515397216 50373297
4103277067 23696451
2052981819 4912672
1547829511 5226795
1568699597 30863478
1712771199 29789788
1487781844 36123219
3919946316 5677845
1788784226 10761496
4521059198 73761181
1754088812 22203490
4162300010 44537037
1013059853 22353060
1867741023 32214412
1571124120 45413618
3969355049 52775263
1972225049 35761476
1020950746 14605770
986284347 31857374
1549333872 33980283
989907248 9125163
2007105712 5234043
2785597922 12092550
1081191052 17471917
1515397216 42464220
4149614670 24858198
3957888619 87889612
3897625363 65140105
1155864000 16073940
2778710539 40425292
2598295052 7943448
1288387867 27767235
2198993010 7088167
2666159091 38980974
2591034888 4109786
4241578632 53324296
2635732371 22684289
2628399287 6633601
1571124120 25686169
1040256462 63211718
952229186 36773082
2753704991 19372262
2974734652 41971861
4657774761 67255721
2692076300 28421160
1981118097 14409611
1734967140 20206971
1601444905 8540172
1522197922 28261032
1631146624 24793780
1716224204 36934173
1973182719 24444068
1569193913 56345801
1214998480 10830832
1801050337 19954718
2591034888 27347793
4435407235 47494094
4128601478 74589585
2217617823 37525855
2711296687 20515312
1522197922 1398383
1184682637 25886707
2096709165 28604298
1588961661 20739069
4103218921 10047310
2616798236 32208348
988370965 7562306
2974734652 30488655
3919946316 13988822
4157491481 84133183
2711296687 9358210
2931345579 10878854
1979464248 210521
4463735079 77835972
1953216123 25975210
4386702946 12820129
4393516525 23391865
1013698452 53631544
4103277067 70604939
1951170578 34126715
4668555711 19990343
1049597352 13411718
2096709165 30595398
1897780944 4059259
4024957064 51054002
1130416083 46793201
1716224204 25068975
4423112124 24610438
1211879138 4423348
1881228351 3334387
4024957064 58363843
1940938292 36235587
2611774231 35364625
2581218486 22888084
2778710539 5752025
4657774761 12857242
1467411914 26201846
1575651155 2301120
1712771199 12011999
4512346504 5758244
4440976280 10603802
1408570052 58677638
1540942906 30934829
1569206960 36699970
2693771514 17298610
1512120748 34139434
989907248 17466530
2845922244 26650014
1753030315 10663093
1067349687 988822
1509147453 26642692
4311166536 68790130
3970568565 9860550
1516017013 18633255
2048600982 28836215
1996419604 29871622
1479505162 37180969
3013280674 28795193
4250129561 83319713
2864516562 26431833
3969355049 26996826
1798646240 8622316
4327200511 64061686
1109282876 11338327
949704426 15835403
2000835974 37216655
2000062994 33116384
3996886856 84833023
1465885522 56411691
2909136789 10937088
1211879138 18326694
2801723964 32733537
1509147453 21840215
4400442752 62194222
1049597352 23732177
4088583432 70200527
1914165017 10682811
2916473825 29341759
1996497649 25210538
4250129561 162348
2674498533 28065560
1682251808 32458720
1130416083 33906630
4157491481 26108768
2097690217 3115092
2139909796 16904348
4393516525 64985739
1013698452 20082617
1032834396 2606189
2969562123 44903957
2918078522 27112125
2814943241 22849633
1569193913 40039747
1127093633 18715142
2790352592 12573220
1428901067 31559626
1631146624 37759513
1263809234 51480759
1095420527 26807178
2731946106 9720190
1996617079 6240285
2864516562 20910794
3897625363 83359054
4668555711 47726275
2868895187 40042667
3001669605 13359661
1540942906 19461344
1288148157 31959345
2885590745 7942912
1437459066 11825565
2073527604 1566947
2701357520 39250337
4628841361 9981656
4463735079 39961571
2753704991 40419241
1013059853 6085680
1447807357 62834917
4126436517 75513247
4021180771 29626446
2809425252 38613661
2909136789 1485912
1336689730 48759465
1779362617 18912792
1956846718 22168165
2963684768 36971972
2661589206 35488335
4311166536 65169821
1408570052 22090337
4184423918 59834104
1540942906 29334698
4311166536 73894886
1516850063 61878103
4639599240 83622881
1563146619 19987480
4339076762 54730671
1996617079 10556076
1761532200 16334336
2765667276 27735535
1801778744 8014464
1566990005 7280914
1203345646 2800014
4375944527 86329735
1491871924 9693224
1953216123 21733535
1298516191 379459
1608419438 22140006
1669980663 18535405
1102055578 36151055
3973614327 57824309
1588961661 24362865
1891883635 16287687
4108441645 7654535
2007105712 29163178
4668555711 42170224
1487781844 14335355
1288276832 47087254
4393516525 67824451
989907248 55164702
1595216001 11258580
1066251678 30835607
2809425252 39230897
4435407235 55615547
949704426 27837901
2690361547 16722429
1996497649 21347801
1104674517 37630224
986284347 32500001
4108441645 26202232
1267201199 36638044
2001404085 9926631
1514058191 8479617
1588961661 7924619
1211879138 54221566
4169147254 23825210
1104674517 30032367
2635732371 43772473
1669980663 30541564
4423112124 11336940
4175661342 25103875
2000835974 8725945
2668145560 41862493
1801778744 1984642
3970568565 45383523
2611774231 35571429
4241578632 53138667
1288387867 38622394
1981118097 23129000
4368182054 3534959
1985137917 16459380
1540942906 17114616
2753704991 978982
1535468599 55973979
2819263696 10364914
1802535929 35975299
3855800720 61180824
3009266190 6750128
1549333872 20240936
1671483977 15954037
1066251678 62410157
1712771199 23577066
4555918262 47469138
1859809272 4201452
2139909796 18804246
1408570052 3772735
2661589206 21837019
4153065463 66055828
2916473825 21518267
4343684944 76618209
2968920253 39473608
2656130235 903866
2926112197 17846421
2661589206 10740992
1531736590 5812306
2638680265 1451874
4024957064 48695232
1492190643 15588272
2711296687 42165687
4705239031 54378322
2188822667 29016752
4309017123 7566474
1750883515 36466492
1669980663 12445627
2611774231 30045247
2903919428 3021209
1750883515 14887280
3996886856 54223391
2218647696 22155974
4657774761 38485066
2009433492 13387723
2731946106 3133599
1802535929 3633934
4123048255 21801553
3909318944 10745453
4423112124 38409871
1583532417 19280848
1164286759 23389817
1669980663 20020245
1336689730 27964128
4386702946 17672078
1689452404 5796276
1095420527 60403839
4311166536 62819529
1601444905 22453208
2885590745 18483368
2134518198 11866177
2885590745 11204563
2628399287 22269079
2139909796 17936285
1595669041 33583609
1860982754 35721344
1951170578 33422424
2829580162 342022
1867741023 9218639
1465885522 9907037
1942287123 17316767
4199528925 35018696
1801778744 16238666
989907248 43416596
1427304410 7496949
4558851443 5150341
4521059198 4271593
2593142691 17262855
1996617079 23099580
1801050337 20037605
2212828325 36321669
1592333111 26967577
2217617823 30013305
4423112124 51487850
1130416083 16253887
4423112124 49327433
4611873038 62174930
2000062994 16568157
4252194829 82010670
1155864000 3053426
2707973184 42363200
2819263696 13603979
1545243028 8813523
1767543851 22171980
1522197922 43939837
1596992274 35220835
1099539834 3310933
4576100277 88837950
1297078966 26040196
1569193913 42263922
1713452773 19693679
2707973184 36208490
1263809234 29755725
4208805926 69389972
2909136789 4919960
1099539834 39678294
2683313868 32072724
2974734652 27773378
1924696630 37510071
1771787224 794827
4199528925 16281323
1492190643 2602118
1213679134 61425153
1722078356 9247551
2008587595 21311589
4180285703 31609450
1716224204 13738335
4440976280 3880988
1549333872 35091682
1088497253 25733408
1705804632 3222496
1081191052 57235226
4576100277 87158714
4628841361 81404767
2139909796 371047
2753704991 23962885
1040256462 65014489
4149614670 51582364
1504076009 23904100
1618909727 3256908
1516017013 16069175
1391693173 687288
1734967140 16773627
1164286759 28020908
2206721403 35087919
4521059198 21999869
1952229457 26553265
2656130235 7368273
4153065463 42126105
1391693173 53813963
2674920140 23777941
1750883515 21503477
2223524898 6006705
1911523411 10621120
1913503669 13442298
1618909727 31115385
1860460598 21343290
1308041824 22237974
3013800211 12729168
1022917040 1889043
3001669605 18770889
1203345646 14112294
1595216001 6432518
4611873038 68516764
2706083660 38768981
2785597922 15624573
2778710539 21970730
2814943241 36900434
2706083660 5233710
1297078966 48413467
1332608677 11497433
2111826299 4100064
951873477 45660658
1094308597 24207125
1088497253 61276604
1734967140 35447792
1996497649 14939237
1492190643 51597342
1102055578 24683800
1891913041 32055666
2188822667 11777182
4611873038 42925327
3969355049 88357929
4502237148 77129602
4108441645 61963535
1788784226 32136394
2088252737 24201223
2693771514 30276442
1540942906 21385744
1549333872 27114782
4343684944 5489148
1765715876 8433792
1618909727 6457374
2706083660 11445160
971255481 19530228
1013698452 59284738
4327200511 21343846
1288148157 11881155
1797307363 17567428
1629159050 4538825
1973182719 17281126
1285375231 35735962
3001669605 22014800
4440976280 51088350
1975918785 23869808
2635555529 27832877
1771787224 27330520
2000062994 34728547
1725547939 15966025
4576100277 50922409
1164286759 52392849
1020950746 56883367
1948806240 5376267
1428901067 37653433
4558851443 65321615
1094308597 65390651
2919903236 5423150
2901498294 30408104
2008587595 32112654
4252194829 60050901
986284347 4303963
2706083660 33983959
2809255237 33685713
2168238627 15426706
2731946106 29697272
1773073834 33998918
1761532200 18902307
2669054852 27939666
1509147453 24206381
3897625363 49076784
2790352592 8135506
1288276832 48516383
4435407235 73317223
2826890099 32776555
1516850063 8967873
1689452404 25925807
1487781844 36809806
3973614327 22083267
2611774231 7105538
1130416083 30385368
2674498533 10910022
1308041824 37058911
1478711762 37468048
2168238627 14429123
1689452404 14163001
4208805926 26076060
4552454596 83627066
1040256462 36819341
4116794664 2004375
1057912575 45275410
3884275404 1622801
1465885522 35030201
1215080831 35717596
2931345579 25720848
2593142691 5034448
1288148157 21266091
1688434363 17656817
1531736590 37039273
2212828325 16107472
1491871924 8654613
1671483977 35249331
1427304410 14883804
2790352592 41724800
4241578632 49203569
1067349687 60346195
1545243028 2136615
1099539834 56126506
1860982754 28221765
4576100277 16981296
2627677713 3923477
1514058191 11340514
1013698452 19854263
4241578632 50596330
1577416486 46539515
2790352592 13277005
1516017013 34610602
4126092565 83625065
1066251678 20548779
1883941688 17982354
1245010876 39109839
2772701263 43845639
1547829511 36062108
2772701263 24796381
1088497253 21790309
1657985226 8202788
1596992274 58360947
2188822667 3731177
1563146619 31476135
2819263696 12027006
2635555529 14798232
1722078356 25912381
1767543851 544709
1862955109 28802370
2675957584 1515589
3001669605 43970247
1996419604 29195681
1020950746 47859704
1643137507 1404798
1788784226 33413937
4103218921 67039732
1897660734 15863666
4088583432 15098423
1716224204 4257866
1577416486 19790035
2000835974 27123916
1912458937 14717998
2168238627 26690347
2159373005 30107366
2168238627 36903198
1862955109 7365005
3970568565 25601518
4199528925 13629271
1480547386 36013773
4103218921 89069459
1750883515 26240091
1618909727 1946799
1598247784 38318249
1737926174 34915934
4628841361 41074496
1859809272 10439226
1013059853 43310674
1109282876 41592741
2613601858 31519126
4261518236 42866623
3884275404 65272673
1487223710 45801731
4576100277 28506990
3996886856 86230104
1975918785 20587399
1215080831 46651793
4521059198 24463173
1712190494 29258572
1996617079 25692416
2815413005 40483870
1771787224 26811529
1713452773 32460679
1267201199 42019945
1589657789 48234771
1487781844 21600483
1788784226 966729
1595669041 12328297
1549080313 9637631
2748032126 40698233
2217617823 32458416
1288387867 53793560
1408570052 14819642
1332608677 62336435
1127093633 49022680
2076576927 20263404
4639599240 37239963
3009266190 1140712
1127093633 12933808
4521059198 14809361
1067349687 13664965
3906710546 6933761
1102055578 56325702
1985137917 15316407
1972225049 30225764
2666159091 24736402
2674498533 39091772
1753030315 33271552
2658172975 40989311
1952229457 16107210
2968920253 544853
4049592915 24078384
4208805926 85044447
2952447061 40671809
4340524511 40568683
2638680265 11410138
2785597922 12882680
2073527604 17297693
2047626160 13800514
4180285703 59334396
1682251808 8601143
1184682637 35672267
2141244011 20076502
3001669605 21640348
3919946316 7638145
4116794664 50443177
2631500951 38925485
2019539691 34532135
4155848810 99753
2073527604 25369746
1798646240 7580147
986284347 23367342
971255481 14246876
1897660734 12279610
1535468599 21683970
1522197922 19016220
2096709165 2661447
3996886856 49956404
2674498533 15966169
2076576927 13326907
4400442752 1597954
1765715876 1897900
1761532200 16200889
1981118097 6221423
2217617823 28790033
1465885522 62149677
1996497649 5738500
1458772581 32645047
2931345579 22711538
1032834396 6934789
2819263696 207400
1788784226 24646008
1309517696 12120831
2815413005 23695032
1231055276 11905156
2041372237 23894225
2586646580 26585078
1057912575 4559093
4311166536 59061322
2658172975 43287480
2664261882 5947977
1761532200 9245333
2968920253 18106593
1267201199 56615351
1509147453 16579682
1512120748 56605048
1022917040 6474995
4589679645 4691701
2829580162 1025870
2047626160 23614386
2706083660 41812625
1032834396 8808134
2044132850 3266548
2815413005 23308204
1509147453 33704760
1013698452 55160271
3948139636 58962253
1391693173 33255492
2206721403 4103350
1066251678 35861339
3855800720 35708435
1453619225 50022616
1979464248 7151594
1924696630 12198228
1765715876 18098254
1801050337 7392737
3009266190 38368769
1549333872 25625443
2007105712 36275256
1020950746 16647233
1211879138 58237248
2814943241 2027408
4435407235 5585075
1618909727 25146785
4108441645 16660536
3949184707 65949681
1753030315 31994590
1566990005 37885819
1716224204 7084668
1970482381 13150613
2586646580 37036127
3909318944 70346092
4108441645 40478446
1540942906 7491960
1203345646 23483123
3969355049 80873046
1479505162 31248696
1691188432 16990755
1712771199 21704220
4157491481 73290755
1104674517 40728946
3969355049 3550791
1750883515 6026393
3013280674 20082931
4128601478 15557091
1669980663 1709631
1088497253 55519324
2916473825 13300236
1571124120 18227067
4463735079 39455738
2804959787 24988587
3970568565 82101867
1453619225 31948888
1288276832 33305189
3969355049 67737088
4512346504 11562515
1516815978 16537958
1479505162 3441972
1952229457 1050928
2048600982 13362219
4123048255 46645942
2772852013 21339416
4375944527 74354294
3855800720 63499276
4088583432 5237895
4061931334 54441786
1981118097 7520208
2635555529 11678537
2088252737 1723080
4245387915 51039864
2007105712 20062669
4400442752 31702455
4368182054 20122398
2002838357 1287593
1750883515 18064363
3025775895 4826115
4463735079 20566167
1737926174 24132940
4252194829 46308249
1428901067 53418920
1213679134 42804339
2717803258 39795568
2918078522 1528632
1859809272 7835719
1767543851 23251341
2882922139 24830573
4368182054 23981685
1215080831 19705197
1773073834 25422196
1549333872 23600571
2658172975 30459648
1130416083 54596265
1516017013 306069
3995738085 71652115
2007105712 25969983
1641452839 10352410
1734967140 34473565
1592333111 31496526
2139909796 19899913
1203345646 56543534
1725547939 1212782
1066251678 47419281
2635555529 41918178
1049597352 63447047
2188822667 24693823
1689452404 6277574
2674498533 13862238
1682251808 33702236
1911523411 15030442
989907248 14454299
2885590745 46285
4090444500 87142094
2903919428 23079306
1467411914 15098686
1164286759 39903748
4463735079 60585944
2979053963 6949353
1512120748 51071932
2926112197 9051074
4041342653 24605833
1881228351 558283
2008587595 32748627
1215080831 17615141
3013800211 12082742
2001404085 27619547
1492190643 5942475
4128601478 62989646
4502237148 77745781
2141244011 36814648
2711296687 1774984
1547829511 35943280
2108830069 1482172
2916473825 14954567
1013698452 45773722
1802535929 25856131
4657774761 20658963
1549333872 22670278
3906710546 41351309
1267201199 49803510
4340524511 54155358
1336689730 27662062
1453619225 33902013
1032834396 30986177
2008587595 11334224
1608419438 34996648
4423112124 10584334
2041372237 21884468
4250129561 63145673
4126092565 11447445
3949184707 50274873
1127093633 27343491
1020950746 23949416
2931345579 6797335
1487781844 835331
2041372237 27454191
2000835974 25396631
4205050503 13101961
2804959787 4293183
1458772581 8108237
1996497649 1393756
2217617823 130588
1130416083 21284728
4250129561 48985038
1754088812 19348114
1332608677 8069309
1987960729 27824638
1531736590 4965556
2627677713 32280279
2708644308 33704897
1595669041 25914614
1595669041 7081738
2628399287 20195034
3957888619 45011023
1095420527 39131851
2668145560 12643534
4157491481 67297424
1099539834 51005462
1951170578 19639265
2672843504 23002524
2853507005 25340768
2108830069 2671067
1365322505 40827295
1346454998 16211311
1975918785 30974222
4611873038 11887410
1750883515 17003323
2864516562 19138211
1881228351 33960437
4024957064 76765245
4103277067 1524157
4368182054 63649675
1767543851 4057164
4245387915 35608835
4435407235 57156276
2635732371 20539321
2674498533 35505839
952229186 57877226
2044132850 10550389
1540942906 13880150
2613601858 32377867
2772852013 32524268
2826890099 38084281
1032834396 42386977
2901498294 41532101
1568699597 30359306
1712771199 11212601
1155864000 63166089
2028462348 31759445
2882922139 22166524
2207991462 27719967
1595669041 6391455
4400442752 2154428
1981118097 27401604
1285375231 20917221
1891883635 19160616
1231055276 48979827
4024957064 63464340
4589679645 31166154
3996886856 22477229
1308041824 28661638
1595216001 31965636
2218647696 29971830
1185059770 61675801
4611873038 20662323
2174606947 14213997
4657774761 61747233
1641452839 21415361
1948806240 25440346
3013280674 34488667
971255481 27580578
4668555711 43640247
1951170578 151476
1754088812 5019644
1571124120 5560705
4435407235 49505600
3919946316 39584396
2198993010 20600053
1104674517 13156413
1102055578 17918706
1491871924 532104
1516017013 6061528
1067349687 32827591
1987960729 15431355
989907248 39948028
1750883515 2572378
1767543851 36512614
1480547386 30900858
1996419604 5832248
1765715876 33902437
4521059198 34847937
989907248 54260322
4149614670 74193060
1263809234 11051570
3897625363 15604808
2963684768 9115334
1625341826 30393000
1049597352 22712145
971255481 18456526
1472081091 31614210
1203345646 47686902
1215080831 16257274
1608419438 9649641
1568699597 4337691
2658172975 12881392
4261518236 55149126
4180285703 7305800
4327200511 82882279
3996886856 59702528
1453619225 11869185
1682251808 25120268
4657774761 34089615
1203345646 57473551
2692076300 8424980
3009266190 2161510
4061931334 11280893
1067349687 35595808
4423112124 80594299
2198993010 32053987
1712190494 22424357
1716224204 2296398
2901498294 12660270
2636420392 32832750
2076576927 31991114
2753704991 17925231
4123048255 48437035
2809425252 37670206
1540942906 31765517
1682251808 22722111
2047626160 11537407
4033371655 7607610
1260052577 53109342
1643137507 39054
4180285703 72267411
2635555529 1623428
2700408388 40046408
2669054852 7340776
1032834396 56619988
2703400399 31644299
1512120748 45251281
1592333111 13478458
2095809627 33018520
1549080313 3925148
2052981819 6726377
1643137507 24748738
1467411914 8632784
1298516191 31930282
2198993010 27484144
2206721403 7887776
2752394454 34078294
1491871924 22274536
1801778744 26659298
1566990005 1815512
1391693173 35870440
1625341826 1586421
1754088812 28828312
2111826299 14230303
2683313868 42347262
4387339264 58879529
1478711762 24933363
1750883515 22009857
1671483977 33110791
2188822667 23058483
1569193913 33420684
2829580162 16911367
1689452404 104349
4339076762 9456113
4521059198 52977158
4088583432 38197890
4386702946 80948536
1547829511 315544
2007105712 2980732
1308041824 2336382
1164286759 55994820
1130416083 64839632
4375944527 3325
2751515251 14339368
4611873038 57921881
1773073834 1056120
2667774657 14882422
4175661342 39632123
2002838357 20682860
4149614670 40264281
1801778744 29002275
1066251678 16585716
1566990005 1720726
1883941688 15616295
4368182054 66670655
1734967140 12291064
1801050337 11335921
1569193913 2596499
4175661342 2909000
2164383857 15039031
2164383857 23791354
1203345646 28673189
3970568565 49714699
1608419438 17650173
2926112197 15273059
1860982754 23511909
3009266190 23800485
4049592915 14290464
1722078356 20222508
1595669041 12501565
4153065463 59267562
4208805926 43226414
1801778744 16750394
1566990005 22660603
4311166536 2103144
2000835974 18261661
2591034888 3133675
4668555711 35431941
3995942677 41385700
1737926174 19222591
3919946316 26334620
1860982754 2681268
1088497253 21366959
1691188432 4708107
1689452404 31481720
4558851443 9228839
3884275404 73503267
4576100277 14556683
1859809272 3592198
2667774657 29104011
1516815978 527259
2916473825 44365916
988370965 49696960
1088497253 40905896
1618909727 1652108
2581218486 41927916
4033371655 33792349
1860982754 29557536
1912458937 7468050
1398829669 35617261
1933340432 17811304
3884275404 35748484
1569193913 39236883
4668555711 43151101
2000062994 6943829
1771787224 11881454
1608419438 14612579
4339076762 20865907
1595669041 13632351
1032834396 41479277
1190101853 39501188
1040256462 59593069
2919903236 20049999
2635555529 324970
2628399287 24148459
2006901643 8739314
2188822667 22016618
2000062994 28038894
1020950746 64158717
1933340432 15013255
4639599240 39743811
1067349687 5744442
4116794664 43363758
1881228351 15412563
1773073834 15672655
4252194829 50094894
1566990005 10044034
1948806240 9130547
2664261882 5540391
1682251808 24393442
2919903236 8627382
1288387867 40587634
2019539691 26675710
1298516191 47935843
2111826299 31415188
1985137917 17520792
2207991462 4631124
4169147254 49603004
2931345579 36626965
1104674517 38703039
4184423918 10536518
2041372237 8434176
1571124120 27842221
3013800211 27717016
3001669605 7863624
4463735079 33339880
2613601858 17079227
1712190494 20080781
1127093633 21248558
1516017013 27758804
4435407235 25417256
4368182054 89064690
2218647696 10103466
1516017013 17911555
4400442752 15997835
2903919428 4038251
1973182719 7724126
1765715876 15882437
1298516191 51331622
1595216001 13970209
4375944527 25758069
2073527604 7316633
1563146619 3106979
1867741023 20065615
2000062994 24506446
1583532417 24902385
4705239031 17017141
4413784052 33347897
4108441645 72298487
1797307363 36338548
1408570052 1470218
2656130235 11972787
1516850063 62191520
4512346504 28917014
1891913041 3991196
4339076762 47771569
4245387915 80645549
4126436517 70126233
2853507005 18731516
4555918262 26714328
4400442752 72873128
4611873038 40746456
4245387915 78274389
1437459066 25785402
2584819746 2272170
4400442752 19478923
3995738085 41218232
4241578632 82338578
1516850063 51276651
1203345646 8056599
1595216001 18640638
4339076762 57342209
1487781844 22625475
4205050503 10195644
2909136789 6051025
2613601858 19733266
1095420527 57207621
4103277067 47114553
1631146624 20302145
4668555711 33546835
4208805926 69573551
1773073834 28581919
1453619225 29231714
2108830069 5505053
1538028927 37246793
1682251808 1399574
1773073834 36924260
1862955109 35808348
4088583432 63862251
3909318944 79957596
2593142691 2696390
1737926174 27590152
3909318944 24694818
1427304410 17195435
2701357520 38172103
2882922139 1936719
2000062994 3049044
4368182054 81139087
4128601478 67949728
2164383857 33619117
2819263696 41327665
4311166536 56792397
1624835280 24613931
2041372237 17462297
4116794664 58084207
2815413005 9535161
1596992274 14409595
3957888619 25980333
2668145560 10705013
1716224204 6181093
4061931334 36029573
1043028948 51454244
2674920140 16743440
1973182719 20845978
1547829511 939889
1487223710 21619526
1563146619 37425350
1088497253 32553623
2041372237 13919679
1203345646 22073856
1509147453 2637202
2008587595 15817359
1622402665 1881254
4705239031 79117501
2909136789 36926047
1571124120 63259412
1767543851 17853613
4041342653 30394786
3970568565 55240024
1712771199 13841724
1754088812 18353197
2864516562 36783509
2968920253 43129848
2918078522 3262194
1595216001 14003018
2627677713 24429229
3906710546 73965503
1767543851 13988125
1596992274 64126593
2706083660 21441522
2001404085 35599821
1487223710 40660881
2223524898 6654890
2918078522 40391762
3009266190 42533125
4126436517 16567275
1408570052 9102810
2819979750 29138127
1802535929 36135263
3970568565 71414793
4327200511 78374824
2111826299 24474315
2708644308 7437800
2088252737 1079771
1788784226 10565545
1207097340 52264265
2139909796 9746003
2765667276 1826910
2664261882 2314405
1472081091 13806991
4311166536 27251701
1408570052 3400384
1568699597 30975409
1897660734 34346517
1472081091 7293955
2188822667 34070187
1022917040 16158938
4628841361 7062479
2052981819 2446243
2669054852 28959450
2002838357 6089182
1535468599 23178939
2693771514 41525533
1798646240 36025002
3013280674 34064662
4205050503 62166393
4311166536 23472869
1013059853 59881414
4327200511 81139193
4558851443 61394175
3897625363 47326139
1215080831 47392498
1288387867 38984338
2778710539 5217680
1860460598 12795629
2088252737 14121871
4343684944 80694231
1516017013 13787269
2707973184 30964194
1725547939 28933221
4558851443 2861363
2007105712 22187593
2073527604 19884470
4126436517 5016526
1088497253 4462726
989907248 64877260
1260052577 61945565
952229186 2881201
1588961661 20535793
3919946316 82983369
1479505162 28279182
1862955109 25531846
4180285703 43949187
2708644308 11168571
1020950746 17194368
1215080831 48122861
1512120748 334618
4241578632 21992443
1540942906 1390437
2909136789 40713434
4162300010 18083955
1547829511 28387871
1020950746 50074744
1049597352 21056073
2598295052 28129721
4108441645 30000701
3025775895 12288058
4245387915 70174366
4061931334 36897556
4602863316 41426511
4602863316 78726284
1467411914 30881619
4512346504 85074707
1288276832 48119530
1767543851 26399346
4387339264 77016562
1973182719 18640810
4149614670 35161399
1479505162 28838616
1802535929 19852313
1569206960 10105626
3009266190 26612418
2717803258 15415761
2718372436 8076549
2672843504 25392840
1109282876 35105555
1260052577 46231851
1472081091 49315017
2809255237 43660645
1203345646 64574945
2868895187 5504867
2598295052 12257880
4639599240 39468688
1713452773 24741492
1491871924 2070300
2016479894 23930634
2168238627 25592545
1514058191 12738537
1398829669 48625727
1765715876 28599366
1722078356 20339341
1308886328 63447615
1478711762 13047732
986284347 62575855
1979464248 14516221
1750883515 7874116
1691188432 5456920
1437459066 13484417
1973182719 35198115
1515397216 1783916
4576100277 77273336
1891883635 14453246
1184682637 57322292
2765667276 8977850
2044132850 20164530
4169147254 87891597
2692076300 20962463
1566990005 36708405
2052981819 7106133
2707973184 25941291
1566990005 26687627
4162300010 11044563
1427304410 15704384
2790352592 33527158
1558658031 21202194
4339076762 41677235
2674498533 25229195
1447807357 5642082
4387339264 81829867
2008587595 25222058
4463735079 69342115
2868895187 9584019
2656130235 34787395
1643137507 36503862
2772852013 6581178
2164383857 36179132
1568699597 7580643
1487223710 60706923
1297078966 40648447
1750967851 32022559
2656130235 13628355
3957888619 16581894
2751515251 8550993
1057912575 16172043
4252194829 15143413
2088252737 26113925
4123048255 18904751
1985137917 15243035
2707973184 39787448
1912458937 561047
4502237148 50869108
4116794664 72702430
1682251808 14779888
3897625363 20227470
3855800720 47668054
1753030315 27481544
1953216123 4573638
1480547386 18615551
2819263696 40469847
3995942677 32896330
2207991462 29003474
3025775895 42550657
2708644308 30340190
1288148157 30038846
1492190643 31333423
2916473825 7736109
1981118097 29309062
1981118097 29200468
1618909727 29485357
4149614670 26305469
1514058191 6054840
3973614327 37517821
2718372436 41292956
4423112124 53507968
2753704991 9519669
2586646580 3521366
1987960729 16643169
2028462348 21109606
1734967140 4724113
3014245032 21784024
1761532200 29839292
1669980663 6932348
1020950746 51626226
2683313868 7047455
1066251678 15894686
1398829669 24568065
1491871924 21100422
1691188432 24445085
1773073834 18848913
3884275404 43622469
2868895187 15640486
1088497253 59926971
4049592915 41230606
4033371655 5510094
1913503669 9514188
1767543851 14280309
1737926174 12117283
1737926174 20905756
1531736590 8091722
1779362617 21255019
2097690217 24460794
3884275404 63177260
1798646240 36934475
1973182719 25607747
1860460598 29406678
1734967140 12156533
2217617823 22323861
2751515251 24371061
2749018903 7610778
3973614327 86125149
1480547386 19592601
3855800720 75611061
2139909796 30793298
2675957584 23727623
1285375231 10876882
1549333872 29056673
1408570052 35892111
1569193913 14818671
2212828325 28132807
1127093633 4381937
3014245032 31550350
1575651155 7276486
2840016092 522453
1066251678 9811984
1487223710 16434919
2979053963 34827480
1032834396 26219208
1515397216 29699885
1712771199 18969393
1589657789 6302625
1996617079 11796031
4199528925 47836803
1737926174 11897242
1514058191 16878644
3909318944 80060009
2198993010 29658149
2009433492 33711831
1066251678 52027798
4103218921 20793248
1102055578 52639909
1531736590 12517628
4252194829 67014345
1753030315 12759912
1750883515 6644636
4705239031 48656234
1601444905 14629867
1761532200 34907928
2814943241 37920830
1545243028 15089908
2815413005 43726979
1753030315 20773205
4311166536 84195963
1973182719 14695990
1779362617 35986839
4157491481 85608560
2772004287 19111124
1897660734 4539195
1883941688 16618772
2635732371 17049848
1514058191 26382555
4126436517 13725884
1453619225 58823713
4205050503 53371329
1890187909 21554820
1716224204 18816116
4261518236 52389711
4387339264 46441366
4639599240 64765746
1522197922 37161738
2198993010 3530754
1549080313 8578865
1130416083 57291598
1215080831 47892991
2819979750 23072232
1940938292 1869141
1571124120 28990047
4205050503 7388746
3009266190 5181196
1308041824 45797113
1491871924 29609724
4311166536 2996345
4435407235 13427652
2778710539 24313645
2772852013 5788141
2804959787 19108786
4611873038 5496292
2804959787 41396472
4387339264 18673699
2718372436 17430547
2918078522 39925140
2164383857 36730058
1453619225 55561776
1952229457 18075087
4611873038 29203523
2693859291 31528112
4463735079 12697828
1346454998 59767611
1545243028 29039045
989907248 21909338
2717803258 19760957
1725547939 14571789
4705239031 24565981
1487781844 34208594
4311166536 71297972
1566990005 38223318
4252194829 77597440
1942287123 8976800
1798646240 28613236
1596992274 5423127
1492190643 5750774
3995942677 7567015
1595669041 20896273
1797307363 13478246
1891883635 20331640
4208805926 3946748
1566990005 27724001
1453619225 17879142
4309017123 46300616
1067349687 30989701
4393516525 26542516
1671483977 10395888
4413784052 61647139
1890187909 6154059
1549333872 2202720
1398829669 51361099
1867741023 20971033
2139909796 12325887
4108441645 10943712
2168238627 23640157
1803136558 6371012
1547829511 2296722
1773073834 26884798
4387339264 81624451
1643137507 27214578
2002838357 12672765
3025775895 13435042
2752394454 35824813
1595216001 6970257
1767543851 10199877
3897625363 13658389
4558851443 83000986
2159373005 8051769
2634517527 16778187
1538028927 30427541
2016479894 17529632
2700408388 33045404
2668145560 23209789
1516815978 26552477
1558658031 9243918
1914165017 20805111
1595669041 19916732
1040256462 29967609
1365322505 9003027
2188822667 35182799
1190101853 65101786
2188822667 10731277
1897660734 16962017
1798646240 1507268
2174606947 35777731
2596465594 30281334
4126092565 24964996
1948806240 31678206
1712771199 21473890
1569206960 16558619
1960950388 23441200
4602863316 46017304
1504076009 31590083
1535468599 42000306
2909136789 36390602
4435407235 75372586
3855800720 15535294
2909136789 28200394
1713452773 32256052
4423112124 15005762
4157491481 4176322
4175661342 81640731
1213679134 53388254
1013698452 54537006
1940938292 465687
1346454998 50687059
4463735079 31307663
1592333111 9275205
1625341826 35147111
2048600982 32008477
2638680265 39225312
4327200511 38439385
4309017123 88147935
2028462348 23021731
1102055578 37256582
4558851443 33753492
951873477 39531935
2751515251 10475640
4413784052 75663554
2006901643 35537188
1996419604 3174282
1478711762 4848830
1095420527 22601637
4309017123 63240141
1883941688 28480617
2701357520 39182636
1671483977 29629755
2661589206 2660026
4241578632 36243249
1190101853 50646613
1569193913 2266065
3970568565 66508077
2097690217 12260204
1487223710 54644106
1891913041 5470634
2675957584 26181796
1203345646 39652147
4668555711 33165149
1948806240 21220912
1504076009 21851851
1860460598 36918033
1102055578 53010860
2164383857 571636
1203345646 24216947
2809255237 17441094
1545243028 21306148
1631146624 35295481
2048600982 25467794
1538028927 8677050
1641452839 4827998
4602863316 78743706
2656130235 3913816
4169147254 20854172
1081191052 37378811
952229186 18190323
1725547939 38599
1956846718 13589300
1801778744 30008141
1881228351 34404039
2593142691 40944055
1897780944 20612049
3013280674 16753019
1588961661 31248014
2044132850 17895886
1214998480 7445567
1549333872 25232495
2968920253 12922810
1298516191 64700766
2708644308 116243
1022917040 16675932
4184423918 8294779
2134518198 32457841
4602863316 50312632
4184423918 51221713
1618909727 23659715
1773073834 5552519
2845922244 5855207
4126436517 2115665
3909318944 34616746
2212828325 32177880
1185059770 40860527
4558851443 38446071
1577416486 62047487
1491871924 23152735
2826890099 24288316
1750883515 19215491
1860460598 153003
3995738085 34433492
1102055578 24626679
2593142691 39009736
1522197922 1653486
1013698452 40134298
3013800211 2075742
1734967140 34344287
2765667276 31966924
2001404085 16676457
1453619225 35734452
1214998480 42203431
1213679134 35427890
1267201199 4613532
4463735079 83510090
2916473825 19590854
4180285703 45248853
1705804632 26866025
1596992274 31498924
1346454998 24168834
2829580162 35629014
4024957064 41171238
2206721403 6447108
2658172975 14467610
1897660734 6215287
1309517696 32599269
2853507005 19260839
1288387867 41797811
2752394454 32021156
1779362617 32667352
1095420527 54684266
4155848810 36958062
1985703555 17253281
1596992274 4168960
2749018903 8134103
1214998480 14153107
1428901067 27647554
1516815978 12693435
2751515251 43304244
1127093633 56338784
2096709165 28304623
2708644308 35040662
1190101853 11343802
4245387915 21206727
4555918262 78180791
2616798236 24021029
1798646240 33221182
4375944527 14374404
1803136558 15945625
1516850063 55036805
2088252737 25514929
1860982754 37315024
1492190643 26453205
1979464248 24193652
989907248 34617142
1263809234 5359778
1571124120 21189359
1625341826 13417996
951873477 32468700
1972225049 14585532
2974734652 12492477
1924696630 32790018
3884275404 52716476
3995738085 65216761
2097690217 22153958
3957888619 74456952
2134518198 13645936
2744740763 18811294
1803136558 34412825
4309017123 44230412
1465885522 24669752
1512120748 7690896
2744740763 1285755
2674498533 7857759
1583532417 37609279
2198993010 21354301
4589679645 36457548
3995942677 71587475
2636420392 28140770
1914165017 20739165
1491871924 20357849
1109282876 57255256
1516850063 35384619
2159373005 30465887
4558851443 8233980
2174606947 18378045
1245010876 16030298
3013280674 39414407
2819979750 21524122
2016479894 23748245
2672843504 34821536
1545243028 30455271
1643137507 11349272
2001404085 31493207
2693771514 43551790
1571124120 39399733
1516815978 31634885
4180285703 27051034
2785597922 22838084
1753030315 30605980
2801723964 20570964
2661589206 4295639
2174606947 20302979
2664261882 43715557
1753030315 35363072
1641452839 15849060
4589679645 82894385
2708644308 27566737
1788784226 10592834
1951170578 25798421
1563146619 21538684
1713452773 27595981
2636420392 21155534
2753704991 14775526
2656130235 16383448
1509147453 9144617
1215080831 7007122
4309017123 30032611
4311166536 85821611
4175661342 1711443
4463735079 27046263
2772004287 13385159
1207097340 35575357
2969562123 36259797
2134518198 26781104
1942287123 3511438
1767543851 32627765
1608419438 3281982
3001669605 18482979
2613601858 44267485
1753030315 21630885
2095809627 35106306
2674498533 7937289
1465885522 61636674
2885590745 2224279
2006901643 25837070
1472081091 39671945
3009266190 42448033
1951170578 23557288
1608419438 7875725
1625341826 19694539
986284347 16639932
2744740763 17205804
2000062994 31642348
1583532417 32314948
1032834396 8417072
3973614327 6633018
2596465594 35458157
1214998480 65157559
2885590745 5946449
4180285703 2139832
1734967140 3097931
2634517527 42828498
1472081091 33046870
2097690217 14971089
1213679134 9605127
2048600982 7778328
1127093633 202653
4552454596 32016477
1516850063 50572130
1601444905 2075399
1952229457 25573886
2826890099 8398980
4435407235 5336537
4090444500 3802321
4250129561 41894881
2591034888 8746398
2668145560 19626551
1203345646 39057348
4602863316 2683353
1515397216 291690
1516850063 1695112
3014245032 17566155
2207991462 5618802
3949184707 18499509
2668145560 34174156
1622402665 10737889
1588961661 13976736
2007105712 6948940
1802535929 25941642
1595669041 2333487
1487781844 18282144
2669054852 20221493
4103218921 74782150
2693771514 10068213
3909318944 74572432
1491871924 2892719
1504076009 21932486
1568699597 58179496
4157491481 3890190
4555918262 34563588
1032834396 42430649
2918078522 31590327
1933340432 9222211
4033371655 6499784
2628399287 10954684
1798646240 5180292
1240222844 48779514
2095809627 441293
4309017123 75093195
2718372436 17420883
1595669041 21965254
1391693173 20201249
1391693173 61347878
1465885522 41573053
4555918262 48252100
4061931334 30459548
2000062994 12654123
1109282876 23994259
1346454998 8738173
2804959787 1963440
4088583432 54060134
1890187909 19472945
2809425252 8584822
2223524898 268476
1211879138 64737240
4602863316 2072382
3906710546 33355128
1598247784 21321134
1516850063 36591718
3009266190 40778819
2815413005 15494839
2772004287 37598503
1288276832 48395603
4169147254 31736292
1491871924 24933027
4184423918 29874934
3009266190 5970942
2903919428 30724241
1522197922 55305011
1487223710 21320377
2111826299 26869281
4175661342 17395237
1509147453 30232397
1549333872 1270402
3957888619 13919268
2159373005 26280996
1596992274 61511201
4261518236 43641646
2019539691 15975310
1625341826 12791090
4552454596 3355622
1569206960 33268560
2596465594 9579739
1164286759 54929272
4162300010 54800773
1094308597 27861738
1883941688 16843936
2076576927 6887953
2661589206 4935347
1801050337 27496670
4208805926 41686654
1458772581 22120457
1858745336 26003177
1514058191 2897576
1608419438 16740878
4423112124 3593964
1487781844 30692283
2919903236 11903401
1750883515 21138866
3014245032 41559019
4241578632 71043832
1595216001 29177309
1575651155 36257364
3970568565 43800576
2903919428 25734815
4155848810 55711807
1213679134 10488785
2598295052 23989839
1788784226 18819048
1750883515 17978193
4169147254 3676487
1773073834 33549802
4180285703 49798561
1712771199 20155793
4413784052 15087781
2667774657 14266320
1013698452 44619690
1427304410 29570039
2674498533 1686511
2635732371 205078
1260052577 39809658
1308886328 25004011
1734967140 14513002
1185059770 39615049
3995942677 53585567
2801723964 10716801
1211879138 24257716
4108441645 69963919
1979464248 7305289
1081191052 47520901
2819263696 21061678
2840016092 12734916
2883915901 6359452
3013800211 9639132
1952229457 31794067
2000835974 15966531
2732599963 43053761
3973152431 85143867
1040256462 22071053
2097690217 20391120
3995942677 86731086
4157491481 14927038
1514058191 30439964
2073527604 25764195
1897660734 7581705
1858745336 17920499
2627677713 29996443
2809425252 18007455
2815413005 585641
3013280674 6610586
4311166536 92702
1797307363 8206064
1437459066 36245876
2028462348 25303454
2096709165 3377476
2718372436 27000105
1689452404 544395
4463735079 62852405
1566990005 20192832
1428901067 5383730
1453619225 9280036
1996497649 34393072
986284347 43807000
2627677713 32011712
949704426 62062227
1592333111 26935744
1088497253 62218516
1722078356 11551466
1185059770 61201942
2667774657 38373833
1754088812 30953806
1750883515 25805113
2864516562 11207197
2931345579 905811
4024957064 25451421
2669054852 21119478
2164383857 3493549
2002838357 16143852
1516850063 3742337
3013280674 35247022
1408570052 26878133
1509147453 22213160
1691188432 889932
4309017123 22890296
2164383857 25627264
1558658031 23992724
4555918262 88073386
2007105712 30966105
1750967851 28180299
2159373005 31059787
1013059853 33944940
4576100277 54851560
1308041824 61477038
1207097340 19534139
2772004287 40481154
949704426 31019322
1538028927 37218007
3973614327 73314065
1185059770 63171026
951873477 5113928
1631146624 19132844
1953216123 29766437
2028462348 11446067
4393516525 77741588
2223524898 36410040
1487223710 23769302
3996886856 85924815
3013800211 29855500
2931345579 36006016
2969562123 27996066
1897660734 17405991
4024957064 16298445
4309017123 27816574
1515397216 6088153
1641452839 28905602
3009266190 24965936
988370965 10079639
1798646240 314609
1996617079 113075
2666159091 547713
2141244011 15629378
1979464248 16678043
2916473825 9673415
2707973184 11240068
4343684944 1331850
4108441645 41674735
1563146619 11868019
3973614327 1540545
4041342653 2914489
2974734652 21467972
2772004287 23752002
1750967851 34526763
1773073834 2677926
1538028927 27253281
2664261882 13753947
3001669605 31687832
1088497253 60700843
1288276832 54532798
2931345579 17695941
1203345646 28808099
1267201199 14716210
1285375231 20092489
4589679645 63274354
1625341826 2800537
4155848810 30270445
2826890099 21696746
1595216001 37834293
1737926174 188209
4413784052 85367150
952229186 38460062
2008587595 30746679
1094308597 40772943
4116794664 60703217
3001669605 943287
4175661342 81695948
1066251678 43200977
1545243028 26320480
2188822667 22623832
1629159050 22908114
1263809234 58497303
4552454596 84794467
1914165017 29182568
4090444500 49910429
4024957064 74809832
2635732371 9523966
1891883635 22339923
1682251808 5071672
2732599963 20068917
1911523411 28478675
2974734652 11275557
2611774231 6200803
1985703555 7879049
2952447061 28473696
2008587595 4133042
1515397216 3850302
1970482381 18387710
4208805926 4412533
1798646240 27941790
2141244011 27957210
2708644308 23300533
4502237148 58288699
2829580162 20096186
1540942906 2058864
1942287123 29471391
2593142691 30926740
1479505162 20986719
1589657789 58639121
3909318944 7844540
4061931334 67211182
2188822667 7074995
2134518198 2587978
1595216001 26031074
1595669041 12764659
2207991462 34790068
3001669605 20926663
1956846718 21418286
2207991462 7103836
1522197922 6178574
2772004287 8756641
4241578632 53533499
1629159050 20203596
1214998480 11037197
1608419438 37445076
4589679645 75844532
2853507005 3357148
2016479894 15901158
1020950746 21842969
2188822667 3999295
1522197922 22139027
1592333111 33344227
1467411914 34228589
1996617079 10792090
4180285703 44507348
1712190494 17914349
1469426869 25181437
1297078966 21782551
2009433492 37141097
1750883515 6251855
4386702946 4670559
1625341826 26033503
2631500951 39026843
1215080831 54955487
1288387867 39896569
1095420527 11801663
1682251808 27568905
1453619225 10147040
1953216123 6863835
1563146619 7709700
952229186 14491399
3025775895 31567424
1657985226 13726006
1601444905 28353259
4116794664 14063175
4116794664 64107458
1020950746 60485785
1801778744 33365543
4245387915 17383172
4090444500 53116689
4090444500 23214506
1095420527 64001111
4241578632 79741864
1504076009 449012
1862955109 33064007
1953216123 113582
1940938292 35853031
2096709165 6718683
2668145560 12624960
1588961661 11580657
1734967140 22006208
1598247784 63794804
4387339264 22445159
1712190494 33060529
1671483977 1990243
1891883635 26592578
4128601478 16035667
1713452773 29634705
1453619225 47660795
4153065463 52358805
1569206960 12459440
1897780944 19787910
1066251678 62825456
1801050337 36066297
1515397216 45288131
4090444500 82145844
1288387867 11174797
1713452773 8963559
1953216123 4990086
1788784226 10090297
1231055276 23526099
1057912575 38151505
1240222844 31977884
4162300010 42842890
4049592915 38205018
4705239031 27197345
4090444500 25965834
2707973184 29318721
4555918262 84239856
1881228351 13821048
4252194829 22264377
1765715876 10402335
1516815978 16805273
1155864000 25197945
1867741023 36256614
3973152431 56826124
1940938292 3232023
4463735079 57272088
1458772581 13434203
2752394454 34748540
2667774657 20049159
1391693173 45100942
1767543851 3682432
2706083660 31155500
2744740763 29599046
1911523411 25866659
4311166536 30090266
2975549723 24061159
4576100277 32228283
3919946316 32795350
2047626160 20268714
2586646580 30632783
4021180771 18774786
4368182054 26704111
1049597352 59490804
4041342653 60023711
1973182719 35885555
1491871924 6519732
2223524898 36500164
2826890099 6955655
1933340432 28049789
3009266190 4457540
2002838357 421425
2164383857 11081657
2613601858 9827243
4327200511 35350246
1013059853 60355981
2809425252 30522708
4049592915 75132337
1996419604 20118727
1066251678 49205400
1346454998 58260432
1691188432 33187348
2616798236 10588848
2111826299 8147478
2845922244 1678788
4103277067 3975924
1465885522 11663
4250129561 12694698
1032834396 50120223
2968920253 25846493
4502237148 22657687
1043028948 24692449
2593142691 41296233
1575651155 2621127
4576100277 43186844
2164383857 20064407
1538028927 24296416
1996497649 13288132
1240222844 7872116
1522197922 8955932
4339076762 52341224
2701357520 22451982
4502237148 44462152
2006901643 37451315
2028462348 1322730
1798646240 32712087
1081191052 4654459
1398829669 26962396
4340524511 8209319
1190101853 58885688
1797307363 33098264
1020950746 60691163
1891883635 36993686
1981118097 14336075
4555918262 36598962
1492190643 12406377
4502237148 77159433
2207991462 36253613
1956846718 26155752
1592333111 37472309
2918078522 36559575
4252194829 32041585
1722078356 24398118
3906710546 34454349
1215080831 4047271
2701357520 20897676
989907248 18695711
4108441645 35365725
1043028948 43890140
1631146624 4080787
2041372237 25623926
2916473825 9057685
2218647696 30428827
1308886328 48879797
1951170578 31092785
988370965 23959985
4311166536 69294073
1104674517 35126965
4311166536 2084098
1948806240 23605164
1569206960 16652903
2968920253 18605674
2591034888 1750740
1571124120 31728218
1622402665 26884062
2598295052 18020154
1365322505 54897301
1509147453 34071575
2752394454 7240353
1897780944 7032591
1973182719 26550614
2711296687 37400593
1722078356 13056256
1346454998 6044472
1164286759 55589264
1801778744 28964230
2853507005 43348817
1725547939 2845491
4199528925 61068700
1996419604 19324742
4463735079 64311646
1332608677 17061740
2826890099 20926523
1569206960 7894067
1985703555 23822225
4413784052 63521630
1308886328 61325655
2073527604 29587707
1737926174 1342460
4169147254 60028325
951873477 26370422
2675957584 25811039
2809255237 3596116
4521059198 11079980
4386702946 56765136
2168238627 11870396
1437459066 972284
4558851443 43934414
4021180771 73287507
2706083660 17636542
1516850063 4108087
4309017123 53551447
1203345646 2771876
4368182054 64752402
1942287123 35153103
2749018903 17352184
2804959787 7118752
1987960729 26266671
1641452839 10469782
1737926174 20943319
2586646580 18363807
1109282876 13761153
951873477 7222808
2703400399 24342247
4250129561 64946942
1725547939 15522345
1260052577 16852829
2931345579 42334820
4668555711 36621922
3855800720 70184430
2952447061 15158843
1469426869 2341711
1288148157 61097523
2611774231 14534465
1985137917 28282349
1592333111 1466209
3855800720 81680459
2753704991 22043422
1458772581 19104019
2667774657 6489030
4261518236 46251819
2139909796 20257260
1798646240 27815004
1563146619 19587750
2703400399 18621812
1713452773 13092095
4626898712 73170550
1479505162 27075493
4261518236 80882657
1285375231 4194520
1569206960 30982868
1043028948 61173419
4155848810 62858025
1549333872 5671134
4611873038 22252555
2088252737 26160809
3969355049 51786532
4327200511 44313820
2901498294 25944871
2596465594 280300
1569206960 32033797
1487223710 33520210
3995738085 34925651
4463735079 42513461
2001404085 28327575
4368182054 3035277
2693771514 42400114
2631500951 42534973
2044132850 3591253
2772852013 18445009
2006901643 22141910
4245387915 7057130
2744740763 1517457
2683313868 13205291
1595216001 3292202
1516850063 20192140
1912458937 29818056
1057912575 51044727
4343684944 59971618
4126436517 247819
4668555711 10614321
1288276832 34221966
1631146624 2315600
1207097340 36348081
1788784226 8971739
1952229457 4850425
1712190494 9755889
2868895187 27284020
1911523411 902256
2804959787 17701958
1288148157 52591720
2772701263 35924921
4123048255 82204486
2007105712 32337488
1088497253 11221504
1629159050 35661247
4261518236 3613160
1725547939 3747403
2596465594 20468115
988370965 62982522
4311166536 26218309
1549080313 27339446
4339076762 44627471
1592333111 26220385
1040256462 41515659
2751515251 21074758
4252194829 49788050
2044132850 17063454
2968920253 1504943
4435407235 22817757
1624835280 31432423
2979053963 24389338
2001404085 28913798
1231055276 11040519
4155848810 5248325
1185059770 65069429
2883915901 3750662
4343684944 31264631
2627677713 27984117
4041342653 29990996
1522197922 65006952
2809425252 43729013
4343684944 13111572
1643137507 10291383
2772852013 9076304
2159373005 14020122
1267201199 42128844
2700408388 14796936
2672843504 31443127
1773073834 27543303
1563146619 18820042
1583532417 9442319
2918078522 22140194
1588961661 23614326
1298516191 59373548
4309017123 50776448
1979464248 37579887
1569193913 12756351
995870274 62427433
4602863316 81895360
1549333872 21235471
4049592915 37506697
1288276832 1244353
1750967851 12409138
1577416486 31298040
1979464248 5389673
4252194829 73495925
1608419438 2268235
4628841361 85944473
4512346504 47128600
1569206960 29165175
1437459066 3844301
2975549723 23606356
1981118097 26149846
4668555711 16408391
4169147254 28902400
4628841361 35966777
4169147254 30371046
1682251808 13733835
3919946316 59130188
1067349687 8232259
2968920253 19352847
2134518198 37274492
2052981819 2935704
2584819746 28946319
1563146619 14229880
1020950746 45651162
1155864000 8728578
2883915901 44090678
2748032126 3985569
2666159091 38571609
4512346504 64687735
2000835974 31109792
1867741023 11024256
1643137507 21426305
4169147254 59469670
4440976280 84811636
2840016092 28326147
1985137917 5111409
2111826299 30281710
1712190494 24384326
1428901067 41481957
1211879138 7263619
952229186 3396890
2708644308 37806203
1618909727 27131342
2711296687 40202643
1297078966 2577185
4387339264 54076761
2732599963 10406357
4252194829 15108854
1669980663 14719209
1629159050 6775612
1057912575 61565160
1453619225 29462380
2829580162 29196820
2095809627 7337788
1948806240 36927625
2674498533 2737540
1504076009 26661465
4208805926 31327525
2674920140 18372938
1032834396 64057704
4088583432 85569954
2790352592 34526789
1608419438 3860128
