526080469
649496421
900405784
514921220
577416854
5178743
52822415
250560281
652673436
311105712
17066499
222651166
555771599
621851652
31081835
991887782
269433350
687159416
342837369
255012184
643508766
347417796
438419984
109357448
227280578
702247193
533430844
213138853
543406359
306625393
355792242
385530383
347640078
801190248
966308646
97560847
11864853
65931347
389805483
738904321
886883365
842020445
16907834
600844803
732279695
407751245
236678394
244546344
223446431
110817493
129297251
733513438
898554385
724090875
559071967
41297391
142783495
780604537
151792313
591936615
673059052
881277752
584759331
440493185
27661330
233668481
314925236
605149100
675781050
276014351
279561631
205928728
314772071
485073367
504156852
613809569
543730373
226796422
197836309
655820712
25302590
52210802
821296374
748350855
395546220
569845160
73245161
878933087
352681183
531813435
329972117
195279312
842510819
596207717
515008663
808413043
215435697
668734648
38262174
611394319
827244058
432129767
512357581
363728252
429973343
84561902
42759241
755245799
860975685
623780983
696784190
244843864
598490155
236321747
964789160
830462548
820175598
32224909
553086392
168800938
859944825
67191579
847931122
428632816
511244065
562789005
568284941
779338016
776863094
870100038
282076273
659023750
111059006
977114843
953350143
276854310
919569725
280277607
508497530
177003319
85459267
9685753
269576526
630735927
638891862
167249811
642501891
225589598
378302803
914427018
755030515
892805294
843155877
679937072
576698703
436411014
123618128
961698651
935943043
613568921
480184662
521747653
541217054
967306322
945432623
321813268
373350311
204966570
185069509
554484575
929578881
541719479
299525468
312854660
62788036
968322312
575074157
507400621
743334777
951037343
745953904
151568845
974598198
610193406
947874478
759179753
393554904
351568206
713588989
117708813
417342484
793516972
290953669
580664295
394933187
837697993
949215
713077820
563223604
223924828
430758749
373724943
483462007
478130298
968503306
758626065
578432013
888236511
695631905
161072278
803866048
109730541
139104326
594529766
819878585
833364067
205374767
710726501
90848723
656126559
281450121
224879528
187471564
367562579
16946503
883720090
721951029
160988244
606231949
937494174
589516936
411854085
261181951
893730666
610477551
579171025
44695369
893972548
251115810
95062316
953144290
507558029
769665985
894948099
313254399
266806491
59209920
279039292
470301834
240244201
693479525
45822821
766565304
115103444
976237638
286034450
729708232
664488552
92008012
156755487
972498377
529061327
70836966
469196469
871301244
771371181
642533842
172200085
439482039
285359537
503276846
76492752
69522521
808139392
708704911
589310286
976712532
672963762
335458355
779333602
345519143
922848536
934365387
242669463
888947040
258335752
557810566
479106715
235062050
94905562
247929064
241725283
60382536
227092254
148647278
174066984
805514058
472897951
993606690
913709035
33575218
517169909
776602333
762816020
689744872
438371700
44690266
968236436
332704577
625957013
329946542
862864414
656625559
284716952
594730427
826730808
60058385
684003930
440070906
560211350
513079763
842984121
553909986
900540627
161301655
28546522
584272458
968566111
46874481
911921999
691498526
952914380
435353666
86241317
225952153
351742483
587241298
423545746
917589918
370023150
143733023
52111614
175122922
435859420
475387854
166773186
235460579
922463749
685977771
758032098
786470531
589215598
104140161
224015791
501266095
255905745
3471670
308767731
731199387
768417215
240180215
835963999
651355577
238821481
662988699
294468821
181958782
187296091
743583226
547573397
150132948
716624919
916220847
372428791
832158886
147427261
651749627
410613768
85552240
167531019
860212985
631032802
138299867
777808300
663484856
775911593
741611434
668242764
276462822
196042977
731546520
447603168
915934644
509040742
825576412
644781855
391137176
326173823
573431000
615111687
846994463
920439910
977751429
95885217
770825627
211765803
157024932
92534828
520995405
371217151
362948721
621962838
814438018
515466109
929163717
440906226
239844331
697719259
263042486
337454931
188583560
326218411
8592936
77948765
316158442
677469850
445179211
306624515
280512755
125164012
794255410
765929862
751367258
928608074
535221851
946226413
938296642
820216978
256572701
91492613
23975176
91013188
444552210
408584040
758686104
180462271
365970805
481422350
100219390
622525157
373810316
702654661
118937401
132425418
899557215
392625521
570256541
812723872
969969812
42545461
991397643
628464205
374949587
60553962
960008587
36098574
176142311
1693312
71331225
852588493
663872955
381665744
84609371
934437342
207526827
132527665
717672464
118282394
437768128
539689018
844075786
848508478
505780639
686305506
235877770
74722017
942756906
338656270
533038476
916852547
236500192
427047080
965690974
555213721
732994086
371387512
872899442
974555724
113390672
850210864
68839277
649517029
743664777
744475980
527881261
180732645
983632619
498482607
636514180
124544048
19054075
326293087
731060523
6808634
202620752
192360133
316391755
716106442
160900791
249926813
550722129
755292124
655879424
757572362
882052501
290079727
953387492
983943015
253239315
602682713
335238334
153289163
936214203
273223508
655471674
131870280
346390123
672381116
187369234
519765139
445786402
14098261
987281017
512628706
380793567
16410841
312326355
230037634
256682516
576996712
179603238
149825003
268817078
718302785
447124378
807601454
219540290
989508692
821341808
327541854
521417327
507835503
754462060
437726950
971082192
377553871
115758184
690795873
907928091
992238163
748775627
888690614
162200644
209849946
811028098
353002695
314511400
83919550
739036136
354967050
938435763
681289330
284077923
790465832
467002209
725587553
826233953
862709695
834609522
906541513
824658145
66225542
164388483
169180443
564970444
955012739
544278944
420217848
737928941
273327855
761869354
393427463
223754742
168395540
689633367
963568488
731680671
694702430
170284836
980200194
767818948
101986809
822559156
64936809
674984295
491366591
659547944
630361648
635536166
322713789
600027597
880395541
405891840
337634566
93829241
919152930
472470268
289688112
882510825
813507957
742828529
102861110
395288826
871232049
948728515
596630036
357255558
796018274
43486099
131903328
445459876
833420020
848042057
750252785
622094073
390952977
45904250
309468491
163536039
800678506
225818646
775003017
515934652
234972476
25023564
230608251
381775468
162632938
582089424
779936218
341046340
411881112
226728105
775426644
140712239
785727893
244610371
310841410
59562861
605158411
923462782
809476935
424320196
10124281
658268584
364204730
871530196
625538039
316455374
109835301
236304970
663225417
986732701
211574759
152418296
2846977
517135448
838781569
378551424
581675539
443508663
572247147
668446717
498082430
587744061
663375760
181197874
883848740
697036779
623732513
224771045
328717826
423014872
977362115
473162932
785892015
591729211
724628838
203963495
192975991
683564845
559380098
120993041
637249365
103711076
614096548
504751475
971467197
581375501
531023428
966583959
65918859
595933468
307187178
361696686
241341349
362005287
659589251
91113602
333089356
173736018
616277810
340565401
320572305
865696576
542694400
865874559
804604044
237081267
260266868
7783583
202416944
948736141
806133241
702682829
592078649
814724849
769126827
587239628
436361091
557954813
516644741
709398221
868248516
734565010
244942562
60455392
912067030
239788173
762452068
631548932
997435989
798162342
672345590
463290186
492868235
48708687
832058425
368625688
369260608
592304301
969797526
883350310
927802822
503874715
849773295
925329525
59875771
732113696
942868036
703389264
520548026
720404823
304701242
123765047
312740203
66010168
139223400
793442887
200945661
484539574
237321743
659275104
389625903
426422998
938841351
37907936
188195450
554704346
76900716
367653226
513765212
583231825
635504495
588169078
961540965
66036632
421181635
904248458
961986960
567820865
592670038
237010519
181721536
261708306
148131841
366759146
951190370
945949736
182476161
572427107
892618458
682798983
468833075
782400474
212024629
11887993
751381650
865407419
694891433
86124132
181114082
596865296
45738387
995783358
547092705
211576565
336018777
694236893
953085787
610379330
66181724
791316089
713532899
909115202
735094170
692121632
804590867
550173281
351140230
578089077
477562051
352592544
882992753
629709732
640149694
167980174
240170694
120728625
964585182
848530918
529766437
253542322
745757345
990088189
360393416
126688748
374799584
93937298
176489288
955082124
282262431
695441516
446649543
877335956
939428440
1702877
654951133
337280386
687244651
659059521
457609441
509889138
523471464
187994125
701312625
659326247
794446414
387650027
207764340
974354380
957491594
66492986
329728682
68976571
401950988
141460051
765585487
194586703
573116214
557502664
539825110
141715371
996341588
835399866
209990189
430824361
601114393
956534409
966521938
620401869
460319001
623386223
763935914
699236776
980330532
457308093
33134566
927082002
337467049
374775497
72796892
807798644
28496825
221475119
576783461
146187687
228235194
491032815
763579743
706245442
475850439
976184329
915527204
260476898
756391772
334138986
673151379
322619726
973109991
149037888
971607605
553378231
865895207
441631774
436257051
566261998
169977229
828633253
763984340
929412947
371329889
521849045
862854585
494753162
557609051
12948524
561353426
196286221
274548449
100137533
853268680
619450671
103898392
288144906
499072785
381707179
188981133
58108592
461829763
848357501
329416559
181301281
794943883
5781216
15583922
348443967
396740700
629609221
260626770
444465830
38908375
555006698
499917798
756782569
788394163
236904492
452935811
826986693
647098273
72792176
255233022
98999271
902110031
274084288
987119771
783955406
122032328
470658499
475851914
366332068
275899385
56956353
86865009
958326635
22393126
457992068
477343187
672506214
306907552
147348127
290146660
712897600
244966073
452815188
150207679
873555874
864882803
43884095
254347482
840012027
713922405
352917579
65868942
900833192
204647973
542104963
258805256
293809094
509478642
236291671
65803144
225858661
745492963
117481760
77432859
783438636
976207956
693732794
811950859
138561071
379619144
671758505
870447469
18320452
578444149
104361353
140489678
739281092
158165972
794965053
575276293
565116563
813558385
53442122
29906159
844841702
461314514
714247638
392506735
348260422
648640803
669063971
729248230
470021337
698708204
512083604
404647602
803423407
853918970
487660760
36690038
922039065
54631899
187393575
996576143
845400920
968324957
45911913
861977427
22017556
935196551
801651936
577664736
668430065
875469072
755033077
324374509
506684027
942818410
663258546
621534532
683551019
906429081
512766717
513554249
984358086
476594851
803115055
971402256
490802633
333697768
755260593
889939706
980141779
539439410
593389447
144796829
211529517
172691311
522277168
8766604
856010869
597037716
652003523
103327445
553713096
933696718
193743380
963418462
291992966
957977370
432977202
783471473
67691864
894770363
150186229
887240423
726271119
106924740
477161167
122389595
471740614
561791784
574496831
121709092
194457128
908145014
263427539
854848071
473550058
252220641
860759154
3706616
122490052
701302117
31711062
296139393
684564430
958121083
418805438
179205238
588104934
445991279
848608755
177049332
197117843
295352712
953743558
893017839
631250845
226427720
429450532
585610395
385095740
181903096
550912125
582795138
174934946
268847425
581751114
322558783
366153768
41115721
744284439
945370266
178893306
549678387
656632694
435919861
469284979
196515574
981800902
881774003
200533751
445815966
795386299
599030955
300730748
653196748
909959464
275203701
186767833
795622084
994396763
767291036
552258751
171889197
878661557
443349268
881758162
18685754
5754014
506153245
136713049
274755674
985969762
139239069
544113731
361795820
502622448
23630494
233305906
882939851
433447362
789937022
669757978
115844186
341902145
332680889
860254901
727721626
357846734
224673181
126284312
815020379
239397873
143885986
211174896
817114436
141565002
216300883
377006498
56857918
827169498
909828894
953909659
37711424
966366801
64051873
12898282
378257562
356394080
618227064
186902271
87704815
168137441
915920375
12165750
943034569
78660842
971357597
929836229
526256337
966726
937155570
630007359
695537948
368066581
907776745
339076103
517329784
148855381
974807359
493293263
719535257
627133575
380288007
381022767
911300591
116221042
92882822
450128112
510845389
439189246
286402871
655167003
921388393
342915487
408568172
767915451
730943061
854471329
547688304
364073659
909275476
768143340
884649817
552943564
688536610
565230190
836783038
656175637
645078962
767942918
345255011
340434587
98761494
313968091
947808642
49803156
342919318
486562524
828815142
297526316
900086197
868090500
645959663
298267907
998961653
110938365
824492082
428300608
247642251
500825034
856430365
424515782
689059112
982657565
45583446
894358544
872836213
191167483
487697325
918556295
851217972
435474824
744031340
134158712
232250320
651859994
379807628
470749762
933145192
383065669
420473413
798995668
491972972
585337282
245448293
617512232
469925435
658320106
831618841
24911142
86022386
889394039
579742184
899406479
837480702
173011748
412124962
106234625
36595551
59919961
23719642
472641296
879379554
124754947
411986975
661245554
179136373
431819145
290388524
963200014
266184995
435801433
19978425
617777483
857128656
938507753
844648392
183444587
207312764
340255590
999147781
241985829
454313326
828240301
129114394
435020240
536000585
980169907
590287038
843512335
883460750
977996394
532499282
35998337
494813219
801288315
342920583
870745073
922487571
414568805
582306400
579712920
216695574
896356950
716629554
376128007
221938179
307796764
993564703
463238605
370876894
291926705
804157724
102490654
101073902
247989641
709332913
949352951
352198775
95320612
87355096
71911909
830741625
48408827
509433177
626523472
439693853
12514544
412788894
393554042
69294205
35728535
245355347
557047775
454365877
399253297
982659100
318391772
672296953
194512650
852154080
755611505
596314181
141760864
516876791
83759910
324482196
59485808
947760780
846328836
304905823
55763587
48380115
662413406
631946807
59357184
950570146
128542811
486326535
202569111
416517
875328673
762485456
273149587
232943094
690556018
403694474
460971589
597422005
649412364
517424624
363535044
102447306
537373281
474449819
499517885
43422855
857566013
345215550
138566253
185282795
13775784
531264741
879866575
695814258
755831238
649201244
286367332
824584975
283684123
676354481
992862869
699152755
834574494
509326705
825689914
142904693
705861055
615008293
384527010
611051130
70662329
37533963
92829716
873160793
771877644
460750016
658071552
580356123
640955345
733838794
99313453
893315275
601191063
36577343
439711018
736353256
334753346
995334433
659015346
686253541
813577280
553679455
406317884
966017952
567495751
585987138
42336319
577486359
747133697
633874199
79212445
544258404
917380952
168810987
701648200
54312785
738065806
775522471
300680855
964806653
195303379
194643801
244484281
387629049
774965476
311799339
688290480
157864745
277652716
811373649
386649072
799735053
53189614
37571772
804052339
884627238
736217795
939714591
412266457
892300092
329458220
936729051
289310367
685291915
631941342
894501123
166082480
733864210
307832643
25815319
937481615
72835632
665688107
723946389
876933849
486101994
846416933
139806914
963398857
805451730
54183140
437075551
7238617
466499939
655779665
362439303
916561593
592231958
641779371
430434397
786522269
82973445
775364919
670485663
259523909
707411217
573606905
794874973
560604835
597277261
833457991
446176289
67748196
171491173
869945689
114194153
29508818
711331163
774160675
457589902
600084347
618352679
998606634
963749664
791915451
191912623
491921752
310369729
119407572
312642359
732877168
591503236
601595996
212216428
692220536
223468814
301286920
451536354
64804832
693831472
795109534
347333688
823447227
764865541
552789106
47072167
35761454
287694387
333896672
629728526
190452851
869933417
763427782
483087807
452538921
463273146
21970049
919444494
830728485
50410245
320637030
134973780
832894920
563878830
324312287
67933312
123782209
90370213
315310041
928888127
657447522
345182686
651821034
27543268
853059929
952615538
573140112
60366084
75828782
302512107
298666019
430355374
188545290
215189227
435103980
378502086
268501712
898989857
418542046
855829568
903589949
253949506
159720414
5539131
277837917
764993911
769625227
555208654
717340482
12192393
891444314
921341971
864807302
897460380
903543757
989897067
2481918
503191089
401419556
398550588
104586705
54608517
135396838
301057770
917346133
114907635
223125156
889325330
412656665
119848710
734612496
988831815
662384945
545445726
551423972
469084994
623051010
834023993
186424993
327517259
666971542
144795212
709172550
152704266
334887672
496940989
370415560
374973905
384851316
99988305
133845719
513699256
330310973
984810628
144551222
207989273
549247196
416874567
874023143
790574486
442698407
144249555
922836443
152118471
188450735
972715475
668172348
608975641
91132633
742608703
285306519
291097856
137810530
390521242
298017425
211725694
361134918
603483817
791636011
448044334
377972777
915860168
925057994
436281250
873143611
30198302
165788441
608858769
802945352
220552980
458932553
390327556
358265792
310810699
964068908
694142348
248234066
260689779
752667875
200394521
795452860
86500503
694609484
183615431
654670620
548104721
6271114
77074680
628174979
178460035
906098316
60570443
330567187
7225343
487404857
961609126
824299563
60033462
489872327
667323982
771455177
780934875
86628002
348577870
1964029
232312034
288324586
202554736
842523903
459068048
968396027
748922470
694971913
305561
419399998
474296312
917755492
270161732
869077952
584648750
881246112
17565142
916954647
561254008
731977897
157663822
55651520
705986274
837195234
525258387
247836632
57038496
774855436
427193775
30208738
490320901
577515425
338804479
538478449
401271084
512830356
100713493
518353124
811416164
93779090
292398858
392582099
83427977
72650521
899055303
311344501
373109505
636726235
19487717
691955161
891843182
38301669
964151044
468719646
695311966
820529422
618070773
998378767
297051237
175560644
735214931
589570313
31644187
62939053
960304514
998615408
765149713
613875277
206273451
487726302
667719574
735589961
331299741
493990301
750060514
994590916
738527067
545152968
472506600
308331740
142741329
955974632
284379385
581892517
797304999
451047679
43209349
736909604
444260541
361035058
205172414
246378596
961189377
636400767
182546013
284976489
841890995
291054813
80347951
557078201
894953512
745355667
666407054
653105514
678446086
492594110
475272045
982687129
413751375
319174081
229446527
429685049
545690296
985038762
641187990
197039166
794137416
190355360
321161413
290174846
571679401
544744771
536368249
685675573
965409864
486121661
96791816
214262730
41306143
965931558
878801640
569603423
11792675
938570512
661560438
29240295
162465464
978129956
995026953
711637223
443875738
480929789
804139414
385027268
276414261
360063218
488902941
526658252
967423189
122045864
533596783
898694830
966254424
527609506
757754449
989795501
785199629
981585773
729364769
61002183
472606994
200250412
242057834
217335033
85848958
389884537
287423199
83364894
964034482
809020921
671155055
530592843
748254578
478693944
237789698
563282553
365982399
758626733
16171071
34058324
235458109
240894617
72566228
889143697
825332588
964141259
618789538
480858279
31193070
561179758
233043049
366736652
429560307
804080718
172633545
684531532
821435021
788508044
855977239
829767485
340724259
762851168
281293701
895729454
288309416
689803772
76062093
512397440
742531340
611592427
456982529
3148418
422091825
994150568
294503926
96010470
76614379
656401440
237520976
100008626
695189914
715526206
979859658
962339730
64448285
398405611
247191533
240305674
162557109
99242591
524104151
992379561
896986609
992277163
120861833
744934209
940864231
48647746
124582041
331347991
61108158
32173288
510589859
320161823
176119568
202228787
725670676
801462611
621783292
981488428
198180859
379732191
424570549
466062152
879650938
157879513
373728712
401404817
917821254
439760655
719092053
33096427
214366367
347180550
449717308
680761383
328959962
889679272
273475249
454835241
644173635
429534140
291401808
907980825
539516323
857633417
820537459
270046413
699115146
490566387
367178279
136696712
610741279
526574339
730997837
922888438
273667692
727734162
262820118
26601806
576719768
352256107
521048468
387991958
658168885
588630434
133041654
278136532
761979169
113099327
489326262
930076743
640368794
310139285
893519951
618412825
714651288
895122479
482722790
726386803
990333541
151003473
5129500
373871186
868031136
159745685
950631219
405783847
473031117
921724825
16814211
647148419
164775318
804970160
133540328
625444951
924104507
266266173
599602744
386873555
61522697
61046114
690579796
185632796
256562322
177690969
725989900
916184510
883283966
271944496
282552303
981913404
328284668
351459871
63190711
145217293
936386875
671156338
418293908
900286498
992604706
778605096
687735794
483406109
743822659
430360483
221383295
519728036
887077306
753439712
953924136
131407702
71828194
205715493
472295548
753645638
303991786
876001135
705621696
36509567
401115965
652932896
822499226
52609193
69085773
31639302
915290172
80104962
151459937
386600597
539254109
942327751
576825550
73348611
162443637
464246843
749262952
844788526
201441123
906288764
288777886
611546908
833762185
118584330
973661175
450555045
788157405
961290692
986494816
843545269
995352469
560086107
697208942
447768344
979910258
65138994
293768285
464885744
134366662
42576697
613058575
372976185
489771373
913476163
305817580
185728526
579882241
200021550
44733626
718695230
210589712
143305823
86824955
948232016
622477816
20657745
440042221
56371246
390670719
89374633
975731254
754465613
442205704
948601614
601988779
665882588
872083190
48376557
566744045
300265313
817030035
572663295
806661019
925128010
318294439
105093317
206204615
487119972
899218700
592570806
753556556
907313502
828656615
208679916
301555339
222098049
815046791
32758430
949490977
398559856
774460755
493724445
379782079
965605971
148659103
724193871
202548823
363820894
190156624
721106742
232143345
989422741
205126040
296034942
663204976
873403275
3460148
569488250
931203905
433978863
218015313
89396490
215736100
379153012
999869045
387119653
643409398
146050582
591523739
975957887
192087402
107994926
618829112
606814978
169714142
186986298
170574193
177747888
518220306
447049468
230364811
675637237
770315922
627405093
160848272
672240981
297411629
602978641
902378705
347678307
640817053
193269535
297911670
341161943
402986393
564837182
410784091
832416328
203394925
387616140
63569256
115463746
348983653
615776830
441616034
864277434
665086226
634700593
892499477
348203217
804717601
770960858
638536727
970556286
811898176
755770012
133010915
607881044
670851748
487423858
230094260
428343002
236411794
108510361
775054831
546869533
610980975
944633141
252493553
468866747
657760957
362189226
122467942
463360611
88386805
54753036
922938277
656829192
944547179
442712573
209973380
786811628
99669842
938923336
951717233
633269606
893058167
550738076
491467819
265686163
296969242
175338158
284835428
101891768
164976217
8066964
545970690
67628572
855790268
628028129
6535842
954810207
980245334
905286764
167458032
49839592
103072504
653014215
539526801
704015666
536985044
615748150
886468802
442572498
634569732
261877911
767290953
494031697
19267534
723020085
801024685
718457443
487661862
120871650
513217109
183797947
65890350
259700653
107889472
223139081
219765434
28653780
469826900
399684154
927082271
611783224
937695630
999902261
812010974
569277097
3550770
558201830
473995786
411763357
260354488
97419179
513788226
947300007
443361481
118849600
229257250
921285297
463469689
790201540
909636546
313459165
94162578
472718657
101357616
557227032
390908985
43558864
664044559
974160638
894896582
162893372
130449564
363671774
204847885
854467319
494736088
278989044
832644744
280926092
200356093
871185129
515428409
357385148
10153866
783520546
888764087
519572217
376030662
448676448
339853141
269735367
425315951
580639018
542405781
705650536
58784312
496434342
513485512
462698573
541239180
776413232
572573363
234093593
251520262
711791949
73138668
958050172
860372498
19013069
816778426
639783307
263122366
221726926
365012750
955774173
663480992
530835357
780384112
938621221
166004318
501883953
77420188
998567416
155120464
933229140
664728576
727364384
474187977
407524835
500679183
744708873
508306902
665400259
821987168
269210000
230402226
203771600
670123393
319633311
136171582
399142627
497336499
131092594
620109433
918475754
804093779
946659234
460559448
196197085
624895053
825061148
739865266
400233326
77558500
752201215
112402066
478609503
700095164
837500747
994288959
995466102
389388946
450750208
406330453
946004924
620399292
352029140
357646955
337158389
209535238
117741214
604702323
349213800
629655545
959377752
188815705
304840591
321460920
627375009
401824866
354347996
807536197
90886791
23407488
692378915
64566989
249509213
934411834
782962574
669000681
366560748
217524777
866373719
192241611
271601929
11945916
648930928
702308075
417139373
483411163
904156033
786436166
614282612
246834244
499404701
735077552
184799709
198756527
798697449
405825381
110387857
81387999
229452479
91161184
862425706
41148034
627120823
586845492
865624979
644397963
490814706
988995959
218814979
422108537
712669503
675675028
467462358
83551291
536783969
89633963
924042450
112217991
228242194
562641805
654729297
996532481
546819258
164677836
658937525
397215681
707116353
746320277
391400019
376762233
255968741
572318351
410344113
229553191
620456350
928742193
851938959
525890647
329117731
738403295
39429655
77905674
343368452
260570953
628052435
301834107
278616501
818764590
215434543
809683335
718415415
181505847
440598095
991442429
701026309
564564896
313144620
680491688
957278015
594525255
105213645
877954417
920157729
971071359
839942946
161159763
444485378
476879237
405162908
502629478
685325930
620560008
96336985
50399936
977985266
161294369
932289294
252919001
811751559
834840253
817485820
361047388
846022433
682986019
312211798
945687898
161638743
518084044
180049762
456687359
186451723
993865049
566963033
940227926
122124316
130408698
24347008
636139892
981352282
360383354
900616404
763081619
375907845
221599813
738280022
559088144
655953286
322338673
818914988
314162924
700857171
728320529
277503897
848259403
317903380
957476921
220344113
777109851
387554883
313946604
160289229
563805468
992647192
576176314
643291711
553366272
248723334
500418832
370666910
649212584
615844902
712377379
266696398
536234872
640819380
275938955
631277194
740063169
873041617
151853129
57651503
806410875
421724914
58867158
860239826
594126739
325630663
253338593
677061950
828603200
26476997
155283003
891588064
426259404
739134821
312762501
43628903
827673665
515769708
783105611
363868773
929221544
515632704
650746550
109974668
361250062
298701003
745667599
667737890
997588229
9540214
237594668
156833447
581607214
350688556
204068365
499374616
15583674
960861377
636237247
555286057
749757866
817524930
429075341
389561427
818256069
208700250
764513093
275347261
642344605
73268133
962947826
628908282
708958191
604089354
397408648
756772745
483771587
545900551
833666757
380711579
626135979
90357292
717517484
346830374
982337526
345080037
931872968
968115420
45215748
211335124
501567741
28615808
577993679
50277007
291109042
401286510
517808030
737422247
532026141
237733008
723939127
822245919
635147950
415833463
493231304
150340837
240573121
299344726
386149828
247612423
118907268
505186971
657441959
234084987
852521480
438557916
264827519
969168564
548372724
967002703
518437054
733200101
732850277
66955767
428525165
891484170
433458636
737401413
879590078
17720034
108680383
247079821
807638561
349426149
456192043
455288415
515452970
181256190
840269662
822531941
954442786
520099445
843853055
221936835
367810715
979200969
614767360
843542900
308159166
141861282
120928606
482885863
110530448
341273177
250833072
792248431
847555190
432053674
80939968
147202163
885361816
487682783
795561313
274064479
948054463
405884384
109564639
137212860
348090719
25823888
212981295
782523494
488429837
63569271
208676457
361906542
488726881
726891630
265496770
95677043
721835591
468173904
143841326
175881741
989362512
711697909
69218674
304989449
202958639
770284734
283872337
818915721
291037742
987784228
493922001
68140109
323776694
778385823
163214023
961375653
839400324
696543721
527690034
152880649
343872296
488683721
152002729
346867179
178526260
69658865
733294982
872585653
655448150
149319437
900666185
171722471
293530924
304469594
796080555
931687934
4284615
614956772
259778075
20559653
319017026
648842677
173260568
896312971
798093940
989558338
154657314
314805356
190089753
692793439
790303061
187303202
705079820
114950888
812579865
768083946
744668824
430985635
199856180
415817037
466928510
790120860
221001630
823068397
158679461
687525569
277654492
992111841
477224875
402187202
301332651
343187081
416678167
79962162
161746523
33586095
678265135
6433400
401207923
260532980
599975666
431574510
149771805
605860071
127043403
570917103
295068295
296685262
440782110
988323618
265436361
459824703
14879794
515350759
290708674
675769173
747853302
550744523
40506907
816683072
471855703
930701940
78573187
244332138
199304303
47040710
908973908
827103024
335879610
231627638
150386906
187709423
168886380
150115458
118956113
729930077
996148306
134632220
385494935
254722747
55585370
945366888
892886141
315509804
222919177
255265048
676105661
5181689
787445211
464483908
416111031
9651543
180012617
425192823
886873700
304340282
831210749
848572844
907321122
530587175
920736110
15851418
894512152
872166539
762828058
561283822
144088117
435996485
989532912
796390748
235738154
551282928
45176025
328165517
114911228
459375637
656928344
346653161
641247400
208739088
172299100
414593906
948284401
232339767
532062396
648760428
608066468
439897145
447062882
437544167
961616040
60351964
904288117
306657462
753589874
590003636
496983888
390862867
289108759
512197105
713563337
367506389
836635990
554104122
101508180
408825739
787257685
451076300
932253693
370067315
936184765
772136262
945423824
432199500
982701120
523273310
282966390
152772728
939064802
831869360
880613024
15624801
727385146
478462754
540674496
406232816
388128445
403341208
763317549
858409404
769770253
88316784
387531681
373360366
832913843
488136967
120086634
841465808
545094997
771855384
953139049
516813231
362374237
70058521
150531239
332920719
82497239
979726988
554485572
387624541
886552496
692401250
813728783
638899059
212856307
984118154
4351972
989943007
998358481
779845235
14624050
740608067
682668764
391992765
994808529
179492552
171819668
306468026
931862771
654638806
348027349
28658545
654856279
956447149
11752376
964481892
951176537
624697294
225886009
241139690
721900038
222494323
788227960
97329647
300467724
523715032
493137794
388621529
101771810
780538892
960554422
545845528
6635388
471902526
220769892
332416916
448832087
434687818
386901097
782668807
161966967
612126087
580923966
689103763
658879284
626700905
803490292
982601636
109883378
959000911
314796843
425498956
858741273
344452279
58156110
661387437
797072688
64110455
675850476
294339918
980354760
503495112
239521842
480658955
204908305
945534450
379637480
326531369
18707300
371385918
437005136
117858835
39871323
828363943
887240158
18827833
710498695
409658932
471731406
454506593
65439933
165462376
131489748
828791434
1127229
839073725
757731994
640182640
758963805
334844487
661544791
477841428
20076562
131334697
401795421
954886026
958796362
3318476
597817212
618523753
775948876
478109911
910534903
918355803
211267384
278661678
311325578
639212534
420515741
647092370
674351103
863362283
273093898
429437515
990873434
777449769
779312477
5312252
521034891
55878038
543452358
740321912
326500840
170611540
635529522
224462118
829014593
918089787
560111330
594962958
752366733
913472036
608129774
382213856
964262386
193596769
216671945
66019799
744511357
801425617
826762346
492089889
643235896
634025515
276104033
76594767
854275435
478127956
511845985
374303299
490824222
482282164
169152
765755946
150957779
961060500
1867015
312910919
606478775
838040744
378697027
295984433
90448437
934356284
651481745
452368886
57241327
306054327
539386721
946402459
306657160
456510677
39432287
40158723
815858940
497466961
919070455
310515577
964383055
78789161
282625451
720163900
853751260
360223420
191367151
778462847
962296039
350818379
496960765
694114203
132799933
827898821
902935520
991830081
830518893
655260083
227563322
844865037
998919138
276940521
737456691
151208427
642092761
745122601
378618211
746994119
543625732
54871461
738680865
71305178
792853553
829866230
287292307
741967352
258648792
2200642
861255338
575531092
796109603
202317675
203392097
478190781
679097112
635427455
893221635
53067730
155239414
105673873
760745641
409852617
666486442
997577877
301899591
134335526
653984771
30238473
956534846
979367716
94133590
283570171
694926004
92932957
174631575
455878033
85251463
245693613
248585312
806761864
28758098
2533002
479699511
430268602
565396149
504041944
478555049
852532691
887674091
326229672
677746577
416781331
661215892
911898245
890990908
983940692
297113653
320229291
496116030
940866867
401622366
277531067
161888573
277510578
268600146
873495590
338557648
714783645
345754411
107381806
661382396
959364156
929693060
805054931
133655495
428785023
213654168
955699504
37089976
16289213
246491654
693640311
945811903
963284514
60988649
259546051
401609295
876704797
985269202
657638398
243948503
618239332
399913752
511721190
459038550
499799409
201308099
76601452
807955795
286551892
676202240
21521798
104790611
516180325
492768099
728531527
470905979
158679845
96185249
724747995
779657160
809005185
528500031
158169394
62607867
317078247
156086253
301004224
115161661
405554977
960226271
809673396
696940131
691560903
23106740
371605761
890422344
43982189
673717814
158136566
833400112
551077928
700546161
17567677
392318640
196826940
15929571
107088325
847253791
222668026
240785544
407055752
959366807
951876660
235849754
606604502
945764786
63134741
510256495
837232046
715702876
589558214
11994013
336847317
805388287
112643409
206681162
741794693
80962189
910203121
331776594
687255172
658905438
881517659
730504235
14429361
351437611
354518109
657661220
457859796
398775877
826886240
595055583
389644196
285142604
770181833
890851565
81640021
158146999
534717694
5804389
863849177
947701075
268375050
130567409
777234743
860725823
267422274
414505456
450063345
337617551
827936642
647004690
772033752
182656961
956314568
65302756
114067509
702762705
651117592
988386611
670639633
323795454
697545502
37626801
411233645
841294351
448568600
188079809
615957801
100500939
935230214
616266411
282441103
400821467
629138394
735482331
643920329
241034115
584551401
20883847
916986653
36444033
298333024
116468694
431730101
848431810
243992918
622051772
893698276
528353357
630312580
730536909
567214294
130242871
622091646
868667229
666890813
534876402
483658290
371110045
986852591
379036267
479395309
54086549
851412671
511993548
182276875
895170989
891917083
837275866
678704005
315202805
654090744
865650269
558149737
399943843
106398698
208298334
708367057
743593615
456963230
980678912
537397768
778783608
964300979
39926041
233385521
872744040
850327797
846576984
558475889
558955886
146036589
217754839
974475074
361808238
375325531
746758642
546798922
586552543
853559014
154679933
243737435
877869353
953078328
720526557
154023863
467442132
825376323
861730190
732262749
257233487
750128279
87737871
516561124
619496117
534796140
692440649
856861708
898134057
113765836
754878950
46991813
593076572
369711218
95590824
362823393
46898149
897507881
576127917
156848049
347897307
263649559
987123985
946462717
391219118
124720460
476101439
781482747
221878607
287044986
422635239
313425586
796649093
513903936
978329864
873714306
585118986
921045538
61616419
412953114
759405962
708234642
680848352
532367907
774002110
490896528
394271213
641636942
998938158
501750466
772252551
719962934
514035152
144662195
761652239
694731458
225569547
237867460
704380572
619947869
384558070
213336411
343761535
295664666
872878727
421892309
456412816
149974991
438496465
260279085
365124934
819872015
129357215
552403095
321873666
314150950
736886934
419495534
939112500
292342763
181172355
63398494
723160274
345358534
779240445
810987174
499795095
904618267
422271268
11815028
722346706
542759414
91790776
962501786
487497894
187138349
123895039
345494517
805236601
929598358
364437359
905797062
888956973
900838817
783997887
121209075
223527003
768172252
62445955
207668130
956828681
285531775
624681763
130692329
637068761
429367321
498389628
22667647
841804889
450366156
6980360
296685957
706188616
802693630
711142816
455837450
495397447
647658633
768586589
21958372
851332335
19669167
195736977
45286279
385454839
693309512
345865955
289413987
229105640
375730286
402081320
548587692
341512299
519202479
251745890
314197336
646090598
245259281
981726892
831663916
355653765
158800625
478608360
715716815
377624176
550696939
160422789
168674466
528497995
835570018
499064255
686635198
504003325
680797869
811154637
720892456
53606661
645549168
143798968
654490780
362602102
984009274
742938860
186296963
164538390
431233081
23352672
645644724
342594231
760346299
50615246
465138665
680830603
805894671
941603248
52964618
143603375
362011123
215232383
446396522
655194506
710405110
734810637
368944075
269441611
278408145
628142208
417568091
625027506
415558370
975674483
903148986
559609274
278281212
256587833
174776394
197218235
956721836
657081475
532285869
457821061
163339031
51588402
150094556
196397527
303539179
874333782
160126201
427760975
994551816
732421834
387585485
576226372
405113321
477355267
745959956
603030719
637109254
945669470
524921062
237806256
720426151
907035369
900864300
258249018
747024739
58946720
755874314
323797554
634672246
604072208
70440315
168807317
37920937
78894284
939360491
46860078
689438535
303600883
968257119
834660205
966837369
550473191
164736480
873012091
321316694
741944325
73718114
676446675
775624336
238406065
941758063
740991405
506579320
872955370
405328029
979772482
579110685
644105440
924761225
316165582
483504304
858713304
822001384
112202548
857537339
576472530
178213705
417478676
939819235
554888636
147966300
615009326
492013937
760662288
938432831
318344503
680582718
667946546
522097297
902044007
954683374
30603068
207410205
391417502
17726569
880781987
606828794
815970077
428511349
523358990
447899265
525231393
438005583
835874483
81532812
293491842
716503121
966388024
39939965
910419566
639645093
912756051
584172468
13315284
827201523
297755844
606303159
177740834
690127897
892554142
639392478
671099571
969081300
186793679
667193952
974153577
446818888
952916195
280634079
592474431
588030952
277269871
868180427
472719588
136023819
703030213
596752811
856275278
130464750
769677296
189924127
59790620
932896349
794862309
605168358
184399123
770147948
838785732
953032853
512056670
441219178
101132376
884304610
187713424
884555309
872206667
619155192
809493056
745041112
485465607
910647352
120423887
913866671
687835872
414726951
731269921
229053055
863635884
768242342
587838755
936416716
700534570
674262553
852645564
20739722
700124683
696446317
677886434
772416619
287760044
175889417
738649332
866478680
105022711
382217117
520107911
160091811
976570630
665863579
695590611
236138285
32223311
775033932
285343080
320240583
444996170
10856665
33317401
446802554
76591374
62960592
456128466
453134932
943826912
608702228
541804531
595124642
465073831
461770962
968082363
741484187
699158200
383746333
300528697
475895731
272877558
976938188
163718404
33132684
662757057
25297841
908668089
597519704
841336594
652740183
739111451
685367964
524842675
892164507
144787177
125384522
53437836
645476436
692050673
368555596
286723248
288665268
596502153
984595719
983992897
406484890
896687211
368069136
883721829
194969100
845977258
35988553
146103861
275447869
541405900
938900086
782527398
56516584
322285935
834483976
930389691
796923465
766740015
497395131
390060702
319848589
325290865
861632035
558411070
618256483
194795400
354720043
279161074
689233304
134188211
852845359
673907636
746731463
365094180
397173432
590008789
569100796
481551243
646015734
438733795
74081878
992543198
154008036
333208551
572997034
8178130
721496374
45672326
319799521
619276890
194724122
386849280
212653101
805355765
39226832
19550090
934518252
551025361
284085666
711768748
646364270
919345283
91428197
634963594
82508602
466459521
85938908
853525020
750743556
595573757
965418196
144020252
738945159
789681826
309018488
154741471
47778421
16203565
605476925
767488665
71975649
883379153
655073007
457126475
395765662
900849995
764104555
282280096
254234447
214804440
82565784
181235849
15716687
835448855
753294878
206063420
254215578
879886782
559157985
3825659
380396008
21441709
861353267
84642779
738533236
233205828
63925192
32801591
583552317
534730962
922188127
472484289
416897401
136514493
471099945
346545674
287497593
733725968
233839205
589668554
318489288
896212448
888129571
996378478
563355033
154823974
958098510
281048867
187369230
45281396
223952959
225873435
221557036
475933913
228617892
971255481
254781601
495627560
224417662
519859940
593455149
677659953
553010943
134775927
318760394
227042698
821713618
463648920
166022160
509632253
180343067
894607649
739494926
640830252
630858276
816487596
492217658
790975192
486569020
889224446
680808200
840821469
224304748
814116332
688360487
360431183
674660293
892161653
745878783
323373531
688763196
248043681
364081957
590345548
94424886
600453591
421952943
280348947
350449793
694841380
167594216
798945428
347509372
269570355
422866271
312645112
558299316
959860473
449316931
386948901
849712728
633184394
470891802
64276715
296278478
709854241
199946338
771020380
851507536
875717535
960484502
664090966
566976134
803660051
688806067
128517740
400475555
938552205
163180172
823645686
915706981
462643325
998200411
651377609
272090108
1884687
430215461
71490220
907913278
414595695
877009844
328716006
655296176
179326690
545657839
724570918
737376584
765845498
761854923
132046830
420943286
441291463
480801946
464737264
401331656
666594884
948532955
308634577
65586995
773459516
374044174
579128688
649260155
983233362
797435928
856542397
170589342
31033597
446797181
177694351
614590423
8013420
460670688
202176540
596938997
869987868
799898298
258961218
862963941
412958465
871131603
349667754
812461041
433383086
441600196
847915878
955497682
257523070
740635429
462834037
22478521
864648806
578941330
769801539
745024909
119634517
192060484
329304724
615364651
971861840
518268134
341301419
631403095
356673930
514273168
974692496
291365735
245846136
774729755
635184421
796417793
983722871
208662296
863496533
558396159
399633744
101959999
406893507
21385569
621472546
938669372
139554062
916341516
296730219
73263226
850133590
426910882
714625036
67479922
542576320
571805185
105738178
839244033
280431659
553007673
303900656
669422918
683049253
834828343
604962416
440771036
773143286
575887254
461497761
811988757
516321697
240249223
157336873
716682598
81725105
995166679
608172569
400644608
515379223
819951392
680702448
608398469
406820653
668450097
841385645
444387451
763316461
75338083
241132076
131070405
732048069
694520722
685826115
72281567
731979712
354080878
295704441
325196387
647114843
821294549
381553691
543749919
34192382
322276776
785341999
303467882
593280131
140994953
469295697
880114380
302899714
559046149
805163402
900037577
77801321
522764071
3939046
955823449
949269369
782291724
321728456
280527015
18131355
344234814
477664800
303364545
513925733
140026372
714418984
504844356
722561949
450773994
512338047
496051809
874718684
301721260
19477046
317547896
614754917
724939084
617993352
480005480
152096937
970285927
43496728
482725444
822509495
153428209
441278943
68985230
132095385
413933218
643920643
594982250
603421750
396834501
958411
301225086
512716504
521322844
263943549
105073609
482006634
557081023
74127201
201884902
949345443
456319508
553161955
807170345
698624387
960038301
833582371
330729626
111799593
458092604
551441717
621501062
397480512
21471823
854272305
566882126
514867793
515638120
798860640
628181598
125257532
204035620
189952972
17601927
771319716
432857139
536770596
3879776
965795480
721987666
333258246
878909711
330748094
267535351
182319366
194738747
968262931
513383073
611419107
113718330
427959722
969427659
572922844
478258173
242570587
198309032
893312721
38029316
186601464
524681942
190471761
354426849
947080056
943955391
796469074
93871541
69524892
971508509
921546651
533676447
685096922
522672936
302441014
233960067
512249606
413953703
245429869
100216578
24763007
865832438
73416242
732160635
612055644
634660994
49319808
746028758
274653554
299020292
20684535
406874706
401049528
504581604
908327127
736394848
506467953
904822337
156487785
293300395
405880229
608777228
595004645
575587373
46050245
532972853
891866620
639927385
554183570
664251183
277187893
165232706
132280719
248554943
864031647
434668453
604604955
75819140
598924718
406148712
186956272
435297107
303035185
640550169
987660018
334678326
652656356
114238214
391789931
568489302
59419175
675013965
566185369
813694382
221848709
142609222
163071193
639175447
792194906
778891061
950041892
922890038
928409106
15917350
602361254
948214977
906979793
946971326
742169357
258099595
309245565
665916315
822896842
910584832
630625042
634799960
365726371
185361223
551978314
46744787
660990341
301917565
671212844
855415774
804326550
254659739
130266281
354592852
468657527
287738891
412986323
865881407
124584107
793478047
986973018
483546121
831316580
690369170
49263556
290159198
688032357
639909633
434267851
241406161
673192113
255361289
705166284
692878944
601397669
246835021
216872033
863947326
333335315
294345035
358350044
537096363
915008849
513062059
496244060
97208685
705681229
565377478
71062340
640415978
44889086
840839890
997505646
753098978
462345406
448631014
985504044
23215134
704493858
144230403
920173836
23828484
131242608
692498909
599853687
919891815
560541711
278203523
43561032
832087126
522097099
423872755
727437235
769816402
401530593
760374093
733784148
340395116
199061549
166830411
90058976
22017445
867682100
673216456
611600553
883219364
574422879
319596403
61474635
229911728
65036803
455610889
690368957
407388845
69516758
435336070
233546953
424779241
836315554
163907273
195185847
382316558
355647525
63659762
791746052
4766889
878622335
676190036
160544273
5179758
360579087
952388021
525459929
454318708
828167671
397181622
894752422
961246768
781073054
541090745
766389883
70956484
614263386
977514031
917438028
739255022
306889411
597932615
647597065
350870540
702550794
419637451
50656927
978014769
214857258
883081939
437684770
238491125
45409121
417315100
837404485
928409868
599953761
397494200
577961178
799390342
788851129
284664808
316705135
488096715
835394115
731925925
7371146
661361263
167784928
677552955
320686516
251678430
929483218
287127667
516872005
597454446
45817271
671790298
97433859
701572838
580849559
194297664
332773483
312248929
470405391
270044239
374330372
3260683
975915409
157926646
252534272
785747466
120884729
813990724
306281353
700153989
704137614
304228782
987190932
241363931
926700984
36771681
151861855
22920493
546521131
424085724
438306957
808722827
354382069
258628324
981867800
198097032
57059213
397872213
591387232
860243674
144155217
482134142
822519904
118052729
250480156
880748474
282751070
68155246
910842372
76545432
71413990
840077864
693383120
954479605
769788769
467574253
522292388
113911009
29682831
470614120
570756921
882413771
598375384
189064443
356643321
842679616
943152784
659027099
42408659
285244038
567992817
278401433
289663235
580914719
669520546
42937446
940804395
60702286
916671198
876279912
84033413
376575546
429692926
562557258
186815821
952448882
284392814
577662692
89087226
709973605
169746480
55465229
35203666
208542085
167809754
210757925
733420270
961102146
539940691
779894481
311515322
675938744
659679925
877372802
893307331
97853514
864872802
442866032
788557865
57778401
170869161
274251615
45980702
206085837
142342235
552218633
64472156
421580252
418984811
45918787
990170432
