20
2
2 1
1
1000000
4
3 2 4 3
8
1000000 1000000 1000000 1000000 1000000 1000000 1000000 1000000
8
1000000 1000000 1000000 1 1000000 1000000 1000000 1000000
9
723059 133070 898168 961394 18457 175012 478043 176230 377374
8
289384 930887 692778 636916 747794 238336 885387 760493
8
516650 641422 202363 490028 368691 520060 897764 513927
8
999999 1000000 999999 1000000 1 1000000 1 1000000
5
3 4 3 4 3
3
1 3 1
1
1
2
1 2
5
1 4 1 4 1
8
1000000 1 1000000 1000000 1 1000000 1000000 1000000
5
5 4 5 4 5
9
465783 21531 722863 665124 174068 703136 513930 979803 634023
8
1 2 3 4 5 6 7 8
8
1000000 1000000 1 1000000 1000000 1 1000000 1000000
3
1 2 3
