1888 48667 86686 45944
23435 19410 21778
36901 42171 5422
44767 84888 16688
26437 62878 34028
17869 7037 15414
39774 73608 6957
5672 71973 14088
18570 24423 30375
6793 60207 5991
48185 28688 39626
45145 82840 28757
35499 77467 35871
4450 7895 15425
13950 6510 9844
22534 7057 22097
254 31875 35221
41517 1230 28481
33657 23218 16100
11967 81434 43221
18070 9316 34716
32612 76978 20686
48622 53915 37811
47187 64857 22690
38360 46557 13868
22716 44391 37860
8041 35843 23466
26183 40044 17081
7047 27521 34500
24823 13494 42950
37494 29123 32114
23717 76934 35247
3319 78280 28184
9594 75331 1201
42248 66289 16930
23171 15974 2366
26111 18110 3722
34961 48246 27955
10331 16354 28064
12246 22171 34422
2437 16478 22731
32693 39332 17474
40008 64147 31750
14817 81703 10054
3026 13208 13754
18584 38543 6751
38962 43969 41939
8534 84099 1564
13878 62108 5994
43589 76529 25385
12299 35424 11068
28200 34793 28560
30174 53558 6658
7359 58947 29115
14151 29130 42388
33032 74610 14402
38049 77775 44103
33636 74466 1981
38765 81988 42948
15419 41174 17729
33483 40833 71
29510 34773 22089
30822 65816 42796
33525 50240 13631
43607 63375 12539
5980 62084 41305
37544 50970 26061
14802 59512 817
21380 37900 9183
15336 77802 33279
5309 39386 30782
46009 3076 24933
20521 8203 2407
13913 20858 25751
41002 24686 28788
266 44266 25270
7624 20084 37091
8307 71424 14815
32 22327 5948
282 21585 16484
3979 47672 41007
16208 60695 14352
20109 84075 11024
45854 73313 22534
41316 12040 1254
27859 80017 5226
34906 5110 2907
44628 38464 38400
41992 69803 6653
20701 7742 11700
37630 55456 10183
25320 57665 32971
20493 49142 10264
43152 9016 15658
36701 62841 16839
33926 25304 26346
40808 22434 9250
46223 7146 6755
9093 50320 4534
44525 5113 27425
25459 24643 16819
5871 72979 3496
24556 43771 12389
8308 31906 30760
19706 46873 38415
47478 26670 3054
36011 15563 41834
45200 22265 8068
31079 20145 24116
38740 31527 4035
23405 77997 10254
30505 11114 22689
27582 76314 40549
38350 10927 13769
509 38898 25969
11254 10263 17316
46170 57616 23833
35616 35434 17628
27826 34755 21956
12518 61435 28325
6785 25160 17635
48258 45331 15723
12647 17609 9615
14174 43713 9576
2261 68712 16118
6396 46019 15792
11839 12307 19799
7123 53957 21732
38471 27480 28857
14035 35773 30053
23402 8631 7311
43362 46013 38537
34724 47525 5051
7621 45568 11129
29844 60677 41585
16553 53038 12658
11619 49320 19289
5992 53715 11424
41265 1802 27930
2514 75726 16178
18601 58326 41803
19202 4858 23169
27609 24493 28909
29950 84117 38483
5087 44025 19716
9409 82376 29376
46955 47430 8034
21501 60750 41123
10116 82451 39237
44232 49233 39477
35426 33899 39879
35543 27499 12133
40568 11417 33561
14480 55837 37034
16513 53841 32126
45321 51398 4666
13572 7842 1246
16013 22164 10864
18311 61634 24962
3058 44307 41597
29349 17323 29733
23251 64630 27480
24519 47496 42574
19210 2077 34635
11337 83366 29933
30743 57872 24110
45314 76687 45477
10789 79706 21436
34100 45327 40154
10509 50667 22017
36257 84765 29657
32611 9834 12990
11560 38214 41126
4317 62230 5143
37227 15366 5122
18041 5593 14835
4834 28600 32857
44562 45129 36935
9116 6505 7101
2341 81863 43681
23405 60377 33175
6795 62632 15462
33113 18070 33473
45593 13422 28882
2835 17839 38722
22293 85161 3229
48346 70673 19469
42292 80273 27087
20144 26698 21803
212 58266 13434
27009 34543 12775
32548 70906 19270
32869 58612 44743
7429 11048 9591
16892 39715 25192
20321 31867 44735
3398 45375 31240
7829 47499 45840
37192 54000 33226
31858 76093 3265
2334 2443 8259
29938 79816 32434
46340 57989 12035
14433 39119 34130
28655 10121 27631
32504 61675 12801
36808 14632 4988
1340 70963 21391
15721 15738 22712
36794 17464 16053
21838 71317 14293
39318 52930 35463
43756 24936 18792
23203 80720 12896
19644 71700 16370
32308 4344 37133
34820 50499 2183
26858 9409 22874
47107 59403 34406
18378 19695 12637
34609 57977 32600
25474 12679 37
19916 52762 10450
2135 40725 32348
21015 85672 14235
48386 31205 11590
24 82561 23715
28931 25056 5105
38391 68192 32399
16928 81224 16647
45066 53560 37344
24198 74326 11373
29322 38597 1455
13050 4361 4481
31268 10735 39436
18904 56471 11262
1249 29869 40304
11505 9508 8860
5949 2402 15064
38150 1550 5397
6113 24415 26197
21797 55627 15526
30790 38690 8844
20970 85224 24944
19145 15892 488
44957 53023 12933
26167 38960 23181
1201 12831 33412
41977 59361 20557
932 64579 3877
38840 36809 26809
44306 45398 45207
42805 4968 13677
1979 43595 3756
17689 28632 32646
17221 57120 38351
41750 39468 16804
46236 69606 38176
10944 85902 30826
15719 69863 12010
28822 68601 13518
1589 71729 42404
44735 55518 18152
41580 47193 18962
5173 39744 18513
11843 43907 10809
28219 18094 37399
6884 67491 1267
4403 28233 33448
23117 76092 26828
3842 27877 32749
46418 58634 31462
23035 50618 23348
13149 42517 17252
37730 21499 38115
11375 3455 10194
27707 30037 7508
11954 53520 22949
13982 63993 28842
23494 34130 14942
41423 28510 31582
2060 61201 43970
5591 15599 5936
38941 35932 38190
10360 15162 37453
31264 34497 21228
14328 424 27865
8512 4987 28224
567 42474 30191
5042 14045 18648
30445 76248 5604
11867 26255 35377
41020 33850 12538
16637 45125 16837
25359 20586 36437
23690 86661 28760
19868 4460 35416
42110 52133 1914
3572 14373 6265
43839 17468 20828
47238 62193 26486
6792 55630 10044
21191 67781 18619
16137 62577 29613
1171 59795 29479
14022 5617 10898
10186 65498 45151
20975 9417 32714
9675 64265 42479
31722 86552 42199
24094 46461 871
13788 47819 26820
10076 42399 26183
11336 57169 35696
7843 30005 32459
13561 62754 23125
3875 80487 44577
41779 8310 1993
34844 13213 31138
32303 39611 39516
31985 3494 30628
19274 79163 10079
2430 21446 13757
18867 14823 38543
32947 29103 9898
17757 73501 25345
45652 72675 6612
31953 8345 4770
22376 19329 21732
16886 21942 2674
10653 33651 14367
47308 18594 37352
32703 32398 20586
36695 44789 28629
30359 20286 30007
7653 30054 23398
27660 56969 20210
6836 79842 34794
7612 32773 7975
43268 32602 43833
40980 15248 31077
28446 4431 1378
12241 47970 12355
2441 26261 44248
10381 60417 40862
40297 7072 19513
12021 15665 3323
15943 57256 36870
3719 76209 45914
44435 51625 30791
27998 23115 15874
35060 69488 989
32620 9848 11871
23109 27643 16332
25393 51009 6972
20144 22361 9342
28726 79145 2844
33697 56719 9231
29162 16002 33786
26678 85748 6350
46736 5101 6342
47715 56399 17326
28256 9547 15567
13848 36205 37306
41187 19158 34426
39691 65377 21791
17013 8804 7654
45872 79779 12223
35770 11398 24347
39379 85121 36858
2634 73492 1698
15179 55704 11033
915 47556 35950
20748 10333 27717
24846 45611 30581
19983 17693 24314
1396 20338 28430
18953 57840 15962
43536 14083 38924
30196 51960 21053
16157 26983 8283
29415 37583 1344
11301 66561 32024
39497 37077 35448
36170 52091 12804
26712 75925 1863
34874 32882 27622
29894 13477 525
4015 51688 7058
27853 1514 4262
30752 12648 14143
7173 3506 43041
8438 30485 16394
10529 5076 11368
20080 38799 3669
33218 75495 28234
30148 82484 30110
35094 57201 32605
34442 79422 32797
22506 51120 24234
27847 57414 44283
11642 73740 17899
34131 69115 2058
43955 4408 2420
16800 51955 31047
22572 83992 42287
28980 8787 14508
41026 31419 6941
21783 13616 4745
14785 56145 31701
1561 26223 1827
36116 26150 15295
9075 18191 43160
21860 46166 9901
20240 60467 43365
33172 26497 2867
42305 8810 28613
26635 40288 10393
16054 36351 9818
14577 48685 34459
39238 56063 11833
27061 7188 17682
30279 44825 3158
12269 60198 310
21407 24270 35650
36318 62527 5813
30734 77089 15778
42016 63755 3766
710 68355 18036
34986 72253 29785
21348 51254 32958
32704 28659 25893
32028 2893 11346
1176 43068 22172
32769 55537 14848
42667 80884 5276
1168 41097 35742
38190 8910 13722
37941 4371 38043
25809 52465 6418
12971 13224 11635
46048 86243 25232
18761 26242 16561
33912 24783 28780
12419 41347 25846
26796 15602 20835
9274 83472 31759
2156 69023 10997
32078 12543 14885
14151 25698 38098
15226 59116 23205
18660 82173 12839
6453 15371 24681
5277 65536 31602
23795 21437 18254
34746 69346 20798
22173 23100 14248
16810 12364 14380
8399 14206 25471
1255 85611 34757
19545 50143 26078
39555 11631 32390
38111 21474 18498
47238 59823 26547
19446 83060 1964
28957 48665 6054
21104 48892 28435
45721 15411 28617
40057 43818 4665
42054 29056 10277
21639 46331 5926
40451 86126 3246
43596 61311 43124
1168 84813 19433
44412 83359 37696
28927 11608 16725
37389 58534 23299
23190 36180 28088
33548 13568 42088
48267 3240 34751
40041 30893 28519
13279 46216 1164
42517 56065 26611
33269 53072 37653
35871 27455 35603
25451 53227 23058
33148 49101 6183
32467 15436 44658
40217 39911 15542
12523 50045 36192
44367 33394 3534
12898 40099 35533
47792 59051 42401
44765 47777 27491
47448 31989 1694
26619 8060 13429
4022 24654 7149
760 32608 11800
13886 58701 40342
31184 37324 21207
42433 72850 25759
16999 49606 14491
43999 53718 5792
17421 25700 42786
35766 84476 22728
42505 30604 29259
17897 49065 33157
47998 13648 11778
2784 58590 24007
13137 1344 4901
29988 18523 19497
41105 42961 4938
11099 45559 8331
31153 71010 10342
37202 62959 2679
9237 60231 5800
21374 17996 12474
9426 72039 13227
2254 41683 37574
40074 64895 39966
38073 6977 10652
29799 86064 45053
35362 48086 10581
46674 61519 10724
11166 76083 11885
21345 14340 15756
2891 46351 5479
4886 34768 3346
28090 827 36813
37720 67174 23532
16294 11076 15511
47697 78752 23364
2928 59751 15638
16105 83104 28923
10922 1140 29262
19536 60336 24237
35786 19866 27962
28900 26852 11995
43270 60830 34567
33012 29757 27798
14869 74240 11732
15222 50797 36664
22901 66336 31299
7549 4413 19112
41775 11352 10444
16778 63426 38772
39128 36123 2863
29259 34125 37879
45263 31414 3558
40727 69671 29873
3450 17680 34102
16565 67159 42551
12538 32744 8386
30335 26465 34075
15690 45896 23310
24829 46323 3118
30429 42086 4911
31776 79534 19023
30148 8694 18001
4967 3762 23511
42621 22487 43942
6188 628 2916
44306 5565 15685
10295 85680 21653
17592 75387 3799
21241 39772 6528
47988 39170 8132
32678 6760 6284
605 44710 12979
43705 40477 16839
41775 12446 30518
16897 34858 4658
22141 60452 6722
35345 68878 37210
11785 64548 8200
34690 47443 6879
30715 69618 26075
35381 69139 7562
25675 80132 20019
5403 24582 36202
4473 58847 9753
26335 27234 20717
35280 60848 19755
47451 7689 30910
37303 3648 26656
20525 71880 14
21945 73967 45
12507 74732 16515
31197 44284 7359
3616 78002 5720
32066 6274 19965
9558 36330 2147
39615 59371 1127
20541 80960 32587
7691 13406 41949
18657 82725 33009
26011 4686 27440
25467 55774 3083
1037 69378 12167
1991 3521 6582
12548 60681 18311
36635 79932 32438
31662 62020 7676
23375 78766 11836
47119 25676 5893
13738 19873 13192
6587 44852 10322
4107 49434 7702
34468 38813 13405
33220 70378 31794
47222 82026 22838
28672 45917 42234
3905 75971 3665
4594 36922 18774
25918 34514 11438
7844 49655 8314
15958 67538 9414
23537 64073 45583
39482 27306 41447
46322 65465 35165
47671 7865 17312
16111 11410 23507
17077 37114 25097
34305 34921 8064
36062 85790 35794
30040 18385 43204
34893 2116 17358
27966 41668 16495
27512 8073 28554
38173 46023 34900
9667 83724 26972
44663 8484 7936
41006 62236 10228
19539 46941 26380
10849 29995 37427
9780 37072 3829
30071 1360 45810
26033 43024 20715
1774 38127 12988
40428 14111 5234
22000 18612 14102
925 46971 1343
2266 58418 9188
26323 42237 26159
29021 23979 25083
39883 38158 33055
14480 25001 12444
17436 63417 18606
23619 9996 5747
20239 1469 45603
4950 5245 5217
25421 6447 39732
45491 27854 34823
29961 8524 442
16743 70063 5739
34685 38201 10276
20098 6640 42112
4270 64181 41862
15164 79120 41675
28020 36788 9016
35948 81264 24730
45009 13473 23899
43986 38012 30114
28825 9633 7659
15457 73333 28857
11124 74364 8957
25607 49797 12876
36701 992 10191
21773 46288 21617
31263 50440 14197
1052 16187 39107
5413 60197 3417
41663 21958 357
14734 69315 39626
44676 59761 39839
10902 81221 26590
9173 21220 32934
46758 44020 40513
43756 51037 37644
23787 40895 14931
48544 15063 2318
25642 54101 5535
29169 66399 33512
68 68440 29184
24179 4803 8648
6486 84810 23586
41158 11289 23185
40140 28197 3612
4096 26343 22385
462 73475 44434
1378 21638 17685
46397 27412 28469
30920 28953 23938
47600 52902 3919
24320 86151 37158
21597 40030 45479
5495 272 37838
39467 80620 11966
21426 22006 23998
14599 32721 3661
1582 65148 41897
32092 48786 39978
10603 43831 1322
23836 72242 18171
37859 7219 7976
41466 81896 25719
45560 42117 21758
10645 48365 29025
35751 80712 42088
11422 80768 22360
10110 2742 30713
31692 35068 23522
869 35733 37121
40538 59765 13132
8371 13603 42338
18667 64049 10699
29244 13116 33688
32593 56834 43112
16580 27288 11783
26756 37505 38829
18520 74273 30852
34706 49805 5536
27982 14251 7005
22056 60510 28397
12253 56741 28197
30104 13780 27908
37722 46971 27576
47811 69900 34239
40354 53760 29573
36776 31926 6777
3009 14380 310
37967 54897 21780
24135 40262 34422
20782 14304 39555
3076 26524 25063
5270 84142 44865
12950 20363 1992
30220 27937 40888
8239 68542 37601
35031 60886 34220
24682 74367 7670
28756 13670 18953
30278 75865 30502
26510 47996 18349
9323 76512 26425
32147 54221 35980
19920 67910 26911
39736 32639 17763
30458 80557 36501
1454 54210 3021
31752 77788 32894
38931 40820 19140
9031 79798 13238
15093 12858 22194
26899 73883 28458
8035 59554 29940
33665 58966 23747
44176 32404 22311
31500 27027 44725
39595 32647 43818
692 47080 42022
22345 9389 24502
37973 49786 43325
23043 35161 25881
1943 55133 42524
19203 49538 11285
31426 79779 22971
2893 4215 18487
8886 1415 23062
5370 53234 28866
30981 47185 8518
5854 46264 16142
7412 52770 24236
13658 55883 17869
2436 16910 30534
24523 76310 12422
14730 39615 45458
45250 61419 33863
47666 76304 26199
7374 78142 43824
19555 23085 13012
15020 75606 28258
39911 5098 31955
47380 64728 22198
7458 71243 6036
44376 11839 42213
16563 32754 23350
2744 83528 34281
2034 23192 36228
38719 52145 43115
9999 6921 37671
6687 32654 31629
6067 29306 18690
38899 46664 27035
34496 21831 5799
32651 85255 28307
7505 26417 13955
39150 75725 1368
25933 64023 9034
32617 4093 14069
5088 13116 45339
30205 51588 35129
5670 3772 14724
43439 73068 39161
7563 55300 4131
42872 31325 1255
24282 2135 27812
15189 7344 22225
12174 74261 3214
10629 41871 42920
21534 63631 32190
8564 53199 29981
35404 22235 3460
44631 39781 30527
34957 83879 26347
13840 41029 27755
22049 85072 31020
27480 73 13546
22057 8820 10127
15027 70559 26190
41500 29952 12962
3324 3346 38912
15336 654 13494
24118 51180 16485
27113 16847 13831
47998 17539 11331
25697 40456 37290
12774 13958 29432
48379 13768 4267
8837 5854 1628
24098 69623 35584
46978 67558 44441
13952 17138 17382
20811 31558 15075
17266 63091 448
3667 80349 23575
26490 39340 8966
5472 6145 89
862 74793 34312
24832 59487 38616
39344 77412 25120
13658 30198 41670
1399 46359 26357
45182 50073 43729
32817 81120 32424
6473 50006 34446
25050 61706 804
13264 39288 39261
43653 58142 25532
40941 29029 15686
20154 11139 5625
19184 34422 38598
37750 15538 16196
46124 30456 13002
16152 32299 30355
23611 37914 36142
15560 76209 11405
14089 78214 8577
39182 57885 41946
31065 17620 23890
2181 49958 1979
14476 39779 42598
24805 43270 36699
36301 77569 17318
24714 861 45473
96 26868 45380
14782 73936 24957
46593 71979 39624
61 38510 12727
18442 14213 9377
32839 58574 37390
23110 75631 45652
2912 84213 29890
25918 55362 1314
36367 16411 18798
11198 59848 38532
9154 50938 3073
6619 51386 35913
13250 25162 7680
27637 82985 5505
34843 16564 14273
13566 62985 24464
20837 19352 28731
7891 51834 12982
10032 6143 36161
47017 1264 21590
45124 86480 5411
12699 55203 29828
12497 60960 42328
35033 74951 8114
10431 16737 12675
38206 11593 12044
31892 1239 33676
16295 28946 22381
27715 85596 26275
34986 85364 29743
34598 32376 1420
44937 569 27863
4443 61921 10863
17723 58828 9091
47339 16874 1634
28794 58578 25883
33864 10881 35600
9583 21943 14730
37745 60439 41332
5111 56093 27169
13000 57383 10774
25503 5819 26018
4179 62214 32070
126 66986 21465
48191 80379 45653
26399 43641 42673
588 8386 21333
40260 69282 26019
45155 18103 23769
32514 22993 35599
42143 85216 22009
21831 31193 34355
25730 78128 26232
21276 26923 39966
39895 27843 22584
36140 10939 1904
48214 63119 20768
7070 879 5821
29942 26538 10243
36393 40948 14363
16346 54156 32779
794 483 20968
27459 31128 6791
10663 34639 1111
5977 69845 43818
19284 55562 44657
23498 50367 45167
3816 42402 19347
18486 64978 43525
7919 69108 6058
18680 35568 26001
18708 85687 7095
33505 51911 6158
7765 83139 24459
46158 50244 22373
40056 56345 45554
19463 12915 29640
33634 37767 41909
18282 79386 16490
22167 69187 38240
21924 41533 20581
14633 58899 665
11308 77163 43648
41282 65025 22783
28498 60777 23981
9243 69522 8737
19656 15512 24898
7012 48550 16488
30652 60089 4982
15972 65296 624
48031 29802 32918
779 71708 12468
13799 18125 6185
20821 73552 36002
25296 76514 41941
33199 10171 6732
15148 5398 36119
36095 37247 22293
2521 27323 15399
30245 51972 43818
22639 82245 21719
47050 67025 21046
28456 5311 18605
45424 12960 35699
1172 11108 20552
42796 27260 41482
8471 19702 6210
14995 24090 21118
43727 44080 5940
19221 83741 7451
1492 16147 33604
19676 67572 13089
36132 36857 38460
9894 65109 388
30911 43980 13542
30345 34248 25672
17438 7377 30370
8241 54194 6590
13369 49877 16762
7596 31774 35580
6891 65179 17723
7013 6521 26908
5133 2825 44804
15050 60844 1361
8917 16811 39614
8424 86503 18238
43163 20030 5053
30948 7533 36177
7872 74888 42015
21518 53305 7677
4796 81441 38067
25406 68169 1927
29456 69142 27847
341 14354 11743
28545 78767 4969
17906 13430 12933
11219 71550 371
13347 35511 19438
35680 80033 45818
24608 509 23850
44414 42681 22586
2860 37954 14539
6138 65268 27943
257 52055 9369
36567 74791 20804
45036 56661 44990
3737 54652 16221
31046 53399 41100
30657 20410 4040
15940 69507 13689
39549 70462 13738
14648 54343 37566
38371 50409 20192
22121 50116 37219
26008 4879 28408
10283 40936 33883
24823 37307 25937
19063 14020 9623
20344 76665 5973
29325 17331 11058
26070 51325 32553
11767 28 16636
8215 6926 26835
41264 54472 45051
13920 70335 6283
3393 23855 7899
20378 26518 32032
27426 40446 33108
41488 25835 15420
38760 51346 9641
47454 30802 39621
7437 82199 20912
22509 81489 13997
46534 71199 31674
27494 16697 6569
1957 68090 36228
7745 33349 12664
3533 31073 43987
13155 50712 33463
18600 78567 31075
35807 22141 20224
44840 27212 29791
18890 61436 36254
34178 1849 44659
15488 60569 338
37496 57732 39242
5938 45644 41764
46575 38870 34353
28862 51430 10975
21810 61932 24060
47531 1022 23063
41972 82024 40538
13293 33539 16887
18376 58604 24888
46210 15577 17704
16988 61480 32417
27829 35425 30980
43232 50615 45426
500 49440 32630
27636 57733 23156
24611 28783 42299
28060 68708 37793
357 86334 259
9073 65094 4783
3407 76185 6805
14457 15509 12893
33363 60581 28475
22806 48636 35926
31381 22118 2488
27181 20367 38367
21594 12523 36806
5364 32097 2883
16120 19614 12334
27689 25138 9524
18369 61888 39110
3649 81006 25199
13811 53539 7032
9731 36498 11227
34378 46014 26192
15673 46828 16959
24093 25557 7585
6227 35798 36790
442 84257 37567
23636 19732 12169
41911 62828 15772
45598 55748 35791
6622 59973 43555
42933 76817 39243
3095 81579 37993
33608 25641 10833
12499 42051 42520
13047 72907 22375
7432 2173 34134
48282 2869 32113
36519 53402 5948
31428 33844 8389
40252 46391 22039
47688 64935 44573
24267 51427 4884
46431 16614 28149
47632 78917 30045
42252 43377 1945
39260 51516 7821
2502 24892 14061
4727 75328 30188
15637 79968 19081
35273 21762 36737
32384 52304 13443
9490 609 37170
4573 10747 27077
29700 42859 122
8023 1706 9834
46708 32510 1113
41652 34786 42327
23701 16895 38610
23948 41665 5735
42929 78157 10291
31386 1602 3945
32251 50817 41595
45014 58694 23402
2340 28131 6142
14063 1180 32334
37350 39377 2176
38177 69577 41690
5341 83278 14355
31238 47196 2863
42751 47750 15602
38675 56014 44322
7212 38867 41707
28508 47734 27784
40841 1174 414
43174 53417 4785
29093 74469 12552
30645 29158 31537
5271 6322 44998
2757 5972 22036
27923 85335 43331
25917 17484 22930
21912 5354 5076
25397 49553 26938
33731 85513 8562
27946 46665 41956
19671 21400 14265
48401 42228 34147
13392 45878 36894
32072 37873 30317
27448 71249 35806
42448 28050 17706
3911 7933 10761
45028 38975 26279
8931 17866 10916
47567 25313 16758
18179 73865 45850
13997 18157 39281
13711 14451 7938
26267 59337 42921
30631 15270 9258
17278 5315 45240
21278 21540 42210
1174 68700 41876
34141 43897 26076
11412 23620 41168
21221 38545 15704
40389 1139 8179
47286 15875 34986
5727 2387 18434
4986 41962 11359
27922 69303 41946
3119 67783 41236
42610 54124 14305
22184 66509 34546
27844 5708 2976
38869 16441 38294
19049 10681 32589
20392 42027 20006
7622 58298 37439
12811 10682 8172
11132 45743 29099
45034 6789 10893
13881 11177 41057
11367 52403 8039
46422 84384 14640
17005 23008 16531
35023 28824 44416
17137 44673 14887
22118 62265 12627
31173 65620 34610
22657 58639 44151
10243 46635 10257
11602 28407 36224
27906 8709 26097
44628 8697 36749
17301 63359 17461
19418 15128 14734
35488 27144 36748
19068 28596 26600
20946 21870 2724
42500 26186 38077
17924 24162 21116
44064 72210 23878
10318 39710 45522
39808 79856 13562
10771 36354 7205
10742 64906 4170
10102 14189 21387
25638 24287 2631
16303 44070 16138
47180 72850 8481
24856 81053 9270
43030 52728 13741
18249 10421 1863
6940 59110 43273
6859 57231 45067
31403 68996 39431
18260 70652 24836
26022 72762 1024
28139 62274 41710
7116 6750 13383
30671 40146 36938
15317 47092 30742
17718 33256 219
17110 7346 33065
5849 53374 28196
1235 72696 33873
22686 46329 18885
1142 12787 35636
7945 75980 18836
11767 9091 17154
6439 64252 38376
9884 16937 26875
13894 14671 37328
25178 74423 39023
38484 38730 29865
12307 7893 32716
9663 35445 5799
33440 60260 1302
15547 83884 21855
17348 52329 22506
37355 38444 27393
48150 47967 30129
40489 24198 29311
32620 64244 42456
24271 42472 20948
25905 27483 24998
13045 65532 2660
346 65267 9056
17434 76711 45722
32963 75451 879
8987 56865 41399
21238 61100 20441
36365 37190 45492
23418 29761 40024
48174 12048 6815
15540 60166 35147
27692 62067 5917
2769 52710 45041
42851 44881 20035
6277 27873 41622
2147 86093 19923
33292 12364 8458
15868 8363 34612
5223 66020 13026
26534 11070 44320
17345 32874 4872
35023 64008 19797
44169 41861 33292
25949 26691 16372
40971 4327 21691
16459 27095 40953
27618 35384 25320
32475 77160 20064
15640 67193 24207
6125 58356 3460
31808 29176 40371
14045 48340 37248
18155 42117 12408
37271 41665 5704
43764 37007 1259
18323 39647 15606
11391 72341 44199
47810 34184 15592
14338 49053 6074
31726 48650 9726
47208 22284 18218
27656 64230 20751
45823 29071 23241
7142 56202 40442
3131 39872 499
36460 60529 21778
11942 30894 17169
7929 50015 41074
36681 28198 21072
9692 42834 988
47225 70881 9998
17016 81267 22172
2755 39943 42164
48610 52716 42176
30924 82330 23436
42938 23685 7634
41627 1932 5434
13153 29713 26501
27840 10817 45465
11204 1064 9789
7219 58811 30476
44086 28491 40353
42121 45128 435
15874 41413 45817
47674 59010 44371
38891 48239 28154
634 37376 43571
45233 12076 27790
22224 70468 42344
39672 12916 32220
39179 50072 37943
15681 30846 986
41894 83415 34499
17639 74845 8235
2330 38599 24234
44158 14548 6250
33582 51851 37661
27603 8028 12947
34151 8409 34782
34025 81193 32348
44130 84469 37434
7144 2433 14093
37415 78351 15295
47575 16793 37261
26750 9736 30276
13073 75564 2633
38665 30478 38707
6363 72523 6101
15836 35298 8059
1194 16305 28956
18701 16609 32636
23303 83649 34432
10418 83913 28751
18559 28419 16028
14934 68005 42079
43609 76937 13955
46140 5397 20897
23161 188 45386
12692 39274 8181
36957 19751 12712
38292 52590 14967
3603 67067 37232
45904 18711 4262
8816 66252 27298
7310 13107 37830
40110 71245 29804
8978 59103 24613
44830 51271 44774
22055 33035 42144
27076 1434 5562
41645 37660 13318
12556 30069 26102
37076 67780 27718
13828 55771 33460
28237 86151 34645
16930 70598 460
30827 73307 40569
11260 60808 40703
13258 71513 37761
3989 54034 39803
26101 24675 45494
961 63990 41527
4143 6939 16389
42460 76697 44773
37135 52993 35674
44556 79149 31172
14604 70097 30076
38479 19865 7338
38402 79272 8345
27063 38902 26131
34208 5191 12321
4398 83306 27823
34965 16308 17982
25810 71596 17859
38021 32623 39606
19423 21922 44309
20943 1311 15827
44345 18523 40374
37126 60881 24889
17734 40623 11517
9639 45869 21475
5817 27592 37279
15218 79805 8798
22644 21601 9694
41922 82122 27482
350 76090 20575
12189 62733 35375
7327 40040 20564
42084 46078 32500
35990 65675 1398
30881 43437 13518
11404 15409 37608
16368 45580 38963
8459 20094 18315
26532 38385 20948
3173 32651 5791
35212 18094 34816
36312 42069 266
37740 37756 16509
32835 73056 515
45054 13497 39501
7664 37642 38755
18790 55424 10957
16063 71780 20031
21686 60249 7603
25011 64823 43567
41856 73315 4111
48102 11718 27748
32213 60556 1365
31316 20652 42249
14477 7944 8429
32789 56931 44067
1946 33201 18321
27287 80505 31876
30515 58441 2539
1279 37762 3734
37261 7870 25747
1043 31497 27210
42346 50627 44341
4981 24651 17751
22269 7873 40727
27758 32359 4608
25639 26831 38891
35885 36869 29560
11076 59825 10075
30015 58768 1893
43602 66348 10806
38381 77919 40829
43453 48863 15995
6433 16936 44701
1612 32452 20428
25374 33591 43764
36717 35255 31289
47217 17551 39901
24270 40887 12888
34622 78825 4307
2343 22817 42069
17957 21491 8108
32229 86566 6915
21494 18538 39855
20673 11431 42144
37031 50448 37353
9627 30518 39260
30530 48787 5098
33298 12386 27830
37628 66442 33762
3342 63974 41771
5549 24221 32172
45292 53995 1373
18915 30552 9370
25126 65227 43115
30315 56467 36300
17177 36630 24334
7746 32548 30963
37906 58347 39801
14186 11851 14980
15267 27141 35135
39689 72510 4040
21287 63874 39267
3512 15986 18980
37858 55206 18677
28602 17873 43643
4723 24265 45752
44393 22949 26004
160 84051 8645
42293 11140 22216
10745 33672 40225
46649 12461 13362
21958 32944 25968
13963 8313 39524
2702 32421 1997
1636 30013 1474
44188 51536 45019
46257 29452 18915
34766 1176 20149
39408 54409 15461
45535 70851 7813
4217 27789 8687
18335 36128 19455
39453 40437 42001
27000 7321 8949
9709 77322 40159
14286 24108 34097
5636 57680 45897
47383 25844 45433
20614 73632 26561
40453 28152 35061
21228 78547 29323
47688 37267 13897
40179 43503 12394
5818 26554 28649
23917 41624 35394
25743 8530 40
16019 38222 14282
28318 55592 12234
21346 46634 33342
30181 33859 23076
16902 39567 6516
24551 76219 27825
26417 78702 21080
32858 43958 10662
42969 79723 28853
13324 54009 896
29565 82296 33407
47826 43403 22614
43388 77768 19465
14202 2481 39419
47258 39025 14056
771 41815 28296
35470 35608 25360
44806 60841 32104
7111 38148 11534
22216 22109 3806
3466 36831 43018
8770 41939 22088
33236 51905 32394
145 65045 8607
40070 11454 31732
31844 33625 8915
15942 6822 15140
32544 27124 16856
38799 57137 12423
2745 40428 21578
2397 72213 44874
1501 81287 19846
28374 47924 35473
3421 82704 33208
5490 57483 20981
47875 11827 5308
9127 10584 44813
9389 34399 7599
36458 40543 27016
32362 10682 24372
6820 85511 31874
38062 64527 21329
31519 2501 31005
19760 41148 18768
24198 20946 24546
36211 44865 31596
11508 4087 7125
23407 84852 22435
22985 12625 18254
17352 74243 5603
21513 20384 3943
38932 72622 10348
33317 54043 961
37905 50660 38975
45626 18091 41108
2823 54477 23947
35065 20069 27206
12294 83691 20080
19326 12408 4280
35473 25358 38172
18418 76282 20646
15620 64022 43030
28578 58492 33282
33393 9561 42018
33485 75246 41358
30738 75713 21994
20753 75362 4376
9050 84778 18172
5017 40301 25038
45111 69161 36844
8481 83982 32018
44340 72219 12145
3293 11712 44498
3375 66963 37393
19284 7693 10109
22943 16848 17480
1895 63977 14868
12709 32370 39687
30124 29619 38137
21244 34238 13329
7027 56523 1151
46834 82748 6059
40807 23531 38400
15050 8232 37535
11074 76138 42949
15019 71969 34151
33313 38831 35599
81 60737 28555
24949 48005 33097
22698 1673 23218
28798 22414 6289
9395 24506 18611
28775 37862 11325
18180 68396 2568
3790 80188 3558
15485 84539 25363
42546 59103 28890
1180 56503 33656
46437 63460 42690
37334 44957 19941
15374 47416 17395
34098 68130 21637
40512 17317 14013
34302 45948 23875
15237 58985 27528
6205 52750 35080
22936 44089 2923
22265 85608 22668
6081 24936 42113
8113 76432 7507
938 2906 39721
33037 34252 2074
5241 57106 23312
3417 8312 4004
46222 58103 12482
40182 33929 45752
45377 71703 30932
1391 36885 19277
5639 1579 23684
30796 2421 16162
47286 41083 4784
31634 64662 41784
45506 63554 23595
16738 303 22630
8568 18620 11168
21181 36692 23567
21394 29629 39245
3084 56535 41147
12491 75856 32641
40174 52995 40759
29736 44279 9211
38007 74382 16477
1749 49432 38763
47990 50691 28481
19969 37420 10016
26651 68605 10895
29179 881 5111
43275 63080 41529
42538 69380 20641
33046 33346 45647
19307 42780 17022
5864 2531 5286
18541 33535 43311
17517 8157 1433
47664 21394 21487
12807 56033 8922
46855 36575 40291
41972 23353 39492
6760 53251 25801
36980 52531 38046
13819 12245 16156
33231 60160 26001
33121 64826 2334
48175 14480 45491
1404 60056 25127
43769 69541 44296
43238 45517 4389
21204 17612 20882
29417 42361 43547
24488 86192 13134
1530 40099 16347
42551 23676 16452
28738 24617 30436
17718 69613 4663
1601 35983 44869
356 59202 7580
40632 75708 11235
5608 33806 15000
28679 49150 45259
9987 17747 45908
27640 71000 17161
3609 55575 6329
37486 60688 3551
5416 21819 6195
11433 33809 547
16682 19996 8095
19547 47782 37759
29032 32945 38453
27624 10207 34013
25688 21448 4807
4325 32512 19169
29626 44274 32165
30276 7467 8708
43000 9655 12219
11427 31207 11956
34294 68233 33046
12974 80847 12752
28553 27880 1405
4900 2258 4743
12886 46343 20368
35543 61583 31125
18523 12761 22562
4375 10238 26784
18231 67260 43428
29141 57327 924
35101 39163 36028
29252 37858 18487
10772 53804 36279
23117 34120 12515
1236 5215 38397
3783 71521 6856
6124 43980 26941
11867 64852 28747
6224 85397 169
39671 52119 9001
29913 51400 9845
38692 27921 41596
33281 29461 4180
39105 66226 12792
35120 84474 9558
47014 7598 30084
26837 30110 32450
4216 22912 18020
2214 68786 11157
18768 15384 24079
13031 44544 22798
15691 62498 10070
36115 52035 28936
5520 29664 35366
18927 72960 34104
44161 66261 45515
19430 37041 39637
4711 20798 8743
4378 27771 40703
43873 4421 25970
44185 19446 42211
47625 13952 18422
27566 14425 19032
47052 86038 34377
24654 55429 15883
10274 37238 17603
7693 80244 30735
15822 66426 5989
5073 37895 33197
15912 16100 21153
46553 19051 24287
22364 22830 7013
34309 43987 10926
14729 13928 9405
44182 10246 98
11788 19360 38505
16833 37497 1735
30273 83395 14125
4052 81909 32607
44929 15139 7248
14851 60470 8072
27789 2386 27588
47160 76758 45064
11745 64190 28349
20791 58293 43607
44556 68080 2253
29868 50384 42203
37611 42247 34460
27435 64465 18566
110 46752 35225
44571 68846 3373
10334 74875 11165
42356 67420 15934
18595 60906 21567
34771 43314 842
10990 70073 31240
9798 80363 23331
28070 79112 22995
40172 23319 36218
40359 37565 35110
48147 39893 40823
9149 37983 1410
43062 54664 15773
34589 35867 2949
47123 82204 18287
23907 19179 31595
25395 50893 35434
12540 18731 15882
19221 28827 33521
42276 65032 28555
32907 44430 23889
43811 27490 27594
9050 27966 6169
28055 24561 19822
8025 70093 5012
18417 49483 21001
10058 30810 39243
47060 53087 25706
31849 71875 29995
33314 53582 9586
2899 56328 14847
33840 39534 34007
31924 2756 32286
39507 77361 41272
26516 250 36588
20509 29315 34219
28869 72625 35116
12727 37170 16665
3757 66008 1861
34920 20455 11777
573 13392 4779
46195 73340 22200
34933 53541 3850
6244 20028 11957
43381 61243 33815
36649 10701 26620
17166 60952 37624
3115 55407 10370
10640 24165 6685
3084 82740 44945
29933 13364 15871
15941 33839 35241
8526 73598 8472
13129 62550 18477
9139 36626 23476
972 43178 44136
7046 45001 9571
33811 72904 20621
34598 70549 26249
34044 34493 26161
16795 82263 45085
34416 32870 36780
19806 65107 4452
4889 8359 11187
29170 15302 37168
14620 10870 11949
34020 13006 15692
11693 71594 37569
9031 73173 18012
29791 61009 35626
7952 44187 10298
37815 47468 38696
23179 46135 20841
40430 82360 21672
47146 2797 38000
41645 42061 42551
4697 26110 16002
2134 4527 11630
33465 32716 9006
11995 36787 30470
38141 12793 29078
40895 38042 5557
32592 59686 10290
25362 41897 21462
28728 58594 26749
48222 59717 4193
36148 65702 43362
48219 46233 16506
13699 51475 20477
19457 65288 36093
47265 24110 27912
9371 10202 25876
41131 45063 5674
16348 9059 32847
33640 72549 11549
21235 77463 40547
46026 23300 9101
37486 9751 9647
7308 10353 18664
16795 11593 8221
39857 63109 44743
39385 24344 31494
8132 40821 7171
7126 49250 23413
28129 56672 40803
20952 65885 20597
27239 9521 21001
44474 377 42872
29730 31609 21096
9258 60615 26277
47327 14757 27798
32470 4883 8792
9188 46293 5615
47920 25301 28557
31632 70489 7190
41325 67080 14208
17068 52048 38657
47280 15780 16868
34180 79823 26432
40133 12853 11595
28715 64901 8449
2131 63962 14104
18418 20239 24149
17766 54109 44256
12917 1258 240
41115 84867 41481
26260 35654 9607
7166 50289 5605
28530 29096 39633
38175 69115 22812
7833 8565 24961
22421 61186 44878
