10
220847483 418389667 402804743 357151426 68511271 216260779 286305552 230028083 274064987 238517506 
365267521 606400399 756938100 117588207 139213361 46350423 106238120 867995763 883539537 373001618 
178650216 518774786 618203073 829176810 427033158 510258340 566984883 372792873 244965745 614134853 
487059896 251663889 153196112 972845900 720616193 230086917 131910427 204015749 432802643 676275709 
692944708 315450717 276284539 431418510 452906340 135175778 185269297 9206014 110069000 148593629 
250027107 282468291 697738537 805440683 664792559 619426154 163584655 586592915 899866642 37774289 
682721963 974505112 776215534 90283561 737796106 295410784 724225187 377014614 449419092 559909362 
116168618 233908397 608612719 786284082 523899546 46633713 5738485 774055639 797541964 462365738 
876443148 29501455 160479053 993232196 719878251 840876856 652334964 206133354 87271522 457319470 
892198338 335411970 664936792 563328873 91109352 173740570 607460618 742001927 280241881 731027527 
883012662 180951505 740512053 384876426 941256464 968329362 263961711 71764554 189172871 609716705 
566377782 881511185 529879081 296974343 847889363 335828031 615116396 957134981 463496613 474318114 
137413179 659142590 918107282 963767372 750968528 924819373 357512072 543327376 922424700 929145397 
939653294 679575284 801579548 45924282 427033158 510258340 566984883 232076585 640741354 999786360 
597047119 449038543 763040875 752318884 720616193 230086917 131910427 20308136 384161 232809716 
905213319 823317179 15069506 878855170 452906340 135175778 185269297 787406357 984006771 754819066 
781575362 984964143 885334480 272101907 208747863 992358750 43098258 496511964 662303649 138840497 
648851858 724682813 634240114 781852870 541029622 592086679 169561644 645030053 5631288 562804690 
161693489 762111137 195238063 464245038 717556857 580253406 473499418 857639624 702327822 462854901 
309439442 124552990 990332767 357791078 284593708 321990865 144328785 769963955 987475964 61356612 
