40
455909508 688687972 436683791 360960313 107671422 411666857 581974559 205247795 153540030 138046353 801980597 344514181 629714338 767433656 658455788 724386110 633765359 752239339 459513685 173233154 59764776 898245594 54747567 736999384 306110771 617123539 959202872 604921305 692702001 929923776 100447271 702649151 366735414 411368057 951351821 993326405 170071431 223693040 860966776 88459555 
131693534 55815543 790706377 410751433 131069249 50715010 778586681 20821799 362416960 314620942 432800575 825777557 132607375 113308032 41029337 802090030 161948875 753404780 55044927 686610621 491999833 236298234 95768396 877322509 107665937 956201363 137103383 910891274 9477913 466245109 155726157 92613567 693381234 108353262 15644728 363108073 696615879 324304362 205852714 269764807 
690491811 339367337 934223596 847516228 456023005 228584153 580648738 522915137 624989094 491540548 948597184 373063531 330056090 523092176 6693496 642367479 444226751 880153932 431874165 116126407 535821328 854638368 163183196 177206574 499657087 32912484 97111930 508026218 104434781 767329061 559684225 782244289 159838246 783061189 682915658 228030004 685710053 173348610 610870154 483086888 
84249438 324344260 889179973 858247140 312180814 378276943 299913486 455860033 76159629 641784325 240599598 916632071 560059507 938170178 485341082 138196921 804660332 796268279 13079698 266465740 877061874 961444220 450776401 752522476 813610797 812411838 16624635 171866120 419126488 182300675 860510746 811619234 427431894 269889538 996836096 223530410 487158708 311464903 24511750 516678481 
68685048 114184911 15079312 772680929 807722005 834472465 803192756 405669573 209415226 419095839 165839540 897558688 700339372 233117633 224395984 640900145 279319506 882230327 263235765 590652772 854568867 89210022 284384266 332569893 979446176 568901054 503885332 375145125 387329375 773298823 18046388 393458954 65911947 84636458 230681173 333899559 143488522 316112200 10889556 307824333 
522596850 184145009 289690402 20877944 984339997 867980063 608051760 186756707 486276492 660304966 563690447 617410055 287721351 259140061 220831974 270240116 219171030 597542555 446074647 570013312 132303825 374952450 817161731 812229888 172728312 811277675 178534793 129544007 253964199 166653970 12094142 309574007 305865182 65690050 155220904 212205639 343536027 518461212 329888120 266423340 
858646697 934457637 735619606 549512199 481054069 640091228 776414993 88925289 29170394 227572606 679265399 110834916 330548560 202747007 442916779 745784256 247781257 266580984 285771335 516131527 83022555 450276076 255067372 502770672 747486259 663567397 487866270 124595275 267228535 135875457 104987719 499731193 690343843 753016924 24650601 953521017 96846592 570064341 142370407 601787656 
29271263 277647629 906607851 413869229 388938471 430124565 217427079 815405167 575027418 793242270 672087277 444144635 943315658 633137986 386605973 431548982 678721479 68830950 848085566 767603449 420770365 200269879 212835911 41974136 204035945 362840375 90942937 53372720 82461615 717173588 116072426 225178227 271763660 810147853 420853344 759372193 316392634 590023295 494056936 198102662 
845133604 717889312 107368212 871704216 808854376 763758301 958564694 908226939 957697536 96860021 967765640 448934844 529402264 181648020 669093271 995308714 507103207 893517235 907060339 879871958 7145328 71988233 325547829 470868287 962946422 836544993 843385473 356936058 251006692 143204384 769839561 131580112 790979487 363212522 373552493 989378758 841074116 364257367 307585926 75761286 
630163262 280214693 630618353 653602832 589380288 942800887 623755743 269645990 38793775 923230918 916085779 354911594 211164782 196889836 911519732 653616137 990447420 551712618 822203776 63850405 976846093 870133316 169457273 908659312 354149133 56141578 200247006 393028496 839377705 325142737 272263457 376493784 850761954 599840605 154048200 897090473 20035302 338578532 271747287 159847514 
366586035 439723380 451585749 70744217 243512937 270835085 55140760 38241784 237988437 843939606 113246981 931545551 151202611 297500317 145617624 1168105 774965957 385057200 724073377 274583596 96417826 469674787 677250084 176395137 188023477 980797135 152241321 386100735 242414246 900992513 882998299 3741545 700805981 884998421 248621008 237602564 324057633 583517574 977003617 286444995 
840487357 207212246 130455139 116918760 475250494 598121000 516296740 201645369 853961616 396681635 665458791 357603554 532957118 81893146 510774918 571860047 24117042 363192617 236217588 21826982 62632951 795225334 468212051 199747531 200098091 119821541 89385422 228828262 226286811 832717659 459511354 952759556 307811051 159152927 702802219 772722794 687672959 227767270 112364967 738820909 
478115852 349389227 470535258 614314249 265517592 520739933 572993016 608393531 767723607 532185645 901059160 991737529 301876768 994447942 469778692 51009356 905045405 353875067 741961570 278395764 810419860 149190332 119002313 215080238 26288050 530103305 76364707 128745028 116136784 325455443 594327648 110358808 352649465 531231471 740315358 846219166 625585425 234848837 255428539 466069501 
658162806 726966594 419420824 388646318 120061254 939406384 28038658 204588339 649348356 191767080 416497180 78032937 290589287 317138898 632498950 277852242 117413553 393967002 286687646 946769203 388081000 295768350 34032852 697578893 432986082 482536625 217800711 218899597 81637306 924752133 921031613 543855970 807318481 768009695 169966336 257550684 282593939 153984120 133470893 687990602 
633700094 539418995 231278886 999272493 393031340 861267359 241180733 746039950 167389876 568995794 5911322 520747774 541385999 107154519 945168333 379077783 22601204 722724582 402618174 772675596 613824383 528985652 444580851 122601998 480986136 37496281 99683020 814394835 344304899 419138130 968210553 277147280 600750692 108769774 660690578 318947136 146243778 399365731 58505473 890568890 
20786033 939480250 601230766 820606947 529709870 74997494 340622888 329965848 563582875 973531187 658014551 917708645 370894304 770343365 957882932 109839776 874310718 447152799 472815697 216451566 775266855 529074914 523250795 750399439 77804604 192940738 48238855 635970155 404524039 314564014 537227244 591880694 33607329 731658517 772391311 436044192 327381614 363306519 28945340 825893131 
228778179 204468896 113106308 26846895 500255750 847468886 541862615 387724031 906013698 740560037 403540803 71238025 328611498 144138145 264508967 721216302 516031992 893946653 379641303 521748115 794836988 358304157 712730789 705623359 636907248 885050954 594132048 480476182 998602675 272116785 287536753 151226577 107881337 68892841 744556588 547068909 624651073 50025420 143875464 163092885 
248043373 986636538 161506410 547715905 609449885 61584837 529410417 688034599 861758888 927185266 276582855 569551416 655428705 578361488 459519035 150032793 902175967 158897803 141280223 232832487 118983058 406326954 626925851 220128736 353261360 505525219 234326312 186278590 748292033 963363253 647453475 828712682 55255652 616454929 487329455 337819663 851793518 303633911 669607993 606455976 
261650929 4045245 419642892 564457431 70364248 141233805 129936639 466002835 989295141 149981959 366920320 501706842 81404605 956619435 47270823 651485857 211433424 749114088 249133790 726914115 1658642 228604614 15872179 272469423 157814886 698702443 797972722 441395111 627014741 800028140 271220416 149796097 518692854 994214371 32473219 419458794 233968547 854699101 209919963 306902035 
58316075 26847679 256692879 356764416 734480121 114149404 897187829 991299591 6911602 747352868 817535677 80167465 593698881 981233894 498516704 105055121 21394316 566458932 85591521 997560590 16370871 493172632 925549342 87045858 213496065 559161004 544676974 453158723 466632918 724410657 29301407 267682202 902897736 930581384 310695089 290295052 615971240 431530312 235385615 973049883 
191989416 844698034 439385632 877470002 9299796 194859718 102051000 81855813 384886458 142748576 245531897 216847050 704673437 859299432 135040205 898135468 50642483 60649708 53607491 761193292 858414597 408697591 446263624 533538958 956485959 468783506 808719065 49179644 330149759 89089704 446256068 601087310 625843823 583592400 237308747 703581682 509971796 456286957 609907277 572295555 
2107095 39743646 575382659 809562237 269232450 912186391 686697665 938424253 162052615 224926782 951468132 807606827 579271987 121414200 340207027 621484 601161160 939603815 912537506 327445721 287873467 59882079 152485534 152812800 688695247 627626888 191931733 748059590 593674040 135685656 436601184 301644708 960168599 269003469 646068304 832339193 629700564 224473482 525671936 353604621 
846937302 878759666 89683547 83223877 215863046 695403647 265003346 823348545 779305670 673893352 108603771 932622380 600740966 740227088 361755184 729502244 194319700 26466425 573409908 366952630 473556563 494933686 271000498 82121763 354485677 475822736 889941103 175232937 822202345 475463712 35009311 714626077 291682807 226131348 30253235 777997216 410582270 990727514 531766643 996307305 
28460495 479153743 778261851 628358988 135273717 862838289 279468853 453673921 910470691 393478862 320539967 472091303 635985780 614422197 543720981 939296046 76342116 32538208 628038115 601071812 303384425 708694175 704361553 129819359 474424452 944166707 450106347 997344713 399527510 496275501 73867420 490464678 801249829 115303675 617864184 570680066 637048426 750648512 464780778 979008258 
523382442 689467013 575654415 437949693 282708718 309187013 266910221 563678504 728228715 348900148 331789244 652101137 63635538 875143127 723076020 583930125 155976828 917704083 267329542 583566936 47316987 168010404 829106770 161042509 226763731 157869546 240021716 520149772 197202270 935982252 214939602 767451411 167774700 816196336 602467761 296766623 848769502 621764267 496030728 390862839 
893587977 383983498 442539007 202040032 91451526 967990072 873869383 471386461 980469889 518010799 667302852 296306226 944464792 293916342 269255118 710101751 530233158 123491393 435480670 223052292 481458637 454639577 999036033 588163081 656663336 492182818 156353896 633647693 959210283 291080021 159117490 720216089 358537034 254560465 595483835 562677371 891030870 793526433 43062787 757733421 
294161169 882039637 370008711 469616133 995677230 947581728 913095445 230887536 653208890 82333317 91547939 719809862 539453186 114198087 153069997 201600290 133366147 853958101 871259592 403504323 204131305 963899580 932316944 355733554 85262706 805020711 7582996 743530919 607275519 280156807 11178459 156923817 2679617 336483214 287545489 51680344 968189616 494130218 149666874 87111914 
503095313 392113514 614424674 35209695 38703863 791409374 256427635 784857459 320916216 90076059 755312181 88969702 269040542 107197408 818094217 405591902 774335681 971129768 308480488 941980751 654942934 570396454 47952327 360284309 306980763 812312365 67646816 16878122 500102113 363175620 398059145 339607275 461712630 223852067 211566924 334210816 812252074 602735272 819154032 492295128 
4636080 555010954 845229561 429493839 24892326 714978462 634238860 367876493 215569616 116137896 592911807 652705464 249900275 140552928 634354657 614839566 622743760 93175671 660438274 233677580 705120587 488636697 256095006 2562129 143999579 950602812 386894962 93751991 655234672 470795727 477036879 815924323 124030535 210903520 101786001 434604713 403465983 47198612 6722115 344413243 
516607152 686230463 360042793 656497868 975920004 343502810 15882734 498332557 652853403 790268215 889589339 728703529 876344922 747133104 728529757 569383660 936992447 863909038 85345155 613594069 52921901 119417824 81700932 435065990 690088143 305476205 29384337 606979731 717063694 839473366 169838072 902088561 976224927 352021496 291140965 451281771 144107711 649253537 163376415 604464817 
671231730 127221895 724544385 206963811 282638158 153949500 921411479 862176075 954625994 575164314 876953298 267316774 32839734 123372716 849667968 22482459 384327161 299527918 854776146 79904577 586671853 481559481 70273303 592885867 873405068 465201203 126551950 400929932 437343809 271362011 147025535 111156848 56131762 626731464 935786113 52083497 646614828 313405094 486199944 390104644 
698015502 151955 490676530 242657475 980650618 104388302 268021804 188920987 801553806 247876966 642375866 85559623 244269429 606814243 888166866 471411062 617507181 713073003 700540747 828176575 564267896 666593202 835180557 260936403 40547837 655073767 158235294 756046493 453656140 967246392 90700861 682060961 582758651 644569129 111604211 538108185 576012615 804525825 36422259 674113086 
337247550 585244160 187489409 795335240 520916328 277761592 698932085 326108980 254442872 376853665 841626322 860789837 304755198 998829100 696538067 875352356 572047085 120871192 775989655 597429248 213405734 752652809 224695892 844797693 710434050 395073717 185824945 831584292 836820058 552546439 794804154 642836645 203143546 208414656 903249773 369209669 865416452 822584189 656334393 42557247 
966728820 906086435 182354077 943209998 832880713 967219555 128103031 910506725 911081089 120029471 764518352 4697246 751925473 808236669 6067340 923759114 330366766 593979982 547039320 113943494 252328181 265477947 247176836 177374485 221125830 163994092 523240790 120147145 16203091 175610027 366652844 57004478 151239699 957845793 23715671 521999604 62378538 24110228 353416285 35526451 
461015006 953798267 559710812 522539990 65420296 620536403 152347562 285945187 246890718 371066833 651315022 640500354 10249860 881382039 707663554 30492202 166071780 108450559 358781409 292640972 219662086 190244985 980487402 386167050 761105184 102466888 300416967 501906546 102837026 561947429 830381845 706009843 463416754 485502297 631647044 257104391 826372846 981959405 317106604 423349204 
657683589 990963257 31493374 13552396 133940284 912907007 333325721 414221692 492768272 594556156 415788569 52413451 315566358 743669174 944446188 783334780 27684454 88126491 814508879 902780046 60855815 853507415 868254872 633422521 400421871 32459586 187573602 645929018 25642892 444053230 579351258 581833091 967247150 719563390 326673222 321071288 768407672 80749969 136520940 602850671 
430159762 90906336 700887066 453177278 307464499 42240588 930620921 627444427 926640850 858213796 702922272 156572893 419378985 239385731 965974900 787013783 871751761 607238168 915332624 763351660 186506198 759559779 754424581 432307106 922999807 722429364 763012459 453012819 514724009 53818710 130970575 544138153 486994780 808678833 536151110 47166620 469402257 563965557 525182144 453604759 
154973363 531460365 951219876 714311599 475599376 343944065 591011553 533619241 978706351 174676082 38419779 669191370 787663342 329447615 430463965 226070853 933448092 72953316 445367739 122319555 831380216 162991 373736053 287682021 738397865 831717917 613735409 664963378 529813681 936923447 199514052 619648009 208630753 766070518 539684151 548212676 370452261 91491016 18553771 287866842 
423368052 71944039 647562690 315793957 352233823 101860644 471098538 297759925 238394118 750745598 925677698 166567828 389909112 762708649 20841969 777315069 967272306 743527335 491789670 191922595 339098479 216017215 910889215 159608435 899959248 454585229 179408054 803382471 636898436 34904701 148040662 135804706 713174711 501748624 602590573 939742427 593693682 916027948 362904510 199655101 
977843305 852340351 72304028 597622617 964621869 609372594 831980943 199930153 173132988 130910436 40879828 230709674 725364845 273979636 75876320 431933293 94177330 197150652 510090409 324129508 647041297 783613206 222165116 91312428 541636188 514271803 35918264 229003986 398588866 135275367 407604460 867494825 11626014 245453987 625953064 269775363 506848258 718513965 141599572 546220623 
921701231 179524758 90022977 64306255 872215079 38607255 12869778 546461972 615779460 382506182 750596658 252319836 253861495 271449559 511309267 880927440 646570608 702456479 49555086 464426624 615627572 617853421 230738102 872223763 769218843 7462971 670879564 666340816 551877412 149589588 7905645 581903384 571015220 266072238 488733909 471816313 447672601 627203984 131705475 377682555 
959302935 772335627 188548328 458996051 168058198 651249291 763239033 51504914 322845884 63820607 595937935 537905140 210205514 189235307 656998482 862708709 298354682 361261634 397210769 744519063 509559389 805706567 839347693 385493959 205877735 446837272 255929560 301169235 262499775 598756341 775165246 353274067 260944623 549174357 761027099 266942173 337127791 333473150 32999837 780701723 
998106065 58085456 974271539 182804878 326498466 961211073 422414134 350664638 697324538 71349727 559208702 127575982 466955609 251619663 263590103 334326293 716533913 339102819 930840386 393248865 234285446 734044473 160249833 880065832 135755812 888566690 438389758 593858659 197049637 836639848 902911964 310354115 807049712 975824576 566028546 999025713 762235427 681507125 623674773 919825757 
633798207 64562886 656128598 277105922 306567226 100117232 443932140 77082473 582576556 85026138 923572602 794962984 904493238 66423661 336900875 351694688 251783408 429039273 352035394 264047734 499190239 469279924 739824654 16003652 251421311 187776832 767980060 518370531 147135319 524273175 545361491 589383107 664988195 362888839 237334469 22085093 331822541 844095595 622521950 991304087 
423496931 703763254 837540299 302688355 714628232 444612051 643005174 565969696 267177117 33495332 202201742 680943513 630810018 230109543 27380332 152103576 883211387 235711473 15419000 477762209 339919155 379309755 411922287 475571860 884750088 912788046 642891339 742824806 744943015 850081773 668580656 47134317 290364636 802649147 616595418 72715945 145157247 8433956 151574052 475344099 
655102693 668207804 961368942 354911594 211164782 196889836 911519732 653616137 990447420 551712618 822203776 63850405 976846093 870133316 169457273 908659312 354149133 56141578 200247006 393028496 839377705 325142737 272263457 376493784 850761954 599840605 154048200 897090473 20035302 338578532 271747287 112684107 881753163 948299313 56137465 586639215 595228391 37515251 332402885 221784663 
521628086 788668258 549458224 931545551 151202611 297500317 145617624 1168105 774965957 385057200 724073377 274583596 96417826 469674787 677250084 176395137 188023477 980797135 152241321 386100735 242414246 900992513 882998299 3741545 700805981 884998421 248621008 237602564 324057633 583517574 977003617 442296626 36147328 575162207 23980004 630078790 406504958 391542417 535954072 506018341 
595033285 315800326 586477550 357603554 532957118 81893146 510774918 571860047 24117042 363192617 236217588 21826982 62632951 795225334 468212051 199747531 200098091 119821541 89385422 228828262 226286811 832717659 459511354 952759556 307811051 159152927 702802219 772722794 687672959 227767270 112364967 144865823 490606706 195526318 116965532 665738387 347582069 733046786 391778898 721815640 
849295137 226941012 10775137 991737529 301876768 994447942 469778692 51009356 905045405 353875067 741961570 278395764 810419860 149190332 119002313 215080238 26288050 530103305 76364707 128745028 116136784 325455443 594327648 110358808 352649465 531231471 740315358 846219166 625585425 234848837 255428539 780543520 314031644 515892895 183934937 173066416 971342071 432597141 149709643 138560438 
834686374 900492719 145596927 78032937 290589287 317138898 632498950 277852242 117413553 393967002 286687646 946769203 388081000 295768350 34032852 697578893 432986082 482536625 217800711 218899597 81637306 924752133 921031613 543855970 807318481 768009695 169966336 257550684 282593939 153984120 133470893 412689549 639161395 785627060 24871706 777849721 688500952 40916229 740066199 210142942 
260776725 409248012 210728163 520747774 541385999 107154519 945168333 379077783 22601204 722724582 402618174 772675596 613824383 528985652 444580851 122601998 480986136 37496281 99683020 814394835 344304899 419138130 968210553 277147280 600750692 108769774 660690578 318947136 146243778 399365731 58505473 877316131 766616572 901252765 277616441 165287948 584980215 702707251 198211405 309902552 
462639329 494115160 867008449 917708645 370894304 770343365 957882932 109839776 874310718 447152799 472815697 216451566 775266855 529074914 523250795 750399439 77804604 192940738 48238855 635970155 404524039 314564014 537227244 591880694 33607329 731658517 772391311 436044192 327381614 363306519 28945340 946920247 805192184 44704912 172462293 56398752 799359675 356348877 802980256 27645664 
126213188 661243157 394193830 71238025 328611498 144138145 264508967 721216302 516031992 893946653 379641303 521748115 794836988 358304157 712730789 705623359 636907248 885050954 594132048 480476182 998602675 272116785 287536753 151226577 107881337 68892841 744556588 547068909 624651073 50025420 143875464 329850175 572298599 482044270 924714270 766954438 369443737 176994953 926417629 932973899 
502775170 773431978 489616177 569551416 655428705 578361488 459519035 150032793 902175967 158897803 141280223 232832487 118983058 406326954 626925851 220128736 353261360 505525219 234326312 186278590 748292033 963363253 647453475 828712682 55255652 616454929 487329455 337819663 851793518 303633911 669607993 387573302 730848252 518157018 444475574 41428502 411834375 896992221 688883398 595335115 
118594881 808243138 535001285 501706842 81404605 956619435 47270823 651485857 211433424 749114088 249133790 726914115 1658642 228604614 15872179 272469423 157814886 698702443 797972722 441395111 627014741 800028140 271220416 149796097 518692854 994214371 32473219 419458794 233968547 854699101 209919963 847722503 607316924 703570102 327862988 84848502 168252073 22860050 341108589 189461697 
150896423 45793487 334872234 80167465 593698881 981233894 498516704 105055121 21394316 566458932 85591521 997560590 16370871 493172632 925549342 87045858 213496065 559161004 544676974 453158723 466632918 724410657 29301407 267682202 902897736 930581384 310695089 290295052 615971240 431530312 235385615 945494557 757885524 706074529 194577213 906852859 157780905 382087001 986006598 291976757 
921659014 248755390 793655745 216847050 704673437 859299432 135040205 898135468 50642483 60649708 53607491 761193292 858414597 408697591 446263624 533538958 956485959 468783506 808719065 49179644 330149759 89089704 446256068 601087310 625843823 583592400 237308747 703581682 509971796 456286957 609907277 830706775 95700035 112083766 326089064 997851202 51719220 598260395 858600701 222345203 
746967204 294253814 825372793 807606827 579271987 121414200 340207027 621484 601161160 939603815 912537506 327445721 287873467 59882079 152485534 152812800 688695247 627626888 191931733 748059590 593674040 135685656 436601184 301644708 960168599 269003469 646068304 832339193 629700564 224473482 525671936 533505749 361653756 315040997 153432532 152668082 863032504 851528561 694666293 223685658 
426385955 212700804 141083948 932622380 600740966 740227088 361755184 729502244 194319700 26466425 573409908 366952630 473556563 494933686 271000498 82121763 354485677 475822736 889941103 175232937 822202345 475463712 35009311 714626077 291682807 226131348 30253235 777997216 410582270 990727514 531766643 468534346 292394591 837532028 377426105 232461221 364625397 449386852 285731606 414372223 
31500848 725492531 506440501 472091303 635985780 614422197 543720981 939296046 76342116 32538208 628038115 601071812 303384425 708694175 704361553 129819359 474424452 944166707 450106347 997344713 399527510 496275501 73867420 490464678 801249829 115303675 617864184 570680066 637048426 750648512 464780778 430635392 306298561 887031347 237230283 438442761 758574451 482439817 306765225 465805222 
903749271 58856798 14377812 652101137 63635538 875143127 723076020 583930125 155976828 917704083 267329542 583566936 47316987 168010404 829106770 161042509 226763731 157869546 240021716 520149772 197202270 935982252 214939602 767451411 167774700 816196336 602467761 296766623 848769502 621764267 496030728 836819476 676686738 93183059 218506688 675073642 729806938 270165749 748318911 637933850 
14741763 552948040 294324940 296306226 944464792 293916342 269255118 710101751 530233158 123491393 435480670 223052292 481458637 454639577 999036033 588163081 656663336 492182818 156353896 633647693 959210283 291080021 159117490 720216089 358537034 254560465 595483835 562677371 891030870 793526433 43062787 424872787 392045189 203086178 326484527 754437632 607818748 27830589 145253628 609796708 
658987371 939637302 18545895 719809862 539453186 114198087 153069997 201600290 133366147 853958101 871259592 403504323 204131305 963899580 932316944 355733554 85262706 805020711 7582996 743530919 607275519 280156807 11178459 156923817 2679617 336483214 287545489 51680344 968189616 494130218 149666874 304501588 278048736 750490691 740634234 577607321 435887204 476284042 132229423 769282816 
176162522 77842665 849401468 88969702 269040542 107197408 818094217 405591902 774335681 971129768 308480488 941980751 654942934 570396454 47952327 360284309 306980763 812312365 67646816 16878122 500102113 363175620 398059145 339607275 461712630 223852067 211566924 334210816 812252074 602735272 819154032 708341610 977162065 331728239 870179204 108986031 527793311 47856615 391820537 721623250 
399523029 244236846 206298456 652705464 249900275 140552928 634354657 614839566 622743760 93175671 660438274 233677580 705120587 488636697 256095006 2562129 143999579 950602812 386894962 93751991 655234672 470795727 477036879 815924323 124030535 210903520 101786001 434604713 403465983 47198612 6722115 318449737 238207822 359050764 344514951 61126125 121638955 784632301 189948868 572671489 
35233394 441418302 186494960 728703529 876344922 747133104 728529757 569383660 936992447 863909038 85345155 613594069 52921901 119417824 81700932 435065990 690088143 305476205 29384337 606979731 717063694 839473366 169838072 902088561 976224927 352021496 291140965 451281771 144107711 649253537 163376415 145094782 174001704 277527497 2243310 562293899 365528589 391566318 123925758 23538444 
438050282 581551125 608726652 267316774 32839734 123372716 849667968 22482459 384327161 299527918 854776146 79904577 586671853 481559481 70273303 592885867 873405068 465201203 126551950 400929932 437343809 271362011 147025535 111156848 56131762 626731464 935786113 52083497 646614828 313405094 486199944 567419951 698874636 8302555 694224651 625639904 802268258 189058036 397073105 721426514 
943058682 37868223 33525241 85559623 244269429 606814243 888166866 471411062 617507181 713073003 700540747 828176575 564267896 666593202 835180557 260936403 40547837 655073767 158235294 756046493 453656140 967246392 90700861 682060961 582758651 644569129 111604211 538108185 576012615 804525825 36422259 661747579 583879762 819936555 281651559 842837826 424550920 392309826 291221960 404186372 
293647413 638812859 344679760 860789837 304755198 998829100 696538067 875352356 572047085 120871192 775989655 597429248 213405734 752652809 224695892 844797693 710434050 395073717 185824945 831584292 836820058 552546439 794804154 642836645 203143546 208414656 903249773 369209669 865416452 822584189 656334393 409091795 732610938 761284185 879909441 901211911 121127492 998602379 694027197 644238805 
622240426 632309765 835072020 4697246 751925473 808236669 6067340 923759114 330366766 593979982 547039320 113943494 252328181 265477947 247176836 177374485 221125830 163994092 523240790 120147145 16203091 175610027 366652844 57004478 151239699 957845793 23715671 521999604 62378538 24110228 353416285 572634084 331288077 804824465 27452909 790312582 28647762 489415346 925806839 606775343 
120041492 704835209 324936768 640500354 10249860 881382039 707663554 30492202 166071780 108450559 358781409 292640972 219662086 190244985 980487402 386167050 761105184 102466888 300416967 501906546 102837026 561947429 830381845 706009843 463416754 485502297 631647044 257104391 826372846 981959405 317106604 404703143 895613389 891194897 734317259 463756398 911574847 63604279 619092409 826076847 
966300457 290092597 859935890 52413451 315566358 743669174 944446188 783334780 27684454 88126491 814508879 902780046 60855815 853507415 868254872 633422521 400421871 32459586 187573602 645929018 25642892 444053230 579351258 581833091 967247150 719563390 326673222 321071288 768407672 80749969 136520940 942893850 447013172 611704997 508832904 979132794 570243213 16450647 790095871 550340919 
165860572 31235167 96791356 156572893 419378985 239385731 965974900 787013783 871751761 607238168 915332624 763351660 186506198 759559779 754424581 432307106 922999807 722429364 763012459 453012819 514724009 53818710 130970575 544138153 486994780 808678833 536151110 47166620 469402257 563965557 525182144 563133632 48199006 106227265 220933811 60437494 751178230 260229358 922589410 747951420 
115567827 236412258 408984269 540362820 636850546 337171222 330413235 573904038 974448140 259385242 349640309 960608024 33513898 77353323 516558550 897101590 530113373 736295057 767026932 649096766 660759196 885648048 601123086 699425306 676073744 635570954 162583098 609517315 279060927 611979329 804533878 325172311 423956950 408741809 551774685 596757359 442585674 559483149 542558769 766310867 
333748195 250813083 807232216 79576001 652155452 552085144 322661386 167335488 854658936 591630141 787615158 314496377 545079260 771339872 191073201 863395862 883541423 514075108 905625451 240667319 369644929 725827444 693803269 629027238 42798924 327312634 981195417 351894078 452655022 368304036 344522307 878644178 811656528 529233941 702847022 88686851 551683852 266139712 94383440 93493189 
405081242 332503279 779018458 399851861 28072057 290144914 14087991 124006011 875983029 63667789 57756288 418447529 42151193 998045276 924249020 841638112 250649541 8150164 877059978 132081496 63801115 451481632 625121091 382407414 762551319 754310743 761195517 121062788 304846405 533926811 215185433 727630214 722084576 963873399 744283784 331206241 237708953 79891602 682416603 161606881 
909113857 93552075 825950302 637478134 214259529 915330548 426656982 41783820 357918894 298132494 40860894 794748226 810130384 41338037 877166136 56573847 434958462 961080761 838630198 523314554 231904255 747977084 300468061 785283675 317505389 947152691 901375933 817689912 367589907 848622814 162190311 434436600 420139276 589102417 146556792 590275825 917524601 542489602 286990235 204375800 
597603856 791974434 603544183 189929868 329297959 262227082 691490145 559416191 77196393 171890528 904849124 593778283 164141094 177190700 755702072 643631730 936442304 51161227 279526266 879997956 67036176 481413379 51680442 125067340 224074892 878024184 308361499 652424021 609558491 242307145 577038123 345666467 801147320 201405647 622650853 946500104 143548263 34585282 400131604 580669115 
812393852 296101210 58211518 448710014 190553658 130743640 118126116 74691304 748091517 507724464 493211804 132615055 341971761 491093414 41724714 665117383 298098915 251022623 212430749 438632296 194665652 697183196 558426950 96005663 466023475 151263365 14964933 300742365 728181117 328055278 439319900 709750599 616559332 679044998 495666596 206106029 974052732 309980688 257451588 990744263 
455068280 879194809 42107398 225378858 181521368 543975774 819452494 403048874 359377426 239230713 211249106 210876708 620702601 787415123 458538632 278426568 334207729 559256890 162098561 241636845 69637834 849212469 118698503 175529159 282001863 960570158 903232392 228304599 404448670 502058456 906006887 189511740 713424779 463050526 486250544 126146374 192514632 954072892 764195038 977211083 
