500 500 13
13 231
13 310
13 222
13 49
13 14
13 406
13 62
13 239
13 387
13 356
13 27
13 382
13 357
13 18
13 477
13 430
13 414
13 338
13 35
13 392
13 305
13 315
13 290
13 138
13 241
13 42
13 150
13 281
13 416
13 116
13 36
13 341
13 39
13 348
13 432
13 40
13 488
13 60
13 321
13 357
13 268
13 371
13 67
13 490
13 446
13 53
13 72
13 107
13 83
13 266
13 318
13 237
13 271
13 20
13 76
13 367
13 72
13 260
13 155
13 104
13 438
13 467
13 383
13 413
13 282
13 417
13 434
13 308
13 247
13 425
13 236
13 166
13 454
13 199
13 484
13 161
13 9
13 50
13 310
13 365
13 239
13 86
13 141
13 327
13 141
13 181
13 187
13 102
13 356
13 291
13 98
13 450
13 345
13 292
13 289
13 422
13 5
13 381
13 364
13 174
254 195
192 9
409 407
230 159
446 233
334 86
458 28
267 331
175 13
22 459
241 455
210 83
342 62
406 139
82 303
77 349
493 144
212 6
162 69
283 409
337 213
1 165
379 61
217 75
45 389
193 367
170 76
248 123
421 31
257 416
186 57
293 46
128 473
425 358
339 223
212 298
283 260
38 107
12 120
70 318
175 301
186 261
189 178
260 191
255 409
42 114
126 213
186 332
39 198
439 308
170 182
276 374
62 188
350 198
428 451
396 241
401 361
390 157
173 324
49 30
230 457
334 440
4 80
217 7
323 259
197 144
213 226
57 114
136 470
445 33
31 460
284 226
80 265
108 151
366 48
176 348
416 91
113 378
294 469
145 263
22 412
52 467
58 406
127 189
215 198
274 485
94 96
388 80
210 97
278 116
273 116
260 282
131 311
267 493
31 466
480 25
165 300
299 188
232 208
387 431
229 84
393 272
183 43
348 271
312 60
212 467
336 69
410 127
413 273
322 356
82 353
258 340
229 189
303 263
486 190
457 369
17 191
303 161
467 453
95 464
87 479
399 469
492 146
61 107
209 216
449 155
453 419
40 452
136 193
407 193
14 77
480 226
206 204
108 189
482 17
318 250
181 30
467 392
313 361
102 411
487 1
454 87
407 224
410 302
296 316
60 324
267 401
161 350
302 427
355 478
61 361
264 149
264 277
219 90
204 460
249 385
358 412
357 159
76 492
243 257
63 184
349 15
297 126
227 54
328 284
197 191
366 415
402 110
147 367
332 459
399 196
473 40
224 245
247 459
228 291
404 345
279 236
39 199
292 488
127 344
256 319
461 304
431 44
260 276
125 374
353 205
200 289
3 77
396 24
156 119
123 120
48 291
427 103
34 126
468 494
137 123
238 427
384 374
350 384
389 415
480 416
275 118
273 463
126 166
134 52
487 48
193 448
124 478
46 234
377 51
141 85
21 20
446 394
306 196
53 306
330 64
171 270
229 226
352 177
387 330
218 58
89 1
398 319
67 254
322 197
289 79
227 241
100 293
196 86
10 414
102 188
218 113
374 100
488 171
36 397
317 326
73 354
145 243
298 441
106 359
154 216
325 356
242 410
422 393
324 296
153 484
55 372
374 421
17 154
464 107
452 321
277 336
105 372
284 152
322 294
493 498
426 330
254 344
231 275
126 236
347 364
66 407
139 207
213 1
404 31
476 301
134 386
382 206
475 200
274 350
424 361
3 34
238 469
483 315
372 26
303 363
227 53
186 459
378 313
372 335
395 220
484 494
141 32
5 476
255 241
254 73
466 95
205 260
102 215
25 279
179 121
106 277
181 481
124 30
396 242
46 26
494 365
126 309
401 434
310 112
2 289
309 295
334 453
118 163
318 201
335 402
226 453
478 179
106 346
169 254
149 353
456 178
189 158
139 110
174 6
216 244
450 254
394 342
286 392
127 123
331 483
242 88
191 454
84 391
344 5
212 110
157 439
42 252
452 215
478 377
52 162
204 464
89 437
105 350
408 343
335 252
67 432
18 319
80 24
148 239
261 166
286 122
40 65
107 207
400 468
161 331
191 55
241 254
353 185
448 461
354 237
139 323
171 78
2 357
271 298
417 403
363 424
135 359
54 297
140 360
203 272
152 307
152 341
320 296
128 308
65 169
374 9
190 499
236 335
247 310
399 453
396 61
144 193
70 200
448 403
224 293
142 32
92 150
485 144
225 466
13 392
44 9
322 64
202 176
104 400
444 60
3 329
112 19
347 307
384 70
140 461
396 180
54 344
225 282
415 359
494 298
323 218
42 330
381 78
104 143
