92
7 16 9 17 28
12 1 40 11 99
19 9 32 44 4
20 9 88 10 35
16 10 60 53 40
16 5 33 17 22
1 5 35 11 42
20 15 43 55 17
3 4 8 7 57
4 9 35 34 46
13 4 60 10 63
12 13 81 32 3
5 16 68 56 26
17 11 42 45 11
4 14 10 83 8
2 11 65 30 35
9 10 35 87 59
19 7 98 15 87
7 14 62 17 81
13 15 50 55 47
14 9 55 42 93
19 8 37 85 14
6 8 73 26 81
19 12 92 17 70
4 10 31 17 66
15 9 81 26 78
3 9 78 28 27
17 13 44 38 2
12 11 14 41 13
20 12 70 33 51
7 18 8 88 44
20 2 48 23 13
12 8 75 81 89
2 13 68 24 51
14 20 51 80 23
18 9 49 21 90
8 19 58 43 47
3 11 6 62 2
19 12 75 67 35
6 5 56 66 48
1 4 62 15 14
3 17 73 63 98
5 15 81 71 46
10 14 83 56 6
13 5 78 58 29
15 17 58 94 76
18 11 98 58 45
11 17 77 37 7
11 15 90 53 76
10 4 47 21 67
15 19 22 48 9
15 3 64 79 98
18 6 26 84 37
2 6 70 50 91
12 9 78 61 86
9 18 77 20 18
14 19 74 51 3
2 5 75 67 67
11 6 43 43 54
15 6 94 30 22
5 12 18 72 5
19 6 24 31 8
17 3 21 83 50
10 4 58 51 93
15 10 27 12 48
1 18 26 46 80
11 1 89 8 59
12 18 87 90 74
1 9 10 62 91
6 18 60 76 19
13 13 29 87 34
20 20 51 71 76
8 2 79 55 21
18 2 79 70 83
6 20 47 47 27
5 11 34 61 14
5 7 58 26 46
15 4 30 29 37
9 20 69 62 100
14 16 37 22 51
10 9 79 89 75
1 13 30 25 61
12 4 85 60 65
5 9 66 41 75
11 20 35 64 17
18 18 74 79 40
3 6 21 30 25
12 10 77 26 22
2 2 64 12 22
18 19 51 64 28
16 15 86 55 39
10 8 77 65 95
