100 1
352064 13
143641 6
22364 6
181434 7
5312 7
31133 5
2033 7
20867 11
109430 7
2430 1
276862 10
160001 5
307202 6
131231 9
174953 6
34779 10
133480 10
71732 4
215743 8
126096 8
16940 8
221226 6
184395 8
74594 7
343981 12
137354 3
122489 1
299475 6
318133 6
193561 9
310798 4
232177 8
123866 13
343883 7
248704 6
135649 4
337791 9
307146 13
343023 2
198145 1
286888 4
125996 11
131261 11
240824 11
47768 5
88045 12
277412 13
190235 13
115389 6
32740 1
208094 4
282242 6
1147 3
13644 3
31854 12
239374 10
196466 1
339730 4
259706 13
312079 9
294298 5
332124 4
301687 12
179717 5
158205 12
143885 11
172836 6
328093 10
263800 11
53728 7
217766 13
4670 6
324347 3
140722 6
232814 5
291686 12
238486 7
170587 11
335833 1
173296 12
67897 10
40387 12
42573 12
314681 12
301289 4
324406 12
64939 6
44563 1
8309 1
297046 6
45804 7
345482 11
256161 7
26695 12
334010 6
307863 1
229392 4
37070 13
128125 3
221330 6
24689 6
