2000 2000
848447917 7688
569760195 21362
198849254 39408
653985959 16886
677148293 15781
512802797 23646
511196386 24111
68480513 45650
297621855 34469
4355358 49128
113922397 44048
934392407 3149
702182082 14734
119953479 43311
231179196 38040
717450686 14117
648020542 16991
424476084 28319
525405864 23810
436897920 28195
63355711 46225
535756844 23130
777237199 11146
994171690 1
802281572 9335
954536364 2330
681787582 15590
667988011 16702
453614753 26654
952427127 1957
409174190 29130
266751196 35914
896059232 5404
774959459 11045
197353971 40049
587969016 19998
40231842 47568
218008839 38168
811901831 8991
118017429 43222
686642617 15060
165499950 40900
69294214 45411
160729848 40975
964142015 1921
653344332 16743
893585397 5182
34715250 47590
665914201 16716
873718605 5909
349303601 32567
162760784 40984
297671204 34879
317833003 34083
65454655 46216
470763344 25632
324740103 33483
529518008 22770
781179440 10502
915398536 4601
978152457 709
987839148 445
953570349 2479
473761255 25584
37425447 47259
861742133 7199
564909742 21501
147329550 41638
331878554 32859
469468149 25718
919552114 4006
906612417 4665
735603135 12601
935739314 3332
244347822 36794
895577115 5277
572544989 20787
842934932 7434
420612634 28414
393075790 29598
393267219 29610
926829548 3565
880188842 6346
818170334 8804
564361194 21185
945729168 2977
424512765 28616
683588135 15668
874989496 6068
946917017 2978
679933552 15603
456603490 26667
72968778 45685
779611000 10730
100597571 44259
306267957 34531
489383550 25469
226467726 38133
318531457 33254
89573214 45342
391577481 30262
844467215 7430
864414920 7024
176209349 40396
462333481 26179
170717003 41115
180423463 40224
899429315 4823
239766573 37728
320201880 33648
432410026 27831
352440688 31669
963273867 2030
572350175 21089
908719543 4636
423011782 28592
695308927 14891
834025052 8415
803294987 10016
31415004 47852
587498089 19911
949261434 2629
464143206 26770
984318551 333
740633609 13036
782200660 10501
440903808 27798
901568223 4607
868002323 6816
68277992 46422
857899117 7140
80666654 44943
156124906 41720
545773123 22808
722353968 13569
885208044 5827
124176645 43504
548561600 22138
20683184 48525
382329519 30788
666573856 16375
494937103 25285
726249207 13766
503166376 24421
361702191 31847
903604881 4653
65227056 45686
536210423 22860
535581356 22764
184241825 39757
530599756 23592
568585898 21279
687289834 15222
470570559 26556
619677414 18892
337570453 32788
515964247 23612
113045436 43353
299809080 34163
999333101 231
341657545 32648
7010079 49079
468244652 26255
25200968 48441
505067505 24499
798338506 10022
822078816 9211
749915809 12309
615631501 18478
570422385 21303
605445742 19141
311724367 33731
409012188 29215
918618450 3943
636711494 17652
428204148 28434
876584539 6438
748829216 12443
976107004 764
603963137 19533
676737813 16212
188925598 39813
876673522 5737
662803280 17006
720378111 13379
876271689 6586
420200349 28971
184542758 40428
317101409 33827
230984853 37894
334848829 33211
676807659 15868
885681204 6118
588966595 19995
860051173 7325
63314614 45712
932039427 3492
862541954 6817
900302883 4980
242380479 37298
987296492 413
8086800 49131
561316547 21439
212561148 38867
876152733 6043
726799805 13605
872931695 6635
690666368 15477
392552461 30356
199118205 39518
77221573 45192
890371123 5821
662355361 16452
869586190 6654
890790582 5543
978881719 729
936783775 3546
211051810 38866
276858916 35507
457175664 27144
688443084 15440
556353549 22217
453869480 26753
232367162 38168
623839868 18728
915081863 4467
584099714 20312
603369610 19553
578850548 21017
271414737 35479
260562515 36390
610768482 18791
348767184 32260
530037773 23488
503779961 24286
980421765 1159
318270541 34063
532162345 23336
429626348 28251
193612359 39609
180566219 40548
674834716 15769
711235398 14352
640688522 17802
619264555 19015
489373693 25416
262643836 36774
916050880 4560
751618812 12454
522268266 23765
316269804 34210
710315240 14734
120639209 43486
823445018 8385
169690048 40606
225791947 38066
989604742 552
227514729 38079
880877533 5433
146036721 42369
904210783 4585
66598440 45988
270750738 35981
565518335 21565
427289920 28074
315505185 33897
469473472 25811
752478743 12431
439205366 27512
761233912 12130
902932692 5222
508191831 24308
381125415 30784
458907854 26227
849986910 7140
455958186 26664
901733762 5218
735409512 13045
271949819 35625
458196870 26739
660590830 17228
387676570 29861
311413108 33768
772811218 10832
331067369 32683
780428644 10750
934056861 3636
829727089 8656
136159299 42632
231315963 38134
79961305 45192
889770241 5195
569320327 21370
88337252 44656
628491196 18092
463881607 26340
440867611 27616
298432637 34882
282553656 35316
202413102 39074
945648257 2734
379988922 30325
377953438 31027
147644159 41935
202674530 38874
781498870 10995
240700749 37423
146878946 42032
332046018 32457
170750667 40520
219521982 38453
956102468 2362
913311925 4740
227756193 37874
601983902 19406
401004136 29992
495088251 24856
867346587 6654
846114710 7943
467819450 26472
859525885 6619
309811940 33597
144970294 42541
428868601 28131
275869437 35293
168937413 40530
272695451 36131
213474083 38795
566599185 21457
459814865 26854
253513859 36654
136024146 42401
92654576 44807
373104303 31036
582916205 20240
773728009 10769
131470095 43276
944201570 2443
815982350 8718
657605002 16788
140372569 42073
511608094 24208
453715624 26943
535837369 22777
185259458 39996
774657864 10866
234279102 38257
617804826 18873
327527265 32831
303959857 34141
404485080 29653
730656207 13244
140145032 42315
529080599 23639
55168718 46312
501468550 24262
361460403 31469
26350371 47608
876105083 6566
809377145 9181
234513144 38179
947656233 2858
563796988 21510
327672590 32729
533621185 23372
281847551 35368
925246252 3197
713184788 13653
108881084 44234
413420044 28902
171368987 40843
866286583 6264
464129660 26808
669419506 16039
951413126 2045
131320391 42521
725023263 13356
676103696 15945
882628347 6037
164668023 40884
219831918 38165
900084523 5000
884138913 5444
214677871 38445
940027920 2749
622226473 19076
20238536 48356
829874839 8108
91481136 44508
319891180 33202
641935699 17699
935448604 2989
937638114 3152
888649508 5190
698567443 15039
123833780 43033
189953863 39962
215656377 38809
661240097 16735
857237054 7104
74707834 46040
437061286 27363
672989433 16173
963709577 2024
493773468 24900
814252473 9491
415701504 28405
421790228 28171
508703992 24143
834250404 7707
803916596 9476
862252116 6505
450455242 26798
387721554 29818
43643006 47139
786000161 10161
852594466 7346
147629164 41699
763925305 11458
326640653 32826
105995646 44131
544751703 22015
183328653 40442
939226614 3211
409069919 29314
900784559 5065
24469373 48571
271872568 36210
972522065 1089
480099227 25565
792489852 10209
877039766 5591
322425539 33805
192473663 39763
677149214 15932
917851653 3682
964179400 1468
429291258 28124
872525024 6234
279259131 35991
914356967 3894
758191538 11827
589892007 20260
527468043 23223
251994576 36768
12267567 48454
374561532 31049
730377987 12805
131935644 43016
592030945 20585
489369927 25654
678181703 15732
664021594 16664
434576164 27424
732297631 13560
358780519 31257
802445115 10204
693933575 14843
421907922 28812
984403411 742
396237265 30087
125744451 43412
643045830 17663
769662020 11630
949808948 2534
16576083 48183
626394343 18411
425804951 28047
919364842 4288
457695676 26617
136334826 42663
44285028 47584
934808914 2958
733387414 13287
176828107 40555
446123149 27483
873390437 6035
715561600 14172
9034150 48507
190847907 39439
296072107 34975
690512639 15344
908216164 4946
549443452 22107
516183550 24238
664149679 16310
847314999 7796
422370220 28439
979949163 900
134054563 42234
440746639 27999
40470851 46953
993071801 1
439916307 27595
581519425 20163
120479405 43564
905171710 4402
534064780 23372
788871793 10806
348378258 31846
500306640 24939
688985698 15062
69788147 45842
951540448 2634
154784923 42104
408762569 29380
795500965 10166
198608186 39668
240063366 37242
244599631 37338
983538152 379
73981464 45616
206951511 39558
793502688 10116
664397451 16627
460933081 26673
583589010 20833
181301525 40785
280898008 35167
954405342 2431
394150278 29455
975917348 1470
219474271 38766
173499596 40480
689612426 15212
318365061 33756
665805865 16219
903016075 4994
704540194 14569
345222487 32601
274562264 35906
894958490 4978
934920896 3158
312285558 33725
915859488 3768
628943206 18476
53138193 46337
691540828 15442
223353037 38525
96629949 44928
26063057 48007
965074423 2127
894223409 5065
280923569 35796
944053865 2620
523575843 23388
895589025 4741
879552811 6354
926468477 3869
623865561 18438
199983502 38993
747634158 12042
877983038 5697
324947264 33578
669378678 15815
906712068 4873
730036779 13483
248415856 36910
405794071 29388
855320048 7388
243842853 36976
952065877 2396
184886656 39990
587303826 20445
801585186 9417
923541684 3399
27348275 47852
679640667 15517
865241374 7021
79404893 45662
261728729 36893
904618180 4732
601350848 19942
521573213 23517
351921307 32081
310635268 33831
992195750 111
370170353 31289
894300293 5348
758810471 12208
902947519 4529
222339836 37917
649544189 16858
912375628 4727
280297424 35973
437877436 27578
975579991 871
786828277 10655
110123865 44235
884834071 5908
472968035 25564
803257582 9390
92645015 44796
416816297 28657
712804465 14547
121511312 43687
297548132 34831
167476125 40642
109916570 43758
941874966 2520
532690276 23353
241768860 37395
917972605 4242
947413751 2925
8938419 48626
916685739 3850
912130332 3859
545768479 22291
212814534 39024
342977621 32020
123972515 43492
78584828 45503
957430608 1693
127889854 42825
985505961 971
918377057 3818
515317396 23815
945187561 3156
148111114 41647
215319285 39075
304340458 34585
718383592 13630
973682485 1097
210576802 39394
247326696 36799
362960334 31076
462921333 26956
123946023 43203
680851771 15959
905609605 4902
23514968 48184
603270672 19427
190449264 40198
776496216 11352
71008865 46284
921155466 3944
413580186 28696
458266335 26317
640005796 17956
705704630 14149
976465344 990
890129273 5567
931743262 3128
493543373 24919
598123172 19611
96950783 44859
356359525 31524
670203166 16699
748060130 12337
667098708 16703
560567012 21886
154448817 42195
570177757 21605
846191611 7532
635254180 17605
264728218 36123
391465650 29659
883156779 5429
984085029 1111
31618693 48091
381389854 30533
759753471 12058
65439779 46472
590883681 20489
468136949 25961
40534633 47197
965269450 1299
597697961 19982
523831637 23972
384446522 30813
21984862 48335
481817131 25878
327231580 32892
910776781 4772
385110404 30094
20128669 48517
574257378 21431
667605294 16410
680071204 16203
910067914 4794
536787209 22725
101577251 44741
669302987 15901
604783720 19044
677444825 16173
173698652 40637
184691252 40391
277823183 35202
234369319 38220
194493868 39642
834333552 8415
205514029 39407
406207143 29766
151462214 41937
665445335 16221
222323208 38288
846902637 7561
254854986 36568
64405095 45670
128578203 42537
447163641 27122
231151138 38206
347618231 31726
144725765 42206
734069669 12731
131877730 43233
631221155 18360
77045903 45971
31271611 47506
739576268 12948
813438655 9553
678049805 16290
909120956 4756
472772897 26357
750309333 12022
557791883 22038
207943766 38863
336062511 33162
347525368 32376
164399738 40911
607014167 19161
352276700 31521
350215761 31564
503646392 24363
807111966 9738
511830925 24521
236054626 37511
402120387 29416
732591002 13090
133434828 43170
344366642 32202
883838777 5354
441846822 27783
391818169 29549
814555117 9033
879511574 5463
215041446 38711
746115017 12580
127934410 42584
277962998 35632
218489411 38507
311987199 33947
668149823 16277
96972227 44532
80820659 44936
411259033 29284
424099314 28476
66840350 45800
5588127 48897
99532599 44701
885793073 5743
890015948 5160
894887311 5514
682177861 15995
96707270 44307
367897905 30850
175630285 40886
137331429 42256
307164505 33770
915585709 3971
251682513 36742
851061205 7755
639291815 17758
60342767 46126
90142422 44464
936644023 3462
948803592 2685
526584089 23455
544029065 22877
99088123 44825
15726741 48760
869949361 6685
535623476 22591
523878535 23653
196035825 40045
890216920 5356
822483653 8821
813669384 9577
701938034 14439
333584690 33325
906437443 4285
507025793 24637
304700780 34326
624405520 18609
449395172 26803
177968298 40947
590211939 20690
735618118 12875
2315204 49223
879427236 6158
639783644 18164
880084783 6192
23210462 48109
982738045 1255
960318233 1591
787148749 10133
785654517 10491
879151999 6113
261739458 36846
982263658 995
457044365 26647
229701577 38275
34756689 47479
383836044 30283
422919650 28295
133143155 42895
277713676 35592
27036419 48460
245169003 37559
171696694 40769
638316564 18095
576200158 21110
509909334 24144
157396685 41237
13084988 48604
768319495 11166
852377575 6924
846639408 7577
119543687 43340
570595107 21149
35254593 47814
667743270 16517
36512285 47630
357788349 32037
119674505 43797
529130370 23295
665703601 16432
965396248 1595
119212828 43473
312535765 34269
280546259 35968
983736556 527
727881714 13664
522946646 23498
691209354 15240
403827822 29144
71149481 45772
412379943 29075
413388518 29033
720808519 14114
125918970 42943
436064078 27844
79579421 45129
189514586 39492
821203749 9046
341850232 32162
777157096 10617
13022235 48835
513849990 23745
346058983 32520
747494116 12858
731221561 12769
948241218 2589
734671392 12780
659690305 16337
372798240 30590
756525322 11818
229657173 37682
46192135 46569
252185297 37080
800078061 9388
452476054 26740
999853314 382
392675483 30394
201632532 39339
705074126 14639
792441949 10006
612270023 18668
546963838 22267
766367345 11391
570261456 20753
854618377 7339
851125502 7332
922586885 4307
188518728 40027
82617845 45415
664732602 16825
143194659 42079
907305036 4211
414935584 28426
52509633 46379
827211850 8529
882200814 5543
97801662 44560
387531036 30180
559022425 21698
511644124 24259
279694569 35727
816080200 9549
766098220 11571
408078459 29161
59329406 46035
89746147 45236
924200263 3577
901768834 4641
904665570 4889
294940964 34321
119975792 43755
117857438 43026
901445821 5284
930315169 3364
320019126 33348
914385240 4362
359915742 31584
487851062 25332
277909559 36001
600311232 19798
506441245 23914
96210722 44968
215302364 39114
329921189 33136
381649609 30258
235204813 37506
221935621 38438
96670722 44720
164742876 41483
718133161 13503
932808870 2864
19433800 48702
500116536 24286
232568076 38091
962773383 1964
124368966 42784
618652218 18876
506370695 24072
902808919 4964
983459417 619
323900472 33777
319718081 33779
959049208 1557
351932021 32097
125606641 42744
152414841 42120
282892951 35513
640286800 17707
368175690 31610
535996455 23363
208982346 38993
791847366 9789
452926130 27218
822363847 8874
177769048 40988
894736083 5173
428547915 28628
873371822 6509
872812333 6528
909699195 4527
218119920 38223
226822502 37911
478399927 25554
748218616 12440
203833483 39686
767393603 11600
802876419 9589
761461810 11732
677169233 16101
238091356 38056
251568332 36973
670829071 16399
415838395 29275
42452671 47146
538526340 22529
220042518 38359
727243790 13744
602067480 19681
241549061 37864
622071873 18843
481842115 26046
916827324 4302
737966551 12996
1583361 48909
162234420 40935
903384631 4902
893087266 5149
993792139 666
727188436 13690
769815342 11370
992700632 478
117665362 43354
125211475 42667
466166194 26258
282199938 35102
799400281 10096
663480912 16725
937154453 3258
808110512 9172
854221600 7148
520083875 23346
912791724 4591
239177575 37464
403660985 28935
310886813 34337
148458100 41819
380774886 30858
192538654 39887
574253846 20939
355423871 31449
991473273 1
518651832 23752
292672697 35075
562606555 21907
227879484 38241
290739582 34745
32585588 47305
900628384 4644
561028673 21581
527645799 23637
928522238 3905
575224520 21375
898617637 4734
919674484 4222
423907190 28210
191339994 39876
581523994 20284
314905055 34004
66072855 46522
999039523 157
809375157 9621
727137559 13834
112488976 44086
815927452 9265
386011099 30068
604244617 19172
118643394 43378
321420905 33873
323440046 33245
735783508 13174
214265259 38400
661119352 16768
321862956 33030
527067482 23581
328016648 32851
534020495 23270
647398109 17287
543564619 22232
268884906 35827
138052864 42235
997592720 386
784484377 10831
566274087 21469
936846528 3404
440430277 27975
691085685 15672
887919828 5694
725683492 13409
717410723 14255
379696781 30563
773504808 11477
363765804 31594
16957722 48769
859318400 7016
868858329 6541
212661776 39054
888355385 5873
45210481 46754
803911224 10161
847127996 7508
505040609 24823
75109816 45365
534078979 22730
372735987 31430
696240995 14960
331991154 33322
557456864 21857
319149846 33161
76907698 45809
109958637 43645
884842063 5587
712611647 13740
764107682 11234
669242345 16763
28508718 48109
94129645 44488
483412562 25087
732049508 12948
244850589 36888
877442588 5750
396718802 29685
454659541 27251
984048197 1215
793735510 9738
377244348 30233
675502329 15638
566911416 21059
129636546 43030
173744254 40855
798829650 9862
952616315 2661
987799036 498
758454312 11770
298292518 34947
118836513 43580
654466435 17033
606293791 19169
362545055 31797
435648822 27829
617891665 18996
932292971 2870
457104378 27109
62458526 46068
764659124 11509
342301588 32411
51083677 46625
438614466 27338
901440071 4568
140094055 42714
411156300 29368
613254629 19434
479115661 25343
239312034 37057
807603966 9878
398545847 30141
355659419 32213
747523835 12548
232185389 37580
636219301 18182
338458536 32527
23973478 47682
548412231 22214
983850150 463
931538903 2972
3073949 49209
226072951 37818
941659242 3356
724539031 13095
779618360 10681
984285543 303
493462828 25090
323483515 33462
834014312 8213
632976296 18470
668365591 16434
185031439 40575
308975304 34425
921278242 3902
749334913 12144
214083853 38737
371157719 30647
166683817 40887
605683975 19046
652181621 17424
874000539 5973
56515964 47007
889535881 5494
535623721 23096
858782148 7341
857238344 7508
246499239 37630
945236110 2239
832130456 8056
857649578 7136
357123486 31970
65262711 46563
505864245 24113
585338570 20859
54845377 46590
507687947 24753
205562084 38785
606006664 18945
478641327 26148
150536540 41998
622846888 18592
491227745 24824
220719024 38772
640729839 17270
939971537 3197
149017565 42155
252478994 36611
618087704 19110
565756140 21142
323380754 33045
676640049 16017
251760781 36540
245268035 37613
948294451 2505
126359088 42794
752090325 11950
992737161 485
656425432 16485
255160173 36532
853321308 6988
938915925 3151
916075088 4171
736532850 13395
967099026 1368
732577467 13328
561761643 21940
921697873 4097
984407560 984
79414756 45622
333971144 33085
969002626 1272
751617959 12133
325488035 33193
965908214 1915
591261838 20633
62219409 46489
868903361 6097
508499554 24088
706013195 14989
292638267 34751
942584629 3098
479520000 25605
355804586 31955
566394529 21685
243494679 37535
61422110 46500
885630663 5949
175543888 40200
22454964 48603
380130256 30138
112637030 43980
186034626 40547
357927005 31431
212632696 38624
852695852 7325
813338978 9297
22104541 48646
343025123 32862
494765106 25342
767709651 11536
109934990 43728
893406363 5263
638428619 17343
806422574 9495
613130147 18923
566916222 21327
8878986 48474
347032846 32208
527411833 23718
33813134 47844
868818194 6207
132157450 42625
195316451 39610
796931510 10312
548070053 22533
756341233 11534
218444719 38142
260045886 36021
543282606 22318
565704977 21868
481502276 25373
739271802 13197
88580560 44978
946395897 3080
613470182 18817
669809628 15952
744490620 13091
197220899 39730
17862596 48724
541739711 22545
670943976 16358
327223233 33275
922931942 3959
326415915 33395
874688352 6149
93892174 45004
632437472 18525
823514155 8637
926054455 3403
97147539 44825
184214563 40703
983198041 336
329017542 33110
244474233 36879
636321390 17519
256888011 36663
829977283 8548
519626996 24053
940180897 2998
857439091 7292
864826636 6406
993409199 415
652080702 17398
836899523 7729
788885742 10531
888037021 5165
785925630 10947
876834314 6066
506291364 24595
341990568 32100
296138316 35046
228938374 38429
801763601 9361
686642443 15261
860018858 7185
770781052 11383
912071591 3892
756236962 11758
93690690 44329
744509015 12636
568590641 21021
655654722 16780
829445830 8712
957564092 2518
463662512 25970
959937613 1703
372410454 30597
84456151 45629
927843034 3828
943533775 2504
964642561 1951
678958474 16036
70735914 46195
359824211 31344
48059465 47197
471578 48983
911997909 4282
241739869 37677
143634479 42472
639033260 18111
234780427 37697
239879366 37531
286364354 35484
690722708 15624
92470777 44608
3538815 48836
882442496 6221
53829425 46608
931243074 3192
928374329 3508
137871513 42826
554976808 21552
342925268 32316
308112860 33667
911024189 3913
676662120 15895
83230397 45291
29365903 47887
477166341 26235
350457634 31977
699107358 15254
699021680 14507
544736042 22856
876388000 6517
76131351 45925
750874015 12441
456398588 26685
986050227 555
401849825 29193
981029939 1007
767299994 11562
618252895 19313
451962100 26811
126578650 43167
315670478 33401
982718807 947
981017265 850
122278499 43013
828905536 8647
327624040 33086
591461217 19735
239317475 37929
845200307 7222
132995651 42536
127253407 43493
888148311 5939
1246720 49356
798749801 9860
273034331 35665
614695365 18649
180049879 40779
376167654 31059
373682493 30468
980960056 917
42431265 47613
955164432 1861
66176901 45886
554982260 21685
699309540 15036
799983933 10246
909755114 4104
751491168 12394
640259330 17596
75101753 46055
76456504 45221
974732254 1514
267877594 36561
876520989 6268
362309223 31801
708484324 14388
300605262 34771
763877387 11453
459989612 26646
718246856 13966
594652212 19770
603773904 19110
994636612 423
647161354 17812
144672929 42050
303103146 34832
757006932 11579
47699803 46601
432583580 28241
426846905 28473
148563175 41658
414013762 28886
812453524 9726
857207491 7128
673764729 16025
477693502 25603
422916937 28790
448103832 27047
618845201 18383
920851535 3976
76995372 45310
694740742 15262
472335335 26414
402361400 29799
751631849 11873
733462273 12856
700709277 14561
283128353 35046
718878685 13775
50940935 46527
921745336 4150
608981262 19160
668029699 16778
710749350 14017
912279043 3876
28185241 47701
908134606 4423
106070621 43986
876040546 5701
488245018 24748
772816332 11141
3600586 49181
101144405 44738
878914664 6289
516425000 23808
5014877 49078
44288197 46704
928411345 3649
802510023 9534
295228199 34740
942088057 2909
747516761 12184
102173870 44027
261761388 36811
891893129 4898
557915584 21700
724640844 13420
744697913 12268
876595241 6541
705963059 14810
985646069 608
983432750 868
796669167 10317
309210934 34169
662001841 16759
348735632 32163
411819316 28752
285464235 35142
43235476 47309
926984935 3519
382022286 30942
312568827 33814
958530894 2415
258987462 37019
426795601 28262
611347396 19351
199641749 39533
16309634 48467
743848672 12481
370239329 31495
891690713 5796
358881225 31859
821887543 8951
350614268 32130
900785075 5227
69205724 45975
398622631 29692
867208391 6606
566243994 21195
915717014 4335
202045525 39549
779862418 10524
253285961 37091
532621343 23440
900299395 4445
454253079 26495
872555451 6551
844432325 7898
940674851 3364
645697825 17638
657958995 17336
769809550 11101
484146265 25482
142157209 41833
689928975 15372
179720768 40258
411893484 28745
472029432 26351
958355144 2414
161111997 41815
647073105 17267
849826609 7485
981695023 631
426919654 27883
944178423 3093
945643594 2872
469805111 25747
955010005 2620
14700621 48524
563689739 21543
448339469 27576
909104160 4386
400336506 29871
863719893 7053
371855422 30722
98386889 44010
69574109 46151
193521529 39627
890037601 5424
814055988 9222
354866687 31942
117591179 43561
979928981 1357
27877276 48243
387561234 30671
658860072 17090
494041119 24959
875121672 5724
944945732 2887
168069795 40889
775923043 11385
681967642 15828
408713545 29088
346391286 32231
563819647 21061
829351445 8118
460438419 26655
621054286 18972
851536475 6951
725247113 13430
22216054 48491
527551912 23337
997497623 321
92252163 45176
271521905 36041
953602561 2580
962527428 1653
301102693 34211
926594518 3278
290222862 35421
854970746 7163
318982936 33677
845209249 8066
678449008 15658
187705288 40325
105246793 44270
973716136 1064
403712863 29491
32039483 47398
49434761 46429
127847681 42968
936180005 3016
109334219 44261
874219672 6442
570964300 20940
233095556 37888
460419698 26125
811626508 9247
164760044 41099
785550007 10165
313965013 34302
314688996 33969
472189612 26196
880561719 5753
536745961 22710
763336919 11589
838072984 7784
874773978 5722
486428650 25715
603231885 19818
279207534 35586
923483573 3606
1316623 49669
189856320 39470
750093041 12331
923244932 3961
372638544 30813
816358720 8953
84350664 45146
941336796 2711
909673400 4627
620500534 18869
175519586 40572
368454249 31625
110136051 43559
69516805 45511
205073552 38860
917921509 4060
174932777 40278
525077779 23656
669937534 16582
429770677 28500
219889267 38386
47137586 47048
473474610 26010
245758180 36887
595110817 19797
264433999 36474
898483791 5159
973378909 1244
403594109 29111
588556952 20207
333688142 33140
740623990 12882
996937244 1
752921941 11816
613223330 19166
862575390 7045
28176003 47664
421262941 28603
401448016 29826
266202349 36387
261310685 35999
273253976 35667
950828181 2410
142720398 42109
258076199 36288
867885009 6816
978814442 1406
346268697 32724
36932004 47837
457935138 26627
200722897 39911
651133106 16867
325393875 32922
798913495 10240
264962941 36031
190970257 39423
106441362 44400
354597468 32153
913976149 4382
640739968 17630
490951764 25302
195918162 39836
52791448 46938
907654632 4213
568595946 21157
218321557 38802
975909364 1074
645595700 17529
891126479 5670
637556323 17949
917174690 4168
986883095 725
324925229 33396
970367476 1066
736372484 13080
708749488 13992
653600861 16958
975175952 1505
915052899 4461
766580694 11950
805333997 9583
469129754 25875
266795203 35803
388709885 30180
681227229 15938
152819671 42111
402875658 29141
283089411 35169
562247723 21383
983618843 314
599684659 19914
96766379 44863
932393555 2913
585235261 20186
970749826 1507
448527156 26882
599516921 19647
442712243 27006
522044181 23771
672569554 16393
467957822 26723
340242326 32082
840109852 8262
6362723 49369
436641263 27693
917516557 3690
893714686 5624
878402316 6229
254018327 37187
781545169 10844
912167299 4737
670613360 16721
817195919 9258
390121676 29998
283738939 34873
576597733 21326
976887199 1138
202437837 39184
964406670 2108
336875955 32554
886005161 5924
335287027 32297
216654535 38546
19064484 48778
773556839 11050
442714876 27844
834000273 8339
517400264 24073
868770668 6438
866135898 6826
602330649 19208
969979023 1547
415813558 28926
582371124 20475
409527210 29202
76725187 45701
931995647 3304
948696588 2236
440341986 27737
927558838 3859
99097489 44253
739481973 12729
791451184 10017
101104646 44326
825118067 8783
408167048 28807
342590895 32850
849537282 7850
503860352 24627
189942017 39699
851334336 7462
731933897 13384
718964960 13999
798314856 10175
890788477 5855
653906301 16711
7336285 48594
495061490 25177
563964215 21818
388465642 30378
482208264 25282
841429709 7356
606632633 19730
666033188 16751
900624454 4858
731644888 13479
112788625 43274
601716895 19836
478767956 26128
280406683 35011
191801094 39741
397859416 29934
495612088 25064
28037280 48015
612806589 19060
846062843 7545
77700166 45097
42508598 47083
791952119 10305
960194305 2140
87365488 44700
793813438 10434
774170738 10824
762941768 11401
218260651 38690
417263273 28524
830404246 8241
811049733 9770
290294539 35220
93734378 44822
861638952 7130
809555347 9702
879799758 5726
536861085 23125
933899662 2933
89375798 45324
481911341 25125
928819069 3510
575298039 21434
840530470 8125
896734684 4909
232829466 37752
988987712 772
227695004 38145
102914414 44371
853515652 7645
791055482 10583
921379040 4247
304689405 34605
53394332 46363
513413498 24224
809105063 9106
790518506 10805
984769613 814
815548452 9335
931757818 3724
418311014 28927
670869623 16545
624476904 18255
724678391 13614
852756648 6928
830886299 7912
874285344 6457
333231105 32793
121508477 43763
877768507 5965
872006103 5854
772969248 11180
551802100 22375
607022736 19124
269829735 36402
575108340 20723
452062033 26923
767044932 11440
525485526 23539
953625221 1844
255811036 36350
955923113 2645
473850745 26235
880651608 5540
956302944 2489
203585722 39707
537289894 22673
505389376 24190
143720306 42365
302963511 33979
487030163 25371
295224266 35025
900256597 4618
137148901 42929
95214869 44897
909957526 4639
857687051 7504
11261690 49138
127525907 43224
166624347 41375
399305366 29383
808716398 9688
853425524 7537
97739125 44154
284931947 34942
137637594 42042
632286935 17720
659094095 16542
606976896 19854
750895676 11988
946331360 2256
643749476 17559
523374576 23752
658770222 17066
68551839 46049
473976197 26209
210552249 39264
32650394 47472
746243573 12856
229689056 37982
985434874 1210
839649533 8310
943900295 2396
995024315 648
373160577 30680
542530217 22411
96164355 44392
993118642 25
529506830 22870
761317407 11739
113973973 43669
471158318 26132
212785051 38920
932449320 3091
937061523 2845
587105466 20166
74327234 45300
697887682 14733
150808726 41730
225551789 38140
938936474 2544
241823953 37530
148802734 41662
59551951 45903
506977733 24031
165518061 41163
193899314 39540
389413169 30567
700012067 14397
793798214 10235
919713871 3466
563467805 21468
569246764 21305
609982447 19258
654190469 17311
625837449 18053
975535827 1525
941261404 2817
615444877 18979
958361649 1641
150462909 42152
111981765 43372
332927202 33187
475112672 25902
832246449 8346
688401392 15763
952745862 2107
783791381 10623
704235424 14506
963981067 1839
876752465 5656
242348070 37190
687235580 15231
361528691 31131
157308920 41657
996280869 212
660093447 16362
689986890 14869
877224343 5723
790173043 10465
262883007 35909
350278728 32482
619673935 18430
934341284 3353
297401458 34681
318563529 33155
290200073 35131
83866448 45465
945004801 3079
893261908 4814
896747119 5366
619731385 19225
840369498 8308
660037160 17181
306092664 33860
964654217 2013
496162765 24892
500181933 25092
445419400 27547
747956466 12674
231098445 38316
856455513 7255
886800416 5400
678173352 15486
598442176 19332
68393653 45858
558054445 21373
51436119 46662
103799678 43739
948630978 2944
962263059 2137
612603622 18788
465699925 26727
68611863 45773
703343622 15077
528746789 23510
639494975 17410
81935235 45046
713536660 13923
184752866 40243
752253123 12564
175988975 40897
868875968 6559
796053042 10098
870734761 6511
163282674 41482
190328358 40048
905624549 4386
805514132 9360
258149282 36914
536734789 22716
150987928 41445
250988415 37232
584000798 20674
91893545 44726
510020918 23928
902627517 5032
567116981 21111
251949820 37160
738536929 12415
367813855 31407
979139052 877
726844079 13508
769349853 11140
105366880 44410
349378847 32169
510915060 24001
61494710 45826
691980457 14973
605666435 19110
825508448 8489
195792155 39987
375677752 31078
268416903 36278
494632232 24648
258828938 36916
963695426 2225
846501497 7322
425641748 28430
193301130 39565
728342534 13040
474715125 26228
574031364 20746
879548690 5667
9147056 48747
201300243 39805
548035007 22084
47923518 8392
767058104 26052
457290917 6574
99480989 28452
482169105 5851
568136715 43384
876354100 19196
122619635 19519
415031862 45787
719137632 44639
912468217 37470
282862202 27974
50263287 30069
444147121 38945
915608115 17889
61651103 5358
38680717 48408
363526631 12979
145106145 13091
479242786 22458
247127434 6701
708390338 26638
604133247 4391
683418376 20298
520936766 15884
782138172 18956
635446366 13107
128767133 31807
165142013 42710
921620439 31968
293223893 37019
790721 1033
883542701 7942
567841849 574
650778035 29009
28257723 31504
631365588 41632
837769388 22823
552349851 33297
193229514 36917
491764762 23214
104069460 20169
264385243 10986
678981856 29672
813573415 25018
105828651 13692
452769898 41896
21008195 47717
179297095 48020
82377969 30117
664388212 27134
675024585 24572
377886202 36143
838418273 30443
734269944 36228
870914157 8911
268051472 29748
1550260 19024
827760874 31974
469186982 36494
235795592 35230
546761133 33185
264801806 26098
857968413 33430
859420255 45231
769937825 7464
515395057 25382
963216868 10391
560832988 37633
300725560 19826
31329143 10158
24274576 47956
650463943 3995
835120981 9566
610040253 18199
605472925 16632
468798244 16881
108563322 25449
963209673 23578
123391056 46475
399210619 18902
881563518 5379
102674974 13729
849438097 18452
162801825 36263
395906063 30773
746777244 27313
804716158 13002
781515912 1372
887903580 823
780074315 49010
917456948 22393
897955604 26636
713412593 1865
566206799 14115
624947498 30121
829646041 11408
952842708 2238
316168771 28466
24080476 46145
864086293 3524
672682403 47707
453835084 1442
940890570 30842
367553039 45739
847388878 13809
332529746 23527
800557372 9879
540545784 2427
596057169 27698
229490786 42438
281693592 39249
929310112 38905
715453688 38735
68162956 398
853826219 37591
135618550 4164
869928570 35187
165455235 40190
989088521 11374
266808862 43774
415449941 36894
688632536 47400
322136226 2491
59159126 10345
507743758 1560
61699249 34854
7933979 9150
702306935 43514
736653712 18658
192113148 4030
144968458 44974
976737836 33699
97966731 3748
733932793 25033
223154378 10266
957183005 10939
76717530 29750
416404761 42780
501095696 30285
213035871 19234
586808361 9911
972248803 7056
375006741 32536
71499485 1983
76625505 20800
332331272 43495
32537829 35545
333551893 20153
127739816 4178
647761620 46566
78940860 1952
210269257 561
48296301 33043
555876759 43348
137899428 5252
704224060 30904
942645418 28658
824526215 27839
912848978 49028
692388690 44927
465627021 7095
121697131 30253
24468932 14125
138940653 14463
953323912 46984
688937546 32860
803231121 7528
147595947 47047
406374737 11430
578396686 1985
942967059 26782
410804652 13392
755585580 9612
607499133 6251
318713631 14319
402474823 24038
289813882 16840
68601204 39990
533591403 42495
200053432 16212
381976016 11851
95667741 43889
978283493 6295
949511699 47353
806762135 27042
227792463 41209
56791950 28725
294299919 41992
917180172 3569
787381800 30806
885097059 26341
302788578 36920
134650248 31839
892138240 19349
612818898 21329
641297140 20233
959930222 34029
475029290 4228
113042474 1071
738226185 41789
895241852 37978
100041532 31894
157994339 34066
835541290 5243
281023177 38190
169796588 37063
272143088 6130
926564361 39238
884793218 16091
732710997 28550
68082566 32449
224846912 26105
141306646 41532
502664186 39732
482732006 35436
812837836 32723
357334438 17963
630440165 22267
226739407 3778
767549290 3369
441699068 39886
29069600 18285
527988398 22308
2380209 20745
858067605 6946
462658344 12110
855180456 14589
565891349 2832
144276192 47244
954997390 29884
117504949 17998
486783928 44819
267868078 36211
223814450 26143
377676349 26775
793805478 12248
705855314 30445
373230922 27449
136700639 12792
17698441 44293
301830643 9256
652175357 2234
521687175 30502
208473119 37506
321487382 40339
679931052 12026
729753455 3869
681401929 44606
420383159 15723
776619899 41814
958260946 46471
819669074 34698
494148866 30202
4435076 10845
66629887 7228
803600648 5576
758274769 25100
418901419 39905
953767865 43612
103850950 14012
422417989 10198
152928093 19432
680014058 2076
319811048 43966
864963117 29037
650916515 6393
49491493 42730
136520650 34730
222287293 18602
239962665 30998
789555952 45907
611430832 1481
866124091 10738
797409076 42990
228885155 10810
385999018 14343
554775820 7093
142194950 18332
88994508 513
255386169 17050
298138308 42795
365228436 41476
572005552 24567
43695796 6448
203645029 19716
794405490 5737
402449704 36765
92878215 48506
475046878 22545
756464989 29419
679989914 22596
529318141 11035
110805135 29140
532782254 41140
285719221 6574
746502871 1811
94254762 4125
611955745 31555
191848473 11770
518400370 42715
84040102 19494
523308288 48092
675509694 7527
885927695 31343
587258938 25084
911740800 21807
744708910 35873
812450529 46614
834170705 32686
940114454 8621
964484406 26241
923500205 34742
133074737 7643
315643516 29875
388397698 29662
528178622 30782
45015437 20618
737521517 25271
551528225 39435
677403710 369
74185087 3038
637186996 7228
163238870 31769
167820959 34387
931557405 6422
426065394 45761
452426402 20274
954577884 23180
703930957 26235
149217370 49227
965989015 2789
594017184 814
60196850 22662
189822994 45292
534705347 13792
91984696 17297
150854928 11281
785122427 37519
78543504 46725
970321570 45355
15602922 14981
60853178 40253
583647197 45577
97722598 18342
41776236 25983
982209050 1784
2235028 21943
332578794 19623
98610445 3959
768892916 32901
707927574 19129
810177603 27974
43940076 41294
974761208 14430
244264064 24394
794017771 40485
82779313 42662
333765596 22859
917176379 26671
100842215 36272
57333301 29117
896625978 27028
420132174 37748
517939210 15047
143927935 1697
25476936 36570
619187862 12604
504034128 2227
976879952 17076
528712886 32626
608266065 43254
473524470 30069
172343137 1043
949512608 39866
178469601 27821
570044307 4251
507368592 26247
468417212 43953
328654038 21908
576835267 27452
243509096 29483
580450374 6120
582947939 7005
644800417 44066
787356769 47379
22378640 34702
24213138 39486
501901787 28316
888247365 41750
137566616 23192
776572071 25816
717908671 14102
373865702 7046
220516474 3517
7434291 35036
836180626 15800
77190484 8756
618930324 25245
503975695 45855
579773397 3743
784960779 17979
26142105 42689
648060419 6985
531065639 22046
126044343 5302
675932927 16250
757966843 15101
755595898 11602
221877670 47212
919858992 47688
110841873 39567
829999773 33374
423542958 26548
832758522 43258
506385040 23548
804981893 11341
328471039 8801
703244948 31058
629049244 3307
853559279 3967
915516177 40839
952691514 48549
440782419 10889
966153251 20169
537611286 9762
214822786 32092
931481782 10817
969410930 213
951895384 20250
97282495 21958
268059209 3584
920378063 35598
323047929 9951
353723843 12321
293863576 10406
157180364 5853
185070006 48244
748425374 25635
545962110 12741
403218335 29587
20227732 14328
717264208 2303
120132939 4473
830522036 7980
196070239 41772
436598466 7353
270563045 4635
640315193 16628
791497360 26403
278348363 49069
323291432 10962
4351826 13530
137633825 5992
518146737 38426
439437194 36230
448044213 39325
123933118 20993
280303589 13656
693903089 24703
398412358 31253
28661100 30781
831560898 5655
436159960 16664
27824630 21875
43291681 30051
896355830 42642
674838633 49087
763793987 7955
737299929 24897
76480663 40750
286038749 47488
452832711 21536
851849293 33672
796608906 31874
847453482 13436
208340344 10252
971601514 39659
913849241 23503
274640423 40210
178605413 48685
1864647 27588
129585856 17877
849322056 20114
601013579 8162
983380538 28921
527009645 39013
518625648 17547
477654160 32421
393695312 32251
46229715 20463
812406511 46628
699449276 15551
307476358 47499
167638167 5444
789368467 5992
861796260 11411
296361109 15998
750149387 40214
510754705 11197
964218291 3651
843381384 39663
241552960 3809
126410274 35370
796726050 28097
398510520 5230
85523743 34732
974301605 17145
262365345 40293
285881413 42723
446307760 17385
139119719 11319
10098107 35879
444567428 45869
530732006 1998
201452534 21831
508766954 23578
39343867 7167
814716567 48119
394971219 42392
315054595 9443
254550325 25967
728221607 18970
23250785 40382
492381796 43657
301246684 37128
655433618 47715
615120012 20173
995874216 27594
264168270 42305
191828399 37473
945006667 23609
708294935 12113
690042516 46618
12979317 35153
997259501 16608
835201833 46259
191916111 5921
3493970 30490
211217144 22133
835665202 17016
77321910 42107
295335498 3164
65423587 34691
67875396 29962
251519899 19101
555680327 4027
287960435 49217
594886003 36426
903721208 24955
545408754 12065
2543365 41153
135323381 47538
931474702 28830
998585152 31440
469217552 306
325269355 47181
76370461 29695
608560047 26990
999872566 7228
93065126 13937
467639073 1326
234710259 49260
530197871 45440
875299639 46470
573606550 15486
37047798 28205
662334650 24770
129229550 29611
953746605 8116
842222537 44266
681530376 25858
753897390 3841
650915742 30866
24044449 45353
665663524 49273
180121846 34446
579061610 42705
182779154 6896
355507421 22657
106599565 7171
584164882 16051
354434123 47971
171749143 44030
590364055 36575
250323201 8665
620933675 16088
82558075 1758
837259409 47699
29749226 10002
440621105 27154
524770298 6883
519970754 18794
530582953 25752
172424604 16631
100493464 29790
967108819 20836
105543434 27958
456109929 14335
798080675 13393
464269446 8754
258584778 37320
699747733 43394
280631265 40495
418436622 45232
188562594 1829
224919144 39789
600944429 6602
388197785 29201
132066930 34085
39470670 33698
920986058 48694
88489615 39404
625333538 28433
301624970 20044
209867747 13811
62588480 10767
190452283 26163
446334762 39492
755505320 7128
71520777 34786
669715475 3528
515538896 11333
453515840 48221
92720778 18256
721987975 20522
770697353 46782
909558572 4766
986918126 9292
187516343 9955
865919579 9811
381509252 865
830820744 17234
306678532 17606
902919737 46456
973806817 17881
669579042 48876
377096388 22064
503140885 22897
51550298 27568
375005887 31769
593221199 44568
855374998 48958
314764284 25647
519866144 31518
31506180 40203
435417185 22763
103734681 26256
546133884 20098
368829574 6661
839119618 24212
285061956 14624
126162981 6794
995419353 44520
252754839 22493
128287416 27104
978044082 21594
76356969 43149
458086305 46752
355059722 603
20140174 8779
228793866 46022
756562692 27920
420233801 47186
896135985 31275
55836202 15839
82248607 9291
848388446 956
409010174 34271
311985248 3767
338021748 34885
523452323 21262
586836151 8585
777177625 43637
105053681 26023
84388655 47126
996844524 21612
526782070 25510
644608639 5877
983929952 16952
590157523 13896
814363669 31567
562775630 43147
333874863 12367
429255724 1638
27090390 7836
82200624 6681
400010521 20859
996078832 7367
198870188 30770
277611974 8393
93629163 46601
223469140 48768
802422490 31703
487047394 30762
311879242 30715
533621771 14442
668974094 9096
992345697 23155
442968770 29632
936896792 5833
608232177 46546
221515860 39013
528178955 7365
126138458 26776
13294615 13617
966055686 22947
71535170 13972
673352630 41134
657360604 1051
2403374 21832
116529184 4840
519074536 45673
769314147 33378
407902894 7510
685156718 34843
862405701 5270
248768595 9955
95873473 40740
502382526 3650
388591786 24627
857273351 37321
230966675 29019
79240213 1101
99106711 37952
44109043 17818
966171636 25259
727595752 47767
532715897 27939
567323580 27245
765105544 33692
123054403 18582
712611918 37761
796523194 36044
480313738 29182
628842488 16023
220983328 43043
707466775 43640
469917453 44480
760818807 9939
586937438 29339
323437726 25742
205783300 33163
327153031 17986
427713334 47698
358605982 39490
791612864 34045
389793129 37355
766468630 37478
145334774 30473
529090774 38472
782022867 2079
409988163 47785
731250276 34756
942543194 42465
636222112 26724
468301842 24143
811894696 43937
61260539 23146
577775482 33260
151431281 41166
889628398 29069
803926614 44142
90453624 4565
583531694 7435
782862082 31065
374445719 20310
793538853 44803
611932567 11707
948749656 10987
300186186 2073
88538336 14242
82411935 6104
583377434 14608
257247110 15358
189100647 11985
330329402 34268
711209079 10016
331916102 13059
304282420 9234
353300226 12775
929190127 32263
61348830 6610
692610283 35154
481150025 18295
917674282 41239
110870384 18662
797586241 426
315734353 47114
842083897 41096
484742137 48675
336244908 29099
592877034 21805
917703229 6263
197099733 19643
573904843 48957
191340783 41949
168138334 46583
568357849 13274
402070267 38364
783606243 41970
56943660 28111
537040805 24121
37012072 8271
884953110 18943
372976538 27279
514536618 47374
426643493 22906
912451501 28534
255833607 39600
719755435 13782
510008385 18695
866114414 30057
603538042 9893
744071602 24641
775228047 10294
42912127 38071
739501972 3470
758697542 3585
181566232 6581
900356872 34903
57438952 10431
627582796 32862
792754228 47179
339816325 45846
720763794 34871
255518366 41635
462518543 24683
124453734 25966
578885719 38292
669840247 13808
855395890 12836
264123863 19228
675683393 11337
276246382 8845
859851988 28503
4467538 10777
464019616 1470
636939614 14226
407465226 44602
202813803 10091
178433184 43358
439667417 15792
396012817 3066
164992333 31402
867910360 25814
13345282 46821
844092094 45230
285816878 21089
981249805 3437
443423753 7385
501527317 14291
81248678 21300
156201678 9784
233570551 49028
269089623 6422
889439039 10969
466507978 7110
602302365 5787
530639170 26934
756583189 18274
60965750 41450
484760277 22787
749197587 42605
44467900 20792
718168740 24844
61677036 16072
72686479 23852
322847846 12918
751516822 43921
366457421 22572
887778584 14572
625551193 21476
892974774 14381
568108304 11848
60750423 11783
776585949 34353
327508245 40821
650844939 12612
611606186 3832
39394372 39212
11864335 32963
3057602 11252
202596236 20894
315083877 24633
772352822 37842
903747419 18060
610714449 36617
47663717 20189
60201315 48676
916378037 7308
47505906 24115
998574502 22799
822675001 7645
561726826 4965
66850634 32502
97757793 38414
231608781 33496
701069755 26379
154649355 18637
846054949 47587
719710026 17873
438293900 38804
517626968 8307
40399507 24531
301748563 46373
833499342 29274
217301196 19965
251856019 20424
845907077 46059
605703632 46598
359936864 34842
228982609 21113
438257793 32025
99807964 7522
487149260 12751
478697525 49143
740762323 14540
234225661 23507
311461192 31787
624541420 10457
897328219 38978
916203104 29815
973461661 14339
732688427 22371
769891728 41220
658975093 4556
727169217 26009
806935096 9303
46024143 11443
75550478 34434
955108433 24959
999928871 890
855608119 3612
43281096 33263
159734947 1234
297098909 643
124788674 24517
646991218 31556
191447782 29394
147180294 32335
382880488 10378
507583112 49034
669562623 45738
810406020 40290
178355899 30205
875772496 22790
193249931 9918
732559913 44973
663534827 14067
411521701 27618
753056196 7491
476909274 18728
705660172 24695
223153235 30595
690979960 43713
625755921 7421
137496401 25700
630754087 44235
140028621 37021
274743275 28519
16792963 5706
69027372 9383
78653653 12372
35768533 45797
239667255 16872
128040697 35057
98485723 47339
183621810 10776
372591196 17395
513983011 20426
793130261 46912
815314517 8916
113560436 45123
58971180 19581
555112268 37561
946985879 22811
89023558 22190
940499295 29643
90999256 845
188695598 28834
884726869 36258
751118647 30539
698243587 4002
469565183 25584
895350616 2996
896739692 35950
848443667 29060
703238958 18843
568055624 29680
32487125 12735
437169538 12410
270574226 10692
541326153 34230
949947857 34452
677494509 20115
367745336 34097
667192251 10194
191678335 37788
874801979 13440
144119332 3288
254096093 39635
164476479 10934
200363659 37928
625728453 46626
658270556 26537
552452972 47572
792386225 16079
369203631 42576
786782807 1956
468050297 45639
666680578 19783
135376394 46258
28191851 29287
665162127 47898
84928256 33030
149522515 27960
529577974 48312
125507777 30729
224730443 30777
635538215 18825
828020056 27835
98349248 25520
821698996 669
660247261 8278
112602125 13129
755534926 46936
314800283 37687
68946582 23844
641111446 40706
524736902 40598
51512189 10097
646749763 29683
579842585 2796
644606967 17543
517486169 23540
471356685 47888
892370775 38622
608960591 4787
459858672 40031
177832565 5700
688231960 24989
30569615 20161
636417604 47739
243562748 20358
244715218 16509
159180662 23626
202132094 34209
815915779 2855
999111128 23832
214514899 34379
488582790 20254
629619610 26537
72054981 14630
275757246 19419
539557999 25900
915710419 14529
887630408 33100
487431785 37193
414008251 5571
42817306 44122
766502372 43968
192120682 20961
352634018 41772
76311824 40938
95054492 20757
107300395 27845
905393139 2039
845195849 12516
412184609 14740
642706072 17772
823209239 18410
989964237 11194
420830742 16144
694243848 15184
607942604 37424
634092389 11900
844805320 24251
558507820 7047
70160542 14651
559213994 28774
501112601 16785
965881365 18789
261786733 18551
76327388 35422
66988499 30991
621953764 47250
642210883 35878
513695131 7338
38401695 7167
404984219 13174
592017804 19255
424616568 19438
18944684 25808
474593793 33791
886311494 6011
703761690 33893
178065430 4916
480989043 43225
369538700 27740
606406626 36708
348632605 31006
477843723 31139
342724021 25990
993772103 44518
229411928 27930
729795277 32652
249777832 40611
947549625 5002
701426223 18250
440537748 9060
96034377 36531
753427583 48812
680088686 37382
198209410 33066
107765921 40767
27764857 36513
522458808 17663
424267123 40421
755386750 11683
946253460 28393
47555008 42457
426375286 8391
722000459 25130
332958436 10989
114205004 48115
921696074 29959
706813447 32067
752552199 8768
95816615 25155
669077343 6989
154088800 8781
146817539 22883
207010846 45597
384319892 48432
140358243 25598
958183782 42358
101156970 8460
395320162 18186
66054280 39598
627675110 16256
916161111 36974
490093645 18236
854744462 26322
698379223 26094
296809410 47075
177082848 31523
306567271 12819
986302279 17534
360481884 4006
165100322 41060
557642783 8047
74927048 29293
87005270 22172
916183724 26039
162603137 15105
957889970 10333
921879588 15729
76306932 39201
307436275 48057
397298405 7335
185559711 37039
415503842 24887
356322980 44278
47482983 6031
379282305 43631
861957748 5165
19820203 14696
965775248 5037
601064889 46968
59348956 10335
142555804 42145
554848244 46316
147449108 41698
79570712 20393
434282940 8362
245656382 37017
47596004 45413
834917659 27490
880789018 16720
98499927 8560
921985778 23367
191777978 43134
75507402 34601
66250952 9604
70192657 2432
298950329 28595
116452395 37571
185704046 24013
825564417 30119
407419094 30198
569823712 15824
455904185 15530
298695830 21153
495494207 37860
793045702 43954
113569956 43533
878584969 628
291606787 39467
27849979 27720
905665019 3233
21350020 44031
567909094 45895
646118107 23829
819221275 6844
472900874 3848
843001188 9567
548624917 28651
339643373 26484
237984214 45770
698425155 30480
107011678 1769
320213637 17355
27664093 29128
561455477 7661
750382533 24935
218415909 43064
517893364 18848
348355671 15550
353597020 6263
407670748 6868
747933295 33251
488160300 18473
623048542 9022
123875413 21202
128182386 29331
17923626 36360
553644507 43566
505489133 4517
416533254 8018
219349176 14197
210345929 14652
824235835 18743
916630286 25761
945831821 24265
709877009 20939
342465511 29924
50948716 40730
158242321 463
33808835 36189
481988455 22493
746917645 37024
558250790 23097
767818775 40581
696145867 16080
175398281 10538
865630603 17845
894902015 11896
185741902 30919
961668710 33900
471699200 5736
398740678 31180
447704985 39259
747043162 45445
380824304 35048
799769666 12478
888287486 38685
308452277 39382
38931979 45748
183853181 4723
225460403 25334
305809633 20868
496005687 34814
107804955 17263
260617629 8204
691568284 38069
151963145 1467
144638001 41082
376434120 36998
857960707 33188
158555891 26901
322242638 37748
758532784 36950
866558989 26601
617328306 10033
151674417 43593
396018875 21328
37785555 18598
886479498 24003
187400240 2878
201492431 49269
496165096 12989
106755376 30627
827791752 47418
723196703 9542
608556773 43108
427948166 13906
210042306 18574
704169164 37319
395861683 17596
437516953 3349
857116301 7914
730947644 17011
592558779 20209
818137858 18487
843653476 48369
757913870 38568
86432560 15273
665182622 178
260998306 33823
78196205 28098
70214199 42686
162905873 47637
172393157 10738
836078394 41100
391312767 29005
486434127 47905
52615503 12967
928086066 2098
629943406 40118
889917261 45363
420358804 45538
26951141 19051
429670730 42162
157945223 22571
936767103 8610
251199001 34825
51589780 43714
737684806 12244
537703738 39296
150982138 15736
919288353 27460
169017877 2887
710880995 28847
694770904 88
501225272 47376
807173747 35224
224808716 23609
611326751 27328
581510918 22715
630937633 25298
791886081 13808
515976566 7855
899187526 4030
400084883 26407
78516594 41911
795828169 20621
950675764 48938
544272087 29824
438005576 8865
754093697 13769
81437337 26278
144075026 45665
912390198 20243
380577079 17411
859898018 7521
810873687 32669
174304165 28454
257139744 24869
541903577 14940
345159740 23674
608176545 20165
661646224 271
965656673 31105
668680295 45153
283896480 19749
981568902 5860
76298640 16302
183020912 21227
32279821 42702
111577023 9145
245021832 24225
947569502 28622
998669714 33052
14555518 20883
775451419 14094
55692335 48042
478993834 29201
974227589 2481
127779111 29067
547101457 9683
548805191 5665
282979733 20580
752591614 23876
557733016 33984
795492150 48811
934174823 12856
711359348 47527
883059441 31346
179449438 32901
733420749 11657
129509480 37638
27532466 18705
98019135 28219
484749000 30851
82693497 29599
707095056 560
991566807 35982
26892621 32793
15604152 17632
884807674 20391
85535403 47559
522049438 11977
791859874 34150
267200735 31629
90437462 27453
763547611 3246
792218003 28776
973790213 12671
58188632 48783
11937857 30897
991562750 7145
912629935 7381
6731759 8122
336939468 19539
443835298 28341
933618263 23098
167817603 8458
877425239 10271
138300519 2772
957654233 26672
200112174 36563
117312038 22691
946818420 44709
113452632 30631
26219520 23753
966353247 36637
874786822 12706
480776065 36401
738918153 14468
477787125 38220
332631665 6063
282380110 7335
130707556 29264
409636463 40605
227062977 18708
27068715 48324
283321105 48078
998625819 35751
822085187 25927
235824541 29408
414172785 45556
979663368 14917
508088458 35186
151352848 18088
94718882 11164
72255587 22586
830483010 20423
140063869 15225
56125912 13893
410255444 37579
180123411 2433
295838982 9057
41258176 14205
647993322 27911
284352173 48571
683370865 12357
115756569 24374
927914981 38110
58860272 17779
902086840 17997
841560701 20316
729631314 16730
475839427 41057
888149168 24505
502495304 10159
315019739 19489
988201628 25850
334495465 23836
435054408 36111
509916687 28557
751627812 36003
626528981 10611
660599989 28258
198651967 45932
883208370 46773
925942933 4820
180693797 12096
770576841 15770
82978943 17098
760265166 5419
518972598 39730
428916655 12997
207759962 32018
131655223 14416
70262226 38083
72166538 12868
211532881 28027
75855641 15307
382233812 37583
788739734 3283
123158271 20183
66376466 19371
440885246 20898
773307120 47166
791135355 45346
845057234 37399
460651341 44302
668032427 8959
864595724 40760
796001288 41929
852494328 48386
372398632 38699
25667405 22241
890402457 8451
240604648 37682
693231214 4867
583158407 49049
295600243 28611
561095360 35897
52759707 17669
905177548 23535
845282755 243
711470522 29334
462317281 41685
605586124 43971
914760982 32916
227568926 33136
190565106 44712
736128280 4488
27228737 18655
677493662 38355
137619399 5786
899590451 49284
86642132 41150
974722715 1676
50202263 25436
544535994 34396
872132146 37789
110054706 19169
169064865 4365
577922444 31942
580586853 36494
669347390 20103
459960773 25985
31659182 41627
54764448 43855
600114083 37712
820383485 47177
386982706 34028
355388573 42807
134578615 24064
59518765 39453
122913444 3569
46311968 30339
61016134 8228
430563210 18765
187808878 38536
580795649 34409
177619521 26443
341509239 38629
783204705 28513
352602583 38265
419656476 1688
583579662 9005
715659775 36244
204966401 29859
563918960 4452
831266571 40936
955558838 7932
131478617 31782
679238763 15829
161603098 775
850258203 13952
171007960 28016
108734625 8069
744536098 46944
274995761 30770
866985977 17175
338486033 8242
563323120 49086
61557775 49192
791683081 20290
18795064 47866
889788224 9735
566603521 20821
982310607 22896
232199905 42124
300389572 22042
423795409 39312
127347525 41454
430612010 45916
637571048 34876
200944217 14934
73314742 18631
825623758 5044
812234870 10296
187724390 2756
661804540 45529
78364489 14788
290365903 19212
771619161 27453
758883860 10168
751724099 12974
184277379 10052
355093944 37576
249438710 44517
443271639 28729
922565318 9694
939771124 12539
293240981 36406
646629023 11267
796934905 28759
508278179 30536
970899714 45906
636464562 40663
24683250 186
322431683 15396
101467287 20761
32516490 48824
383476567 45857
564205833 12008
72436844 43207
493121072 18051
954090148 30531
962202137 20310
506226970 14709
595848436 48423
728512616 44975
204148885 18506
410263493 29619
492662369 5519
417452452 20123
174638655 47923
491324303 8933
332221934 46408
119554728 21156
762612244 46789
970424348 20957
811993481 28163
637700148 44283
694332495 18559
202248458 37912
48915846 37087
281693940 18886
548562511 31395
714304103 3375
460270559 29504
763077268 16087
663931833 14284
84149734 18833
720942663 29715
121207847 17427
97414911 28201
95491703 46263
987532200 48350
599636994 5729
621232135 47477
594330867 9830
74391084 14854
334918664 3652
26544587 47498
117697276 19802
451112633 3041
425136500 31582
625175130 10743
998518341 32616
26789262 17913
634707134 33946
24703800 31488
828798830 42696
481838613 5566
728368533 47299
931151678 21276
219911114 35929
471253542 11120
934797107 39240
510638574 24720
710303357 4565
467724138 22968
212740511 4555
111151641 36486
192934985 35472
42580621 6773
239298022 27982
287527729 33525
987446873 10397
293547349 10149
748253494 12292
783330061 41648
821787642 36558
654316050 32410
578905073 4114
824167202 21446
899659952 36041
723967722 32601
378049857 4893
582218794 48236
679121079 16444
619677809 24371
978190118 44876
582386838 48014
425316907 24482
40264141 783
515652061 9333
781358677 19214
258325239 9201
952386924 24265
531401007 6221
217758913 30205
474046990 33147
15866529 46150
421663622 3043
66795982 3767
197578112 26956
437935794 31711
355931779 4451
434464154 5696
668740352 17120
382930510 8826
691684572 49232
283753605 9137
375436980 14999
875317427 25484
959416914 35970
463874115 2431
815958493 29898
163228503 44693
488045720 4384
858860775 48968
303485565 31928
935456746 25859
109749591 4561
450462018 11795
891902125 47497
251326255 38973
400045551 25292
237313446 30360
535803963 22743
856774355 44975
9080292 44921
129377434 35539
225205212 34110
462707551 21645
901390720 47409
780326859 44107
267274829 28018
824777821 45150
710871074 45361
456112474 29289
494581267 1836
853135531 17689
804409831 40298
291830461 38918
2550121 2982
405695303 45252
959203621 19194
138099708 1851
716503717 4453
791354180 23500
233964023 35791
59299446 42123
176639386 46065
348949804 39970
628743819 4109
792633225 45398
987381337 35184
902624722 10314
226384497 10208
454921272 2972
961410250 35267
130273384 37456
192523504 9562
945914580 10410
236298901 9837
523683902 9274
497856121 13599
568479809 16248
24709931 43636
873001246 14045
296202390 3817
266813697 29071
257219519 13923
923040338 39299
358648281 43443
711377251 40287
889833228 5107
502816430 28714
730587107 46116
24188667 43208
125443643 45938
382632378 17948
415495369 11349
8258215 28581
799788795 43763
106008245 15784
217695148 27859
501340286 4860
62702377 28548
7981396 22411
436839557 14188
979961354 13563
88370493 36829
703410428 46256
450635315 18614
435689415 35194
141967270 8744
822088398 33584
473036156 41657
561665046 25964
947571587 3986
155916282 19718
75653344 47377
26546588 38937
143553173 7668
666537532 43099
251088445 39487
669811486 22802
167186416 43048
862125210 38148
714863431 7220
683215840 34956
6308186 10715
112502784 43835
454719345 43646
719358423 18271
835873389 38236
468381649 4030
241163653 36162
787435721 12138
717057542 41113
988166285 38173
618981121 23914
616157655 38731
639481613 781
853265729 35128
470591509 25559
639358792 27354
97197271 33752
832957694 20638
276480949 4949
10321982 3482
510827124 18152
665087213 37234
348569307 35490
119983419 32331
311034528 12050
936836835 35206
869416875 22715
110193103 38787
713900099 22817
866334496 25222
704099009 8046
490383585 27956
89038205 33208
263614629 37785
715121299 16937
704462697 23271
555728970 2032
770725048 27495
702933172 14341
554412911 20930
463381887 25635
914677876 34620
993454511 32511
589224604 17940
157176986 45139
468356460 21957
99408299 11238
807274630 24941
237173345 34021
816436115 41144
61326292 184
118889424 5938
77726679 7239
423648237 14965
240454315 7571
296783921 6337
638744125 40814
918477007 38095
795960882 41582
50210944 35485
565008422 43645
393254453 812
186276724 40079
60930555 25838
263477369 42945
867903445 5685
15300365 24736
584688421 31075
44352933 12766
725538369 39352
799919240 13340
451697682 46029
444181324 7650
248233493 29651
19620526 41913
37785759 48537
932508221 35785
355550823 24495
411955847 30793
262029980 7897
56717345 25813
90821855 18177
245964528 7094
75837128 33505
17092030 20145
601408815 45413
102229081 19608
844467589 28540
223772823 21985
332095832 25231
93667004 45993
324874214 23863
659971886 9944
22642528 17881
106212883 15604
302599803 12755
648064761 34774
349710167 9773
806672945 21851
56740605 38387
29190623 10959
519272239 38931
565400691 30751
370165696 34722
496471470 29333
542263157 34395
560806973 38653
372332670 48343
983795967 27261
200879873 46893
798866519 34995
417846526 4975
810887261 11941
10484059 43725
17062404 47685
334753540 8365
56666956 28781
971655582 21110
509316027 48533
220368364 43799
408457605 40230
173191245 715
48995617 8234
961470120 25329
164216384 9113
37302234 3195
892823480 5571
755126985 34666
727613692 16753
948667148 6253
574997484 1872
742162504 9244
32292214 46824
384688261 18894
541491791 44046
459664530 16346
959217731 26136
360249906 20103
213203379 36203
980991321 464
74727628 38107
869901086 2764
430501638 33829
44958363 20015
27550022 41729
709821896 34449
443239180 32343
98439251 32885
895041628 43026
861261222 17233
826026103 16029
586170759 47762
34027147 23527
575049788 22557
164400438 42906
740955097 27821
476226492 8654
626516790 45229
826553230 14986
714738966 22845
422351460 9226
316498471 38737
318503871 41065
128209766 42075
988790582 9061
181345793 32939
540224533 46215
968648749 11889
622570870 47218
319650356 8380
73785428 6940
211239417 18054
585818186 16408
686124658 27472
194908078 31386
848001415 12945
437290005 26922
956059543 14159
423265036 29399
353106440 9001
713246862 11730
675249658 8453
577981276 33958
121510180 38175
819880789 17851
987126227 15419
389478723 14304
414248846 4477
667545402 37311
457212003 37294
714305463 29732
338397551 16046
915643534 5012
351141612 35006
634055512 39614
725823354 31141
653679940 35010
205241888 40839
